#! FIELDS time d1 d2 d3 d4 rest.bias
 0.000000 3.622261 1.338269 1.407383 1.329695 2.708657
 0.100000 3.725757 1.379411 1.428887 1.380762 0.297338
 0.200000 3.679659 1.310718 1.450975 1.332871 0.185453
 0.300000 3.720185 1.358665 1.437571 1.352031 0.182613
 0.400000 3.722273 1.345003 1.527933 1.329569 0.222352
 0.500000 3.706000 1.331107 1.527353 1.324732 0.016135
 0.600000 3.721668 1.359420 1.488493 1.389911 0.210439
 0.700000 3.730689 1.315090 1.525462 1.323855 0.422123
 0.800000 3.729127 1.355888 1.476149 1.322450 0.380251
 0.900000 3.691632 1.345263 1.434145 1.363460 0.031381
 1.000000 3.703116 1.328972 1.455880 1.348430 0.004352
 1.100000 3.662020 1.369375 1.444100 1.347096 0.646531
 1.200000 3.677656 1.381720 1.385340 1.346275 0.223758
 1.300000 3.688866 1.319220 1.407184 1.366930 0.055564
 1.400000 3.723378 1.359618 1.466539 1.335794 0.244957
 1.500000 3.691519 1.339916 1.442082 1.333187 0.032234
 1.600000 3.706482 1.349565 1.452469 1.361070 0.018829
 1.700000 3.718493 1.326360 1.526007 1.353013 0.153288
 1.800000 3.697858 1.361934 1.471519 1.336950 0.002056
 1.900000 3.723087 1.336823 1.452089 1.338426 0.238892
 2.000000 3.733452 1.337103 1.499577 1.331031 0.501566
 2.100000 3.720378 1.329236 1.475181 1.363599 0.186120
 2.200000 3.676329 1.342370 1.442178 1.334039 0.251126
 2.300000 3.708623 1.386304 1.470579 1.336635 0.033323
 2.400000 3.678175 1.326022 1.449142 1.347135 0.213487
 2.500000 3.694462 1.339033 1.406418 1.361771 0.013744
 2.600000 3.722229 1.361115 1.440506 1.340584 0.221478
 2.700000 3.670401 1.342891 1.455444 1.314211 0.392679
 2.800000 3.722805 1.360670 1.415042 1.406876 0.233099
 2.900000 3.654702 1.320292 1.490708 1.313859 0.919684
 3.000000 3.749674 1.356317 1.519595 1.348890 1.105916
 3.100000 3.726203 1.351974 1.467356 1.325651 0.307737
 3.200000 3.712674 1.304204 1.513398 1.354123 0.071993
 3.300000 3.744582 1.358767 1.487837 1.343107 0.890842
 3.400000 3.667430 1.361326 1.441412 1.317050 0.475461
 3.500000 3.683700 1.367169 1.448301 1.362583 0.119080
 3.600000 3.687876 1.307932 1.433339 1.377839 0.065879
 3.700000 3.692409 1.378985 1.406943 1.327746 0.025826
 3.800000 3.674561 1.352492 1.421626 1.333758 0.290051
 3.900000 3.706450 1.339945 1.420105 1.367699 0.018646
 4.000000 3.665546 1.347605 1.428991 1.364894 0.532050
 4.100000 3.647334 1.367138 1.442769 1.329340 1.243190
 4.200000 3.746745 1.376807 1.463458 1.361380 0.979372
 4.300000 3.709379 1.305389 1.526441 1.327421 0.039427
 4.400000 3.739426 1.330362 1.490751 1.349500 0.696692
 4.500000 3.742592 1.350091 1.499203 1.331095 0.813053
 4.600000 3.688562 1.350071 1.526838 1.318738 0.058640
 4.700000 3.690652 1.327214 1.429838 1.394989 0.039166
 4.800000 3.695846 1.340300 1.462737 1.345565 0.007736
 4.900000 3.673511 1.353615 1.426993 1.327059 0.314498
 5.000000 3.705368 1.373926 1.391310 1.353495 0.012915
 5.100000 3.680745 1.316159 1.447335 1.356443 0.166166
 5.200000 3.692955 1.333713 1.459624 1.365765 0.022246
 5.300000 3.706631 1.376269 1.463075 1.342136 0.019708
 5.400000 3.690639 1.354609 1.497111 1.326002 0.039275
 5.500000 3.743395 1.319810 1.511020 1.374574 0.844027
 5.600000 3.708059 1.342987 1.466735 1.334371 0.029110
 5.700000 3.720292 1.359469 1.459960 1.327947 0.184549
 5.800000 3.711809 1.327168 1.468918 1.352114 0.062506
 5.900000 3.691123 1.332415 1.457699 1.384424 0.035318
 6.000000 3.678440 1.386693 1.454522 1.316052 0.208341
 6.100000 3.696075 1.334473 1.462537 1.346663 0.006905
 6.200000 3.702951 1.345936 1.437588 1.365312 0.003903
 6.300000 3.681873 1.323626 1.406205 1.333451 0.147275
 6.400000 3.715536 1.383630 1.434660 1.335142 0.108188
 6.500000 3.664005 1.339855 1.433803 1.340984 0.580711
 6.600000 3.696368 1.333226 1.415565 1.384377 0.005914
 6.700000 3.673171 1.356113 1.459005 1.345357 0.322624
 6.800000 3.716104 1.353519 1.468955 1.326728 0.116230
 6.900000 3.714226 1.327207 1.447242 1.359350 0.090703
 7.000000 3.713705 1.320541 1.496618 1.359352 0.084182
 7.100000 3.754118 1.365094 1.511324 1.311413 1.312673
 7.200000 3.684621 1.336344 1.478845 1.348654 0.106003
 7.300000 3.727523 1.350080 1.483402 1.366327 0.339508
 7.400000 3.706115 1.331016 1.468497 1.332142 0.016762
 7.500000 3.702850 1.370630 1.444467 1.333243 0.003641
 7.600000 3.696826 1.336340 1.431087 1.355739 0.004515
 7.700000 3.685000 1.343888 1.419790 1.346506 0.100843
 7.800000 3.675663 1.355844 1.416917 1.381911 0.265471
 7.900000 3.662783 1.374361 1.402481 1.312762 0.620793
 8.000000 3.705004 1.334252 1.432709 1.377646 0.011223
 8.100000 3.698673 1.344111 1.464304 1.338125 0.000789
 8.200000 3.717407 1.336155 1.442654 1.344256 0.135813
 8.300000 3.714651 1.357147 1.503022 1.336198 0.096203
 8.400000 3.713413 1.329073 1.508297 1.342379 0.080633
 8.500000 3.713665 1.349951 1.455746 1.346076 0.083697
 8.600000 3.707470 1.339568 1.481181 1.345365 0.025012
 8.700000 3.711032 1.351170 1.466545 1.320768 0.054545
 8.800000 3.706613 1.334814 1.445167 1.361616 0.019603
 8.900000 3.699504 1.335775 1.460467 1.341492 0.000110
 9.000000 3.682712 1.377249 1.440806 1.326050 0.133962
 9.100000 3.688219 1.335427 1.406678 1.379534 0.062212
 9.200000 3.674470 1.338280 1.426812 1.345029 0.292127
 9.300000 3.718447 1.356132 1.466323 1.348050 0.152526
 9.400000 3.700672 1.347406 1.473234 1.329149 0.000202
 9.500000 3.725177 1.333439 1.476385 1.359142 0.284116
 9.600000 3.722198 1.347621 1.498928 1.332356 0.220847
 9.700000 3.683403 1.327549 1.474336 1.338363 0.123463
 9.800000 3.736200 1.384833 1.444477 1.356870 0.587344
 9.900000 3.660885 1.315152 1.471638 1.336647 0.685726
 10.000000 3.714716 1.367122 1.415104 1.370477 0.097066
 10.100000 3.675735 1.332390 1.389611 1.342968 0.263905
 10.200000 3.673253 1.362625 1.446098 1.338505 0.320646
 10.300000 3.713915 1.344247 1.429497 1.371848 0.086787
 10.400000 3.669949 1.313922 1.480801 1.339406 0.404742
 10.500000 3.732289 1.378777 1.479576 1.356001 0.467299
 10.600000 3.697807 1.322940 1.456997 1.325768 0.002156
 10.700000 3.722911 1.345251 1.461765 1.351333 0.235263
 10.800000 3.713623 1.346492 1.469548 1.349123 0.083181
 10.900000 3.721912 1.356482 1.522340 1.305148 0.215196
 11.000000 3.710710 1.346269 1.491391 1.369714 0.051408
 11.100000 3.710190 1.343049 1.459767 1.333825 0.046538
 11.200000 3.705307 1.327732 1.457505 1.350310 0.012621
 11.300000 3.705337 1.395115 1.419547 1.331378 0.012765
 11.400000 3.686535 1.309854 1.432363 1.366785 0.081256
 11.500000 3.678717 1.347871 1.425485 1.382467 0.203014
 11.600000 3.691774 1.367460 1.425518 1.345345 0.030332
 11.700000 3.673521 1.360914 1.432211 1.314229 0.314244
 11.800000 3.715586 1.323268 1.442457 1.408333 0.108873
 11.900000 3.688853 1.339498 1.456737 1.320145 0.055689
 12.000000 3.737230 1.395836 1.458099 1.332505 0.621236
 12.100000 3.686053 1.322056 1.483020 1.335976 0.087183
 12.200000 3.707082 1.326458 1.466227 1.373362 0.022478
 12.300000 3.700519 1.363946 1.446887 1.343072 0.000121
 12.400000 3.696767 1.363222 1.453456 1.315535 0.004686
 12.500000 3.711634 1.348856 1.446536 1.362333 0.060660
 12.600000 3.679630 1.319411 1.457275 1.351002 0.185982
 12.700000 3.724609 1.363037 1.446153 1.358529 0.271430
 12.800000 3.660968 1.362249 1.460264 1.310102 0.682847
 12.900000 3.724308 1.339393 1.453496 1.385428 0.264823
 13.000000 3.675372 1.337172 1.435802 1.323937 0.271855
 13.100000 3.705198 1.348672 1.431192 1.372164 0.012111
 13.200000 3.691070 1.370120 1.443599 1.318518 0.035740
 13.300000 3.682474 1.336677 1.450089 1.351142 0.137668
 13.400000 3.724289 1.364654 1.470101 1.375421 0.264411
 13.500000 3.686626 1.326118 1.498683 1.308153 0.080172
 13.600000 3.743373 1.364351 1.491495 1.350303 0.843174
 13.700000 3.715122 1.310308 1.489265 1.358168 0.102494
 13.800000 3.711972 1.351653 1.501523 1.304370 0.064245
 13.900000 3.707067 1.375214 1.440004 1.361320 0.022387
 14.000000 3.678254 1.319951 1.432182 1.350131 0.211945
 14.100000 3.670704 1.343505 1.434820 1.354208 0.384682
 14.200000 3.728304 1.394496 1.402959 1.352972 0.359071
 14.300000 3.626885 1.303751 1.426605 1.322442 2.395991
 14.400000 3.727780 1.364571 1.435752 1.404359 0.345886
 14.500000 3.698077 1.335829 1.478346 1.317182 0.001658
 14.600000 3.699763 1.338773 1.496547 1.340572 0.000025
 14.700000 3.757365 1.358519 1.491620 1.360806 1.474921
 14.800000 3.683893 1.294290 1.521248 1.322594 0.116280
 14.900000 3.749280 1.405243 1.477722 1.364524 1.088475
 15.000000 3.659206 1.325005 1.443766 1.329385 0.745864
 15.100000 3.693319 1.356954 1.426514 1.356030 0.020004
 15.200000 3.682964 1.350650 1.407620 1.372315 0.130079
 15.300000 3.688308 1.349971 1.424940 1.319492 0.061268
 15.400000 3.705117 1.346501 1.433176 1.356455 0.011733
 15.500000 3.689865 1.329918 1.468559 1.358625 0.046036
 15.600000 3.700794 1.346593 1.453869 1.334358 0.000283
 15.700000 3.702420 1.368587 1.474287 1.340748 0.002626
 15.800000 3.722049 1.333156 1.491993 1.353655 0.217888
 15.900000 3.705263 1.312609 1.473691 1.349932 0.012417
 16.000000 3.749023 1.384202 1.490476 1.338808 1.077159
 16.100000 3.689379 1.329086 1.501125 1.305932 0.050560
 16.200000 3.730403 1.340156 1.445867 1.394688 0.414282
 16.300000 3.669418 1.341195 1.441996 1.340184 0.419171
 16.400000 3.684845 1.361582 1.426852 1.318665 0.102940
 16.500000 3.702775 1.351449 1.414437 1.381835 0.003450
 16.600000 3.675897 1.329872 1.443553 1.333350 0.260386
 16.700000 3.710317 1.352857 1.442636 1.353878 0.047707
 16.800000 3.688316 1.350579 1.440838 1.357948 0.061182
 16.900000 3.681882 1.318957 1.452662 1.348631 0.147125
 17.000000 3.709169 1.379462 1.442625 1.338449 0.037678
 17.100000 3.707645 1.330042 1.463298 1.357737 0.026197
 17.200000 3.691544 1.325999 1.464900 1.339643 0.032045
 17.300000 3.734705 1.369732 1.467771 1.361942 0.539829
 17.400000 3.677145 1.325791 1.480964 1.312892 0.234114
 17.500000 3.721913 1.349796 1.446148 1.388447 0.215208
 17.600000 3.690002 1.354485 1.446842 1.339022 0.044799
 17.700000 3.692601 1.343915 1.433917 1.338225 0.024539
 17.800000 3.691063 1.355466 1.430557 1.364838 0.035801
 17.900000 3.679903 1.333260 1.457454 1.334240 0.181029
 18.000000 3.707322 1.362896 1.439913 1.355333 0.024032
 18.100000 3.682463 1.331722 1.441944 1.363923 0.137845
 18.200000 3.702977 1.337761 1.465971 1.323470 0.003973
 18.300000 3.721619 1.370080 1.455737 1.338816 0.209471
 18.400000 3.711415 1.315377 1.500245 1.365661 0.058406
 18.500000 3.704607 1.332629 1.469509 1.342519 0.009513
 18.600000 3.731463 1.373911 1.455257 1.343106 0.443690
 18.700000 3.664332 1.333003 1.467664 1.326071 0.570193
 18.800000 3.726413 1.350792 1.410262 1.401664 0.312691
 18.900000 3.660021 1.338154 1.443511 1.343706 0.716379
 19.000000 3.691080 1.367640 1.433645 1.345812 0.035662
 19.100000 3.697193 1.369049 1.418847 1.334428 0.003531
 19.200000 3.675533 1.309301 1.449980 1.367129 0.268307
 19.300000 3.709417 1.362410 1.424966 1.354865 0.039748
 19.400000 3.683518 1.351863 1.448359 1.318923 0.121763
 19.500000 3.707946 1.353870 1.468333 1.355150 0.028302
 19.600000 3.718586 1.321542 1.478462 1.370943 0.154821
 19.700000 3.727390 1.348204 1.520128 1.316994 0.336244
 19.800000 3.722100 1.345889 1.497341 1.334710 0.218907
 19.900000 3.746781 1.336625 1.497782 1.352536 0.980865
 20.000000 3.686299 1.321301 1.498010 1.329957 0.084139
 20.100000 3.721768 1.380615 1.436854 1.352260 0.212381
 20.200000 3.674533 1.315297 1.434981 1.364301 0.290682
 20.300000 3.650725 1.350327 1.406684 1.349143 1.088253
 20.400000 3.717148 1.393583 1.401448 1.353082 0.131792
 20.500000 3.652212 1.309440 1.438650 1.341016 1.023569
 20.600000 3.716886 1.351186 1.422816 1.395171 0.127803
 20.700000 3.676271 1.372741 1.447569 1.297705 0.252363
 20.800000 3.704074 1.364790 1.461905 1.338735 0.007440
 20.900000 3.716140 1.322441 1.456376 1.382011 0.116760
 21.000000 3.696093 1.334109 1.487289 1.330635 0.006841
 21.100000 3.736863 1.372483 1.470652 1.339450 0.609034
 21.200000 3.703136 1.327640 1.481159 1.326936 0.004408
 21.300000 3.715514 1.326103 1.483562 1.385053 0.107875
 21.400000 3.721975 1.360017 1.457270 1.332186 0.216433
 21.500000 3.699695 1.343274 1.485287 1.309110 0.000042
 21.600000 3.716091 1.351937 1.463348 1.371771 0.116043
 21.700000 3.702736 1.305644 1.443124 1.358697 0.003355
 21.800000 3.673147 1.364576 1.442552 1.325125 0.323193
 21.900000 3.694743 1.397602 1.387154 1.361527 0.012385
 22.000000 3.654134 1.301687 1.411690 1.353539 0.942880
 22.100000 3.695499 1.352825 1.420421 1.383913 0.009081
 22.200000 3.697848 1.381158 1.426739 1.337301 0.002076
 22.300000 3.685924 1.327149 1.457199 1.317345 0.088809
 22.400000 3.745949 1.364359 1.467711 1.377292 0.946282
 22.500000 3.674130 1.301139 1.502783 1.328817 0.299950
 22.600000 3.749438 1.369006 1.487747 1.352515 1.095472
 22.700000 3.703145 1.371706 1.480291 1.334283 0.004433
 22.800000 3.708795 1.301610 1.480958 1.354101 0.034671
 22.900000 3.723857 1.354698 1.449718 1.348700 0.255085
 23.000000 3.705030 1.353310 1.476975 1.340326 0.011339
 23.100000 3.698010 1.348054 1.443791 1.326973 0.001775
 23.200000 3.688438 1.338332 1.433008 1.384030 0.059918
 23.300000 3.701113 1.371021 1.450664 1.334453 0.000555
 23.400000 3.670397 1.319443 1.431361 1.334186 0.392779
 23.500000 3.728299 1.375251 1.413037 1.388476 0.358938
 23.600000 3.654804 1.317105 1.439508 1.322120 0.915529
 23.700000 3.713629 1.400034 1.420834 1.339640 0.083247
 23.800000 3.695053 1.340460 1.435415 1.379027 0.010970
 23.900000 3.684919 1.301398 1.480608 1.345935 0.101939
 24.000000 3.733135 1.373970 1.462831 1.354484 0.492084
 24.100000 3.706121 1.361411 1.477897 1.299470 0.016791
 24.200000 3.721975 1.310584 1.490646 1.362273 0.216437
 24.300000 3.731970 1.329928 1.455516 1.396482 0.458106
 24.400000 3.679697 1.351246 1.461715 1.319814 0.184762
 24.500000 3.680672 1.394781 1.418837 1.322032 0.167432
 24.600000 3.704692 1.334946 1.420068 1.383272 0.009869
 24.700000 3.669132 1.316426 1.421970 1.357328 0.427065
 24.800000 3.724190 1.383505 1.458590 1.345273 0.262269
 24.900000 3.690592 1.333520 1.491022 1.314551 0.039666
 25.000000 3.739982 1.370378 1.477617 1.344278 0.716466
 25.100000 3.687431 1.321164 1.475673 1.361324 0.070806
 25.200000 3.712345 1.330571 1.462739 1.350041 0.068310
 25.300000 3.712934 1.383722 1.444745 1.326413 0.074980
 25.400000 3.668705 1.338822 1.445915 1.337501 0.438954
 25.500000 3.713115 1.330258 1.423709 1.390063 0.077096
 25.600000 3.692017 1.355254 1.468634 1.335266 0.028563
 25.700000 3.689442 1.351986 1.452184 1.343195 0.049960
 25.800000 3.708713 1.355739 1.426794 1.338536 0.034022
 25.900000 3.682230 1.329236 1.449681 1.354721 0.141522
 26.000000 3.677936 1.361328 1.413539 1.352686 0.218190
 26.100000 3.715932 1.355751 1.411042 1.349197 0.113761
 26.200000 3.662040 1.322823 1.463620 1.335382 0.645831
 26.300000 3.746668 1.367595 1.461929 1.360796 0.976134
 26.400000 3.689240 1.327871 1.480681 1.317877 0.051890
 26.500000 3.722511 1.338466 1.503483 1.380934 0.227125
 26.600000 3.719704 1.368009 1.468246 1.311614 0.174008
 26.700000 3.703251 1.343538 1.461392 1.326946 0.004738
 26.800000 3.715936 1.334043 1.467191 1.370971 0.113816
 26.900000 3.697820 1.338083 1.440706 1.338516 0.002130
 27.000000 3.688058 1.370959 1.450475 1.340368 0.063917
 27.100000 3.695913 1.350509 1.455313 1.341312 0.007486
 27.200000 3.706751 1.349586 1.424283 1.357624 0.020428
 27.300000 3.656162 1.339801 1.415162 1.347307 0.861329
 27.400000 3.708203 1.362898 1.397432 1.352509 0.030157
 27.500000 3.668118 1.346782 1.446892 1.336070 0.455569
 27.600000 3.711756 1.345305 1.460269 1.361135 0.061948
 27.700000 3.697208 1.342624 1.455485 1.336766 0.003493
 27.800000 3.725281 1.344836 1.501832 1.340914 0.286466
 27.900000 3.721427 1.334676 1.490231 1.341689 0.205767
 28.000000 3.723349 1.344545 1.480616 1.344486 0.244351
 28.100000 3.713626 1.337192 1.501049 1.343339 0.083215
 28.200000 3.713326 1.348310 1.470389 1.339033 0.079588
 28.300000 3.706355 1.342898 1.474809 1.336026 0.018103
 28.400000 3.702951 1.338267 1.457997 1.360509 0.003903
 28.500000 3.701143 1.374787 1.404719 1.355996 0.000585
 28.600000 3.623622 1.334589 1.417668 1.326003 2.614633
 28.700000 3.714855 1.387112 1.401688 1.374473 0.098901
 28.800000 3.658722 1.312465 1.426865 1.339874 0.763675
 28.900000 3.714834 1.361003 1.440641 1.360587 0.098624
 29.000000 3.703149 1.362323 1.447526 1.315691 0.004443
 29.100000 3.697673 1.315895 1.476686 1.355658 0.002426
 29.200000 3.715354 1.357919 1.459452 1.385141 0.105666
 29.300000 3.683056 1.347236 1.466007 1.294301 0.128677
 29.400000 3.726438 1.360271 1.480310 1.358673 0.313266
 29.500000 3.702621 1.322293 1.459710 1.358849 0.003079
 29.600000 3.710250 1.327196 1.455294 1.320274 0.047090
 29.700000 3.708209 1.386500 1.442983 1.358592 0.030200
 29.800000 3.669217 1.329704 1.434811 1.326806 0.424698
 29.900000 3.699235 1.338584 1.431762 1.364989 0.000262
 30.000000 3.703908 1.364817 1.449736 1.346629 0.006847
 30.100000 3.684724 1.332141 1.458094 1.316821 0.104584
 30.200000 3.748085 1.354291 1.463073 1.377985 1.036323
 30.300000 3.694200 1.322899 1.488776 1.335885 0.015075
 30.400000 3.722633 1.366199 1.480185 1.312831 0.229598
 30.500000 3.710688 1.346451 1.460990 1.374715 0.051203
 30.600000 3.685492 1.326444 1.471823 1.345459 0.094341
 30.700000 3.717345 1.361257 1.444764 1.329311 0.134833
 30.800000 3.692212 1.347486 1.433055 1.348002 0.027181
 30.900000 3.714002 1.320309 1.446267 1.369435 0.087877
 31.000000 3.670573 1.350922 1.427258 1.329137 0.388115
 31.100000 3.697356 1.400785 1.425693 1.354103 0.003134
 31.200000 3.671065 1.305861 1.439311 1.339266 0.375254
 31.300000 3.713552 1.349247 1.427694 1.378658 0.082311
 31.400000 3.705353 1.358216 1.445894 1.316589 0.012842
 31.500000 3.693267 1.349935 1.439353 1.320745 0.020318
 31.600000 3.723133 1.340545 1.476013 1.415656 0.239858
 31.700000 3.653149 1.315404 1.480338 1.325486 0.983793
 31.800000 3.740191 1.389723 1.463290 1.363782 0.723997
 31.900000 3.699065 1.331600 1.486504 1.312005 0.000392
 32.000000 3.729065 1.325022 1.453107 1.365382 0.378636
 32.100000 3.710165 1.340343 1.469728 1.355905 0.046311
 32.200000 3.695277 1.356884 1.458816 1.318063 0.009996
 32.300000 3.687362 1.380897 1.416064 1.359406 0.071585
 32.400000 3.666238 1.310161 1.438294 1.377307 0.510877
 32.500000 3.701573 1.354014 1.411387 1.337291 0.001109
 32.600000 3.704794 1.367590 1.424351 1.343563 0.010302
 32.700000 3.689418 1.322903 1.463088 1.331644 0.050186
 32.800000 3.717709 1.352928 1.458208 1.359699 0.140562
 32.900000 3.709857 1.353945 1.498369 1.338095 0.043551
 33.000000 3.698901 1.325222 1.496837 1.339906 0.000541
 33.100000 3.757248 1.362536 1.469777 1.350462 1.468911
 33.200000 3.690947 1.324804 1.474096 1.325488 0.036734
 33.300000 3.711310 1.355587 1.448415 1.352240 0.057337
 33.400000 3.699764 1.335675 1.425914 1.355706 0.000025
 33.500000 3.652208 1.358568 1.429142 1.336827 1.023723
 33.600000 3.694207 1.365180 1.403001 1.369081 0.015042
 33.700000 3.683047 1.316547 1.428994 1.357442 0.128822
 33.800000 3.719381 1.375102 1.441477 1.336680 0.168351
 33.900000 3.691587 1.348826 1.433854 1.327563 0.031727
 34.000000 3.715817 1.324245 1.460678 1.377213 0.112129
 34.100000 3.673252 1.342472 1.446479 1.350259 0.320676
 34.200000 3.710177 1.379081 1.455483 1.328182 0.046418
 34.300000 3.688631 1.336413 1.488239 1.327711 0.057928
 34.400000 3.738393 1.345340 1.467694 1.374310 0.660657
 34.500000 3.711900 1.322291 1.504156 1.315890 0.063472
 34.600000 3.725502 1.356613 1.476189 1.342113 0.291495
 34.700000 3.736599 1.352298 1.482247 1.351284 0.600344
 34.800000 3.657907 1.326601 1.479462 1.320705 0.794112
 34.900000 3.733516 1.384465 1.437192 1.399043 0.503488
 35.000000 3.667906 1.324160 1.460585 1.327441 0.461649
 35.100000 3.695047 1.350959 1.424724 1.364052 0.010996
 35.200000 3.697054 1.369378 1.412119 1.351038 0.003889
 35.300000 3.676888 1.326074 1.426636 1.327001 0.239414
 35.400000 3.694219 1.372897 1.411344 1.373802 0.014978
 35.500000 3.700897 1.326904 1.472325 1.351401 0.000361
 35.600000 3.689867 1.328392 1.479909 1.331470 0.046020
 35.700000 3.743171 1.382646 1.476077 1.347505 0.835340
 35.800000 3.697985 1.304993 1.493459 1.319367 0.001821
 35.900000 3.733344 1.346201 1.458924 1.373400 0.498323
 36.000000 3.724756 1.362804 1.451955 1.341169 0.274685
 36.100000 3.645917 1.349472 1.458040 1.301519 1.310973
 36.200000 3.720595 1.377831 1.425621 1.401232 0.190100
 36.300000 3.663721 1.301542 1.448828 1.345670 0.589912
 36.400000 3.715483 1.389288 1.433527 1.336166 0.107447
 36.500000 3.716498 1.357699 1.437969 1.323090 0.121993
 36.600000 3.690819 1.286436 1.453264 1.377962 0.037778
 36.700000 3.719901 1.373940 1.442073 1.375247 0.177517
 36.800000 3.660133 1.340718 1.473519 1.303129 0.712363
 36.900000 3.715434 1.384916 1.442531 1.358629 0.106770
 37.000000 3.695708 1.318124 1.439567 1.364382 0.008257
 37.100000 3.698580 1.321111 1.450341 1.343122 0.000903
 37.200000 3.738025 1.396404 1.431103 1.349519 0.648039
 37.300000 3.676626 1.316202 1.503531 1.305850 0.244867
 37.400000 3.721217 1.351928 1.468574 1.387147 0.201766
 37.500000 3.712878 1.346199 1.466169 1.340308 0.074331
 37.600000 3.684454 1.323349 1.475723 1.333169 0.108323
 37.700000 3.721414 1.379283 1.418940 1.360983 0.205521
 37.800000 3.689547 1.326246 1.440843 1.341043 0.048969
 37.900000 3.662606 1.347813 1.421229 1.356786 0.626711
 38.000000 3.721224 1.361307 1.410067 1.385859 0.201901
 38.100000 3.662806 1.331751 1.473120 1.310578 0.620021
 38.200000 3.716813 1.369836 1.448170 1.360253 0.126700
 38.300000 3.713503 1.336927 1.470273 1.361717 0.081726
 38.400000 3.688657 1.309384 1.486369 1.335684 0.057667
 38.500000 3.754807 1.404082 1.442702 1.345396 1.346322
 38.600000 3.676826 1.311095 1.483494 1.318260 0.240697
 38.700000 3.706957 1.318579 1.449846 1.394127 0.021696
 38.800000 3.722319 1.382972 1.460503 1.350449 0.223275
 38.900000 3.663064 1.325000 1.480255 1.303016 0.611466
 39.000000 3.735127 1.375591 1.418738 1.384992 0.553025
 39.100000 3.685808 1.316432 1.437530 1.334403 0.090278
 39.200000 3.677185 1.343460 1.414990 1.336740 0.233306
 39.300000 3.740526 1.390016 1.417144 1.397247 0.736092
 39.400000 3.623761 1.299707 1.477611 1.292283 2.605090
 39.500000 3.730484 1.391219 1.442730 1.368099 0.416492
 39.600000 3.720840 1.337164 1.470292 1.361386 0.194652
 39.700000 3.675380 1.298921 1.477597 1.327462 0.271681
 39.800000 3.770992 1.416358 1.450873 1.352131 2.258893
 39.900000 3.657635 1.298699 1.483012 1.307367 0.804425
 40.000000 3.743246 1.331679 1.468145 1.403267 0.838235
 40.100000 3.700092 1.355085 1.471580 1.334880 0.000004
 40.200000 3.687323 1.357069 1.479628 1.309792 0.072028
 40.300000 3.729461 1.350036 1.456145 1.373670 0.389012
 40.400000 3.691077 1.307050 1.455579 1.356017 0.035687
 40.500000 3.693272 1.372405 1.425644 1.330875 0.020285
 40.600000 3.701055 1.372209 1.393868 1.349968 0.000498
 40.700000 3.650059 1.318411 1.416344 1.365426 1.117876
 40.800000 3.690865 1.359116 1.414422 1.383358 0.037403
 40.900000 3.696015 1.371694 1.439934 1.333771 0.007119
 41.000000 3.672334 1.321765 1.464708 1.342052 0.343052
 41.100000 3.765064 1.374227 1.462481 1.356752 1.897348
 41.200000 3.682357 1.303262 1.485115 1.314445 0.139510
 41.300000 3.746690 1.361213 1.482380 1.362212 0.977063
 41.400000 3.705878 1.342486 1.486239 1.345870 0.015486
 41.500000 3.673483 1.350083 1.482589 1.333853 0.315150
 41.600000 3.724213 1.356142 1.447407 1.370229 0.262760
 41.700000 3.687505 1.330694 1.443631 1.333374 0.069973
 41.800000 3.706050 1.346044 1.426894 1.349148 0.016403
 41.900000 3.709992 1.381236 1.415564 1.336322 0.044752
 42.000000 3.670629 1.299356 1.462192 1.365903 0.386653
 42.100000 3.710622 1.374583 1.455763 1.364310 0.050570
 42.200000 3.695814 1.368066 1.457176 1.319710 0.007853
 42.300000 3.699282 1.335423 1.462775 1.346369 0.000231
 42.400000 3.731700 1.331434 1.437271 1.386079 0.450402
 42.500000 3.674859 1.342982 1.430586 1.318104 0.283296
 42.600000 3.722093 1.397366 1.458842 1.333268 0.218775
 42.700000 3.710299 1.335243 1.492182 1.349605 0.047538
 42.800000 3.697486 1.309224 1.494705 1.353864 0.002833
 42.900000 3.738966 1.370382 1.479707 1.351998 0.680522
 43.000000 3.684902 1.335268 1.461726 1.313018 0.102162
 43.100000 3.716018 1.368341 1.421703 1.360117 0.114995
 43.200000 3.659296 1.344421 1.405756 1.379469 0.742598
 43.300000 3.665186 1.337678 1.407507 1.356037 0.543221
 43.400000 3.697897 1.388077 1.401307 1.345972 0.001982
 43.500000 3.666336 1.354209 1.440364 1.334960 0.507933
 43.600000 3.710465 1.315958 1.452821 1.357047 0.049087
 43.700000 3.718950 1.364923 1.462801 1.354733 0.160949
 43.800000 3.689569 1.350413 1.483833 1.301455 0.048762
 43.900000 3.737800 1.327739 1.467612 1.368849 0.640394
 44.000000 3.730731 1.351376 1.491215 1.366222 0.423269
 44.100000 3.682285 1.327925 1.500352 1.284865 0.140658
 44.200000 3.759027 1.391493 1.461352 1.387347 1.561616
 44.300000 3.678501 1.307566 1.499925 1.344704 0.207153
 44.400000 3.719491 1.357562 1.462351 1.327312 0.170278
 44.500000 3.714257 1.380821 1.441544 1.358831 0.091100
 44.600000 3.655091 1.291616 1.462521 1.332941 0.903943
 44.700000 3.725704 1.376326 1.407652 1.391488 0.296121
 44.800000 3.638685 1.371932 1.432591 1.307927 1.685011
 44.900000 3.719151 1.343667 1.419455 1.365351 0.164377
 45.000000 3.692243 1.326686 1.411934 1.369492 0.026966
 45.100000 3.679085 1.351062 1.446263 1.330173 0.196062
 45.200000 3.721092 1.384523 1.439288 1.329861 0.199389
 45.300000 3.674722 1.313535 1.501172 1.355984 0.286382
 45.400000 3.733158 1.353147 1.514272 1.369354 0.492762
 45.500000 3.722000 1.346052 1.478713 1.317972 0.216936
 45.600000 3.731046 1.331077 1.510000 1.328993 0.432012
 45.700000 3.715779 1.342688 1.459602 1.355485 0.111588
 45.800000 3.694437 1.348188 1.437576 1.340941 0.013869
 45.900000 3.682002 1.346114 1.447934 1.351072 0.145185
 46.000000 3.680597 1.358049 1.401018 1.352390 0.168741
 46.100000 3.667394 1.365115 1.407590 1.336234 0.476500
 46.200000 3.697359 1.342942 1.429997 1.351187 0.003127
 46.300000 3.699001 1.336104 1.449105 1.356431 0.000447
 46.400000 3.702498 1.357117 1.453859 1.335157 0.002797
 46.500000 3.711137 1.361387 1.462219 1.343428 0.055592
 46.600000 3.691256 1.316162 1.465981 1.356301 0.034266
 46.700000 3.724800 1.357751 1.456425 1.355857 0.275652
 46.800000 3.698097 1.368796 1.469069 1.318089 0.001622
 46.900000 3.714319 1.322123 1.488360 1.342962 0.091895
 47.000000 3.722573 1.354739 1.468220 1.377777 0.228373
 47.100000 3.701339 1.352599 1.484274 1.300451 0.000803
 47.200000 3.727072 1.334648 1.469989 1.356883 0.328484
 47.300000 3.698627 1.351756 1.444691 1.373405 0.000845
 47.400000 3.672727 1.346764 1.434352 1.301321 0.333388
 47.500000 3.700785 1.378200 1.412124 1.379045 0.000276
 47.600000 3.671244 1.313627 1.415230 1.365077 0.370627
 47.700000 3.693140 1.356436 1.423238 1.327970 0.021095
 47.800000 3.721028 1.380761 1.444159 1.357973 0.198183
 47.900000 3.659732 1.292813 1.476213 1.323782 0.726749
 48.000000 3.762852 1.374967 1.463328 1.408920 1.770555
 48.100000 3.679409 1.347570 1.515311 1.274147 0.190039
 48.200000 3.741043 1.347219 1.485373 1.343667 0.754993
 48.300000 3.726264 1.325111 1.472579 1.390054 0.309162
 48.400000 3.678037 1.332965 1.487524 1.290220 0.216207
 48.500000 3.742192 1.417249 1.432812 1.372333 0.797873
 48.600000 3.625297 1.297180 1.428694 1.350095 2.501205
 48.700000 3.721759 1.348169 1.422475 1.357286 0.212196
 48.800000 3.698193 1.385022 1.405670 1.337201 0.001463
 48.900000 3.660472 1.324760 1.439908 1.333647 0.700289
 49.000000 3.717269 1.338476 1.436177 1.382979 0.133664
 49.100000 3.689513 1.359087 1.474376 1.324288 0.049294
 49.200000 3.721241 1.359226 1.480386 1.319271 0.202221
 49.300000 3.720472 1.312299 1.471685 1.368235 0.187843
 49.400000 3.726143 1.324142 1.511198 1.370197 0.306335
 49.500000 3.708893 1.391880 1.482397 1.283515 0.035448
 49.600000 3.712401 1.345528 1.467402 1.369642 0.068927
 49.700000 3.701245 1.307778 1.469948 1.368856 0.000695
 49.800000 3.704026 1.361806 1.431955 1.322159 0.007264
 49.900000 3.684545 1.379998 1.425125 1.332244 0.107056
 50.000000 3.691264 1.312578 1.417366 1.374423 0.034208
