#! FIELDS time d1 d2 d3 d4 rest.bias
 0.000000 2.362163 1.328663 1.422165 1.338471 11.786185
 0.100000 2.254331 1.372820 1.413990 1.349677 1.323000
 0.200000 2.259793 1.368633 1.404524 1.335170 1.602422
 0.300000 2.258286 1.379833 1.385898 1.406681 1.522655
 0.400000 2.310306 1.317677 1.440704 1.353107 5.453392
 0.500000 2.257071 1.370930 1.417175 1.379208 1.459807
 0.600000 2.265467 1.429580 1.393762 1.353691 1.920954
 0.700000 2.299319 1.346174 1.427490 1.316395 4.421161
 0.800000 2.304416 1.337858 1.422191 1.373813 4.886557
 0.900000 2.239173 1.375545 1.418939 1.425914 0.687763
 1.000000 2.268604 1.364282 1.455533 1.330080 2.109458
 1.100000 2.280633 1.392434 1.421272 1.357218 2.914024
 1.200000 2.277122 1.375629 1.423514 1.357430 2.665812
 1.300000 2.254544 1.327639 1.417974 1.359507 1.333403
 1.400000 2.239583 1.370735 1.411849 1.422420 0.702246
 1.500000 2.333187 1.357061 1.409628 1.354562 7.950530
 1.600000 2.250757 1.394246 1.425080 1.377422 1.154698
 1.700000 2.279451 1.343025 1.434511 1.301886 2.829279
 1.800000 2.268929 1.405180 1.392931 1.395958 2.129492
 1.900000 2.309038 1.329966 1.405480 1.330352 5.328779
 2.000000 2.235283 1.350201 1.414811 1.431406 0.557968
 2.100000 2.261951 1.390787 1.353914 1.386235 1.720154
 2.200000 2.260549 1.367590 1.413168 1.361932 1.643204
 2.300000 2.276986 1.367034 1.408725 1.310988 2.656412
 2.400000 2.293107 1.381391 1.431058 1.399422 3.885400
 2.500000 2.268122 1.312211 1.449271 1.361449 2.079927
 2.600000 2.235834 1.405173 1.460622 1.379331 0.575509
 2.700000 2.330934 1.386832 1.458109 1.360434 7.683860
 2.800000 2.243977 1.397337 1.422082 1.406960 0.866804
 2.900000 2.283448 1.308573 1.430507 1.342274 3.121060
 3.000000 2.294701 1.368537 1.389225 1.394783 4.019623
 3.100000 2.238325 1.391532 1.383512 1.364263 0.658329
 3.200000 2.235307 1.321898 1.458423 1.319101 0.558718
 3.300000 2.251732 1.409872 1.414285 1.427662 1.199454
 3.400000 2.244477 1.414711 1.417686 1.338331 0.886646
 3.500000 2.265668 1.374572 1.407666 1.360992 1.932789
 3.600000 2.267853 1.358357 1.422873 1.377125 2.063516
 3.700000 2.302038 1.324167 1.434711 1.409831 4.666519
 3.800000 2.302927 1.350949 1.439015 1.347924 4.748208
 3.900000 2.237276 1.404853 1.410780 1.346163 0.622780
 4.000000 2.239028 1.421225 1.401002 1.358096 0.682694
 4.100000 2.281350 1.355298 1.403310 1.349847 2.966102
 4.200000 2.331831 1.292283 1.437211 1.345498 7.789400
 4.300000 2.259535 1.369639 1.413816 1.428365 1.588627
 4.400000 2.285682 1.401925 1.463629 1.325403 3.290416
 4.500000 2.202290 1.362721 1.486917 1.305466 0.002351
 4.600000 2.259189 1.359797 1.415098 1.392711 1.570203
 4.700000 2.266736 1.386162 1.370148 1.438560 1.996134
 4.800000 2.261393 1.347914 1.414659 1.331024 1.689310
 4.900000 2.284227 1.333382 1.426688 1.315300 3.179632
 5.000000 2.259817 1.395962 1.425923 1.425737 1.603683
 5.100000 2.238090 1.398738 1.442297 1.415229 0.650277
 5.200000 2.274405 1.362684 1.474897 1.309854 2.481273
 5.300000 2.324564 1.352119 1.453372 1.323462 6.954403
 5.400000 2.257504 1.390427 1.382760 1.435996 1.482081
 5.500000 2.255889 1.332277 1.405663 1.364207 1.399969
 5.600000 2.211232 1.350305 1.389925 1.353098 0.056548
 5.700000 2.337673 1.442383 1.387136 1.343450 8.495102
 5.800000 2.293415 1.383357 1.425617 1.348160 3.911170
 5.900000 2.236202 1.302791 1.493265 1.366134 0.587413
 6.000000 2.296623 1.386457 1.415760 1.416378 4.184380
 6.100000 2.254492 1.406936 1.417863 1.404382 1.330873
 6.200000 2.280822 1.354604 1.421818 1.286775 2.927736
 6.300000 2.299003 1.385703 1.387649 1.364473 4.393107
 6.400000 2.234931 1.359500 1.422621 1.367359 0.546867
 6.500000 2.246967 1.340803 1.418468 1.373010 0.988685
 6.600000 2.274495 1.363216 1.422388 1.383137 2.487275
 6.700000 2.246871 1.352778 1.419320 1.369810 0.984635
 6.800000 2.287483 1.397148 1.447820 1.355389 3.430227
 6.900000 2.259149 1.422492 1.466298 1.366892 1.568053
 7.000000 2.291303 1.324115 1.469598 1.347620 3.736309
 7.100000 2.303830 1.319153 1.425518 1.365155 4.831917
 7.200000 2.279946 1.362047 1.403808 1.353774 2.864644
 7.300000 2.264223 1.390019 1.404084 1.340317 1.848653
 7.400000 2.211784 1.387134 1.442553 1.361438 0.062240
 7.500000 2.347361 1.362911 1.419022 1.399686 9.732824
 7.600000 2.257095 1.371781 1.436869 1.369340 1.461050
 7.700000 2.263757 1.365703 1.512051 1.349238 1.821915
 7.800000 2.310519 1.385236 1.457141 1.367177 5.474537
 7.900000 2.274157 1.344723 1.412415 1.339227 2.464786
 8.000000 2.260524 1.332758 1.352476 1.352892 1.641819
 8.100000 2.231581 1.409572 1.330131 1.425440 0.447007
 8.200000 2.304370 1.313341 1.433700 1.322457 4.882328
 8.300000 2.320848 1.390646 1.458643 1.351475 6.545660
 8.400000 2.237465 1.393933 1.454897 1.376880 0.629107
 8.500000 2.271135 1.362152 1.498774 1.373809 2.267956
 8.600000 2.290045 1.341325 1.464366 1.366840 3.634053
 8.700000 2.256238 1.346910 1.442347 1.342016 1.417505
 8.800000 2.301421 1.358645 1.373605 1.351537 4.610292
 8.900000 2.247537 1.393133 1.380624 1.364225 1.012808
 9.000000 2.258705 1.339360 1.402487 1.342414 1.544641
 9.100000 2.275359 1.377607 1.434006 1.398205 2.545288
 9.200000 2.266096 1.402813 1.445707 1.410791 1.958034
 9.300000 2.252100 1.354728 1.510672 1.330127 1.216608
 9.400000 2.312395 1.376196 1.460679 1.363986 5.661966
 9.500000 2.307823 1.372501 1.412812 1.352138 5.210676
 9.600000 2.214632 1.345672 1.378717 1.361831 0.095958
 9.700000 2.282059 1.381752 1.362856 1.377676 3.018032
 9.800000 2.269330 1.345347 1.387923 1.371398 2.154360
 9.900000 2.265525 1.344741 1.459144 1.343015 1.924381
 10.000000 2.305594 1.381065 1.463295 1.340737 4.997468
 10.100000 2.317821 1.377156 1.464939 1.370175 6.221784
 10.200000 2.277422 1.346497 1.441584 1.370962 2.686567
 10.300000 2.296715 1.351052 1.424178 1.347552 4.192379
 10.400000 2.305295 1.374533 1.409961 1.334146 4.969190
 10.500000 2.280739 1.331975 1.426751 1.369197 2.921755
 10.600000 2.272823 1.338460 1.443961 1.364281 2.376870
 10.700000 2.261283 1.392040 1.402955 1.421718 1.683247
 10.800000 2.292388 1.340321 1.428229 1.311545 3.825612
 10.900000 2.302338 1.357171 1.432687 1.355959 4.694040
 11.000000 2.272340 1.349216 1.426621 1.383026 2.345474
 11.100000 2.254602 1.381402 1.428600 1.391159 1.336268
 11.200000 2.257019 1.400503 1.428033 1.446619 1.457160
 11.300000 2.296716 1.319639 1.474748 1.298934 4.192445
 11.400000 2.248714 1.403851 1.402862 1.372888 1.063582
 11.500000 2.282502 1.367282 1.365589 1.394692 3.050723
 11.600000 2.205770 1.341423 1.397697 1.349773 0.014922
 11.700000 2.317593 1.366328 1.400052 1.349612 6.197807
 11.800000 2.306577 1.378722 1.422982 1.345369 5.090920
 11.900000 2.230615 1.328980 1.486314 1.382837 0.420089
 12.000000 2.285933 1.377046 1.455346 1.399347 3.309757
 12.100000 2.295685 1.395636 1.445865 1.348522 4.103528
 12.200000 2.279690 1.342897 1.415968 1.309438 2.846264
 12.300000 2.283615 1.337929 1.402600 1.376699 3.133556
 12.400000 2.265134 1.388228 1.364922 1.404127 1.901445
 12.500000 2.259348 1.337312 1.401597 1.351085 1.578620
 12.600000 2.282088 1.378926 1.424857 1.342897 3.020155
 12.700000 2.251450 1.364093 1.435676 1.388062 1.186415
 12.800000 2.281260 1.387451 1.444849 1.370837 2.959516
 12.900000 2.264478 1.361079 1.456380 1.316724 1.863375
 13.000000 2.282600 1.397199 1.414812 1.358695 3.057942
 13.100000 2.262487 1.364693 1.382759 1.370266 1.750041
 13.200000 2.270507 1.340051 1.392878 1.391272 2.228133
 13.300000 2.283320 1.337683 1.406938 1.339147 3.111532
 13.400000 2.287172 1.390153 1.425162 1.372603 3.405817
 13.500000 2.235017 1.371226 1.478497 1.365758 0.549589
 13.600000 2.287416 1.336957 1.474243 1.369585 3.424943
 13.700000 2.266098 1.393230 1.434004 1.396948 1.958163
 13.800000 2.323284 1.346978 1.402867 1.315434 6.812143
 13.900000 2.243179 1.379824 1.396955 1.360921 0.835626
 14.000000 2.301758 1.330772 1.386241 1.327963 4.640979
 14.100000 2.253848 1.386021 1.403586 1.441556 1.299594
 14.200000 2.343971 1.325529 1.452014 1.336791 9.290176
 14.300000 2.220460 1.388153 1.460463 1.407070 0.187625
 14.400000 2.283259 1.366136 1.456409 1.331616 3.106978
 14.500000 2.245579 1.390754 1.386934 1.396768 0.931127
 14.600000 2.311761 1.345453 1.439564 1.352025 5.598289
 14.700000 2.263824 1.373264 1.439477 1.342955 1.825725
 14.800000 2.197597 1.404880 1.389633 1.408064 0.002588
 14.900000 2.319158 1.316207 1.422810 1.383548 6.363773
 15.000000 2.258852 1.382235 1.413647 1.396982 1.552345
 15.100000 2.287489 1.378472 1.442645 1.333309 3.430661
 15.200000 2.291047 1.394337 1.442364 1.337840 3.715403
 15.300000 2.320488 1.327435 1.426609 1.351075 6.506723
 15.400000 2.233968 1.363200 1.405511 1.404993 0.517153
 15.500000 2.257756 1.372037 1.410566 1.378118 1.495091
 15.600000 2.314745 1.356171 1.434527 1.317312 5.901198
 15.700000 2.286760 1.348543 1.428973 1.348561 3.373717
 15.800000 2.257185 1.392598 1.411062 1.372576 1.465645
 15.900000 2.255890 1.356531 1.412412 1.398560 1.400032
 16.000000 2.292267 1.341908 1.432158 1.354206 3.815576
 16.100000 2.299037 1.343828 1.451825 1.326157 4.396088
 16.200000 2.275453 1.395301 1.421886 1.365588 2.551689
 16.300000 2.239480 1.363165 1.414460 1.359485 0.698585
 16.400000 2.287374 1.339353 1.410877 1.382631 3.421651
 16.500000 2.275439 1.360354 1.410363 1.383655 2.550718
 16.600000 2.327060 1.306463 1.431471 1.329284 7.235840
 16.700000 2.236735 1.454595 1.398319 1.382206 0.604835
 16.800000 2.292080 1.391460 1.459194 1.340659 3.800128
 16.900000 2.237721 1.375880 1.433155 1.366362 0.637733
 17.000000 2.313135 1.331133 1.425602 1.365937 5.736784
 17.100000 2.288140 1.375406 1.427468 1.357462 3.481883
 17.200000 2.230649 1.371933 1.445305 1.382209 0.421020
 17.300000 2.309944 1.370985 1.463976 1.333359 5.417693
 17.400000 2.287063 1.368846 1.394087 1.380238 3.397374
 17.500000 2.262409 1.338795 1.407121 1.323469 1.745680
 17.600000 2.290579 1.374053 1.387547 1.369154 3.677266
 17.700000 2.278719 1.344422 1.434343 1.363060 2.777368
 17.800000 2.268364 1.324569 1.471408 1.329425 2.094722
 17.900000 2.266640 1.408252 1.413334 1.435103 1.990381
 18.000000 2.272243 1.384065 1.437369 1.359788 2.339159
 18.100000 2.271593 1.340809 1.490704 1.334500 2.297243
 18.200000 2.270423 1.402416 1.414899 1.397274 2.222804
 18.300000 2.297566 1.352053 1.427400 1.365687 4.266437
 18.400000 2.218252 1.322905 1.440796 1.359968 0.149311
 18.500000 2.271345 1.364302 1.407780 1.358067 2.281396
 18.600000 2.257097 1.414382 1.404245 1.375631 1.461168
 18.700000 2.324188 1.319270 1.417059 1.322139 6.912466
 18.800000 2.262053 1.357519 1.399743 1.389474 1.725802
 18.900000 2.274491 1.360819 1.436983 1.394807 2.487028
 19.000000 2.327153 1.358216 1.490623 1.331328 7.246496
 19.100000 2.274754 1.375849 1.443362 1.340488 2.504587
 19.200000 2.219394 1.380896 1.412028 1.391349 0.168584
 19.300000 2.328114 1.341327 1.414918 1.353271 7.356342
 19.400000 2.243573 1.358240 1.414160 1.370700 0.850943
 19.500000 2.270907 1.338330 1.397574 1.328369 2.253440
 19.600000 2.274500 1.384925 1.390744 1.356276 2.487589
 19.700000 2.260150 1.408169 1.437481 1.390411 1.621604
 19.800000 2.294710 1.345114 1.500715 1.332027 4.020350
 19.900000 2.282073 1.354122 1.463933 1.341755 3.019078
 20.000000 2.249074 1.381368 1.390033 1.391333 1.079385
 20.100000 2.306151 1.334667 1.407000 1.350841 5.050337
 20.200000 2.243032 1.387534 1.392045 1.368108 0.829945
 20.300000 2.272227 1.399962 1.382943 1.363273 2.338152
 20.400000 2.246002 1.371239 1.420007 1.336960 0.948473
 20.500000 2.315999 1.322907 1.490189 1.391082 6.030874
 20.600000 2.269777 1.354510 1.445937 1.403562 2.182236
 20.700000 2.270645 1.396426 1.451427 1.336709 2.236867
 20.800000 2.251908 1.389978 1.375411 1.330371 1.207664
 20.900000 2.245489 1.390302 1.368267 1.425021 0.927455
 21.000000 2.281158 1.281347 1.431258 1.325328 2.952132
 21.100000 2.325364 1.372108 1.402613 1.387963 7.044006
 21.200000 2.287228 1.347141 1.443291 1.322262 3.410214
 21.300000 2.230294 1.410443 1.422273 1.392340 0.411318
 21.400000 2.324733 1.378891 1.462429 1.375094 6.973235
 21.500000 2.304183 1.353988 1.490409 1.337571 4.864819
 21.600000 2.228661 1.354002 1.417229 1.387453 0.368175
 21.700000 2.293877 1.376143 1.395841 1.375485 3.949937
 21.800000 2.246649 1.370350 1.407786 1.366911 0.975339
 21.900000 2.243099 1.379642 1.420666 1.327132 0.832533
 22.000000 2.251713 1.409447 1.444341 1.396367 1.198597
 22.100000 2.308804 1.323594 1.442978 1.364469 5.305974
 22.200000 2.191422 1.401531 1.397595 1.408962 0.032983
 22.300000 2.257419 1.326528 1.402794 1.341233 1.477664
 22.400000 2.249042 1.388656 1.426768 1.397810 1.077955
 22.500000 2.280658 1.332479 1.457487 1.341523 2.915868
 22.600000 2.276346 1.390212 1.508456 1.350934 2.612419
 22.700000 2.328207 1.398378 1.460614 1.325193 7.367136
 22.800000 2.226231 1.444283 1.462877 1.406674 0.308402
 22.900000 2.252640 1.341079 1.453116 1.402298 1.241930
 23.000000 2.281514 1.341736 1.408805 1.405841 2.978098
 23.100000 2.274854 1.362928 1.407740 1.342795 2.511330
 23.200000 2.188026 1.385662 1.399817 1.324840 0.064264
 23.300000 2.298906 1.389253 1.382733 1.358928 4.384469
 23.400000 2.274115 1.387184 1.413163 1.376036 2.461970
 23.500000 2.262491 1.350138 1.458599 1.353393 1.750252
 23.600000 2.265150 1.352506 1.473584 1.374306 1.902367
 23.700000 2.343575 1.364275 1.438321 1.351082 9.239093
 23.800000 2.305695 1.362497 1.441553 1.324471 5.007001
 23.900000 2.218077 1.355926 1.415416 1.369786 0.146464
 24.000000 2.334188 1.344933 1.396583 1.357589 8.070431
 24.100000 2.266809 1.377435 1.436419 1.384086 2.000500
 24.200000 2.265018 1.328723 1.444198 1.349622 1.894703
 24.300000 2.270089 1.395972 1.437231 1.399293 2.201768
 24.400000 2.301426 1.337419 1.416574 1.316978 4.610718
 24.500000 2.252583 1.422121 1.402632 1.355437 1.239261
 24.600000 2.259998 1.376214 1.390376 1.367805 1.613427
 24.700000 2.273474 1.315832 1.444384 1.360786 2.419546
 24.800000 2.276850 1.346690 1.416059 1.386600 2.647045
 24.900000 2.283307 1.381717 1.445011 1.336989 3.110542
 25.000000 2.293446 1.360451 1.448481 1.325082 3.913764
 25.100000 2.261033 1.419610 1.452833 1.386516 1.669533
 25.200000 2.296509 1.339431 1.435315 1.363216 4.174525
 25.300000 2.270094 1.355605 1.441853 1.360494 2.202080
 25.400000 2.333565 1.355580 1.408330 1.336252 7.995720
 25.500000 2.249860 1.391191 1.396459 1.390520 1.114247
 25.600000 2.195343 1.348654 1.369736 1.336253 0.009720
 25.700000 2.318579 1.351393 1.396209 1.342395 6.302168
 25.800000 2.256729 1.396285 1.396022 1.408012 1.442379
 25.900000 2.262498 1.328398 1.484717 1.343057 1.750673
 26.000000 2.261197 1.345053 1.448367 1.373268 1.678532
 26.100000 2.318376 1.393810 1.439538 1.382362 6.280529
 26.200000 2.201616 1.369275 1.426596 1.352403 0.001170
 26.300000 2.289666 1.402004 1.395736 1.359123 3.603516
 26.400000 2.260050 1.370813 1.377198 1.404591 1.616215
 26.500000 2.270893 1.348873 1.391607 1.356632 2.252600
 26.600000 2.268318 1.376588 1.409592 1.416653 2.091886
 26.700000 2.305245 1.370654 1.446022 1.358864 4.964525
 26.800000 2.264546 1.362859 1.447615 1.305099 1.867279
 26.900000 2.300293 1.363839 1.393498 1.328984 4.508332
 27.000000 2.248990 1.379270 1.362553 1.419886 1.075691
 27.100000 2.239349 1.366057 1.400574 1.375649 0.693964
 27.200000 2.316299 1.345425 1.459515 1.331275 6.062145
 27.300000 2.276117 1.429169 1.427052 1.379741 2.596750
 27.400000 2.231527 1.380641 1.450726 1.341944 0.445496
 27.500000 2.266708 1.348475 1.435216 1.360529 1.994485
 27.600000 2.321728 1.360064 1.399885 1.387537 6.641265
 27.700000 2.300708 1.337622 1.436447 1.336661 4.545649
 27.800000 2.204955 1.402592 1.418485 1.338286 0.011004
 27.900000 2.311161 1.405958 1.384015 1.378436 5.538307
 28.000000 2.213038 1.341091 1.412260 1.387235 0.076193
 28.100000 2.289780 1.337136 1.403960 1.358194 3.612698
 28.200000 2.344805 1.388083 1.408821 1.373465 9.398087
 28.300000 2.237754 1.349801 1.452315 1.348904 0.638836
 28.400000 2.246042 1.399202 1.455256 1.368106 0.950118
 28.500000 2.317967 1.363038 1.450232 1.378629 6.237285
 28.600000 2.260628 1.359745 1.431629 1.352456 1.647495
 28.700000 2.278418 1.400512 1.385722 1.352840 2.756142
 28.800000 2.260132 1.362511 1.412754 1.353803 1.620621
 28.900000 2.263497 1.364293 1.396847 1.329496 1.807057
 29.000000 2.289293 1.348781 1.417359 1.371480 3.573623
 29.100000 2.274883 1.356113 1.409089 1.377983 2.513255
 29.200000 2.266138 1.367883 1.492420 1.352493 1.960520
 29.300000 2.275438 1.378272 1.430264 1.339460 2.550686
 29.400000 2.318195 1.377768 1.453120 1.372169 6.261393
 29.500000 2.255385 1.328213 1.437345 1.358322 1.374858
 29.600000 2.247717 1.377617 1.437461 1.381805 1.020532
 29.700000 2.329049 1.351363 1.412289 1.336272 7.464127
 29.800000 2.266170 1.376867 1.410045 1.369951 1.962428
 29.900000 2.275601 1.378142 1.401004 1.335479 2.561681
 30.000000 2.232962 1.410880 1.402847 1.380912 0.486966
 30.100000 2.321348 1.350168 1.406943 1.384115 6.599862
 30.200000 2.234138 1.378951 1.422074 1.351532 0.522329
 30.300000 2.298597 1.337042 1.446912 1.349861 4.357129
 30.400000 2.267213 1.388210 1.409810 1.392306 2.024756
 30.500000 2.279408 1.337220 1.436265 1.342833 2.826211
 30.600000 2.248602 1.338681 1.423067 1.361418 1.058723
 30.700000 2.288769 1.402883 1.411858 1.382386 3.531783
 30.800000 2.282695 1.340604 1.438568 1.323546 3.065017
 30.900000 2.290510 1.360595 1.450847 1.340013 3.671672
 31.000000 2.267822 1.397895 1.418446 1.377519 2.061632
 31.100000 2.257844 1.344683 1.447444 1.411173 1.499630
 31.200000 2.266882 1.341070 1.436108 1.359601 2.004895
 31.300000 2.318264 1.356639 1.424612 1.332538 6.268693
 31.400000 2.259146 1.390881 1.411110 1.340091 1.567904
 31.500000 2.273277 1.357045 1.420909 1.359114 2.406646
 31.600000 2.269459 1.339417 1.416754 1.409098 2.162334
 31.700000 2.286598 1.370848 1.425543 1.363323 3.361115
 31.800000 2.302102 1.332236 1.421605 1.321517 4.672367
 31.900000 2.249162 1.392085 1.403111 1.345330 1.083255
 32.000000 2.299130 1.348942 1.410223 1.376720 4.404318
 32.100000 2.260353 1.323564 1.459680 1.368373 1.632538
 32.200000 2.288635 1.395597 1.434237 1.343557 3.521167
 32.300000 2.322680 1.376781 1.440651 1.322869 6.745603
 32.400000 2.248221 1.386915 1.413012 1.334761 1.042163
 32.500000 2.288836 1.336288 1.422364 1.398644 3.537134
 32.600000 2.309292 1.314888 1.430297 1.357414 5.353608
 32.700000 2.288667 1.393549 1.435453 1.349438 3.523664
 32.800000 2.250791 1.363074 1.433970 1.343321 1.156222
 32.900000 2.289433 1.365478 1.427615 1.389805 3.584825
 33.000000 2.248841 1.363120 1.423003 1.377321 1.069176
 33.100000 2.332997 1.338852 1.451022 1.319676 7.927841
 33.200000 2.277667 1.364487 1.408871 1.334445 2.703623
 33.300000 2.274631 1.347625 1.404810 1.408340 2.496409
 33.400000 2.266923 1.346576 1.428941 1.362255 2.007329
 33.500000 2.259144 1.386457 1.443952 1.355019 1.567816
 33.600000 2.293827 1.364099 1.431000 1.337683 3.945732
 33.700000 2.264041 1.335308 1.417741 1.380404 1.838161
 33.800000 2.287770 1.337370 1.433742 1.373564 3.452718
 33.900000 2.286186 1.379576 1.439813 1.346453 3.329215
 34.000000 2.237601 1.388990 1.421678 1.366305 0.633693
 34.100000 2.261878 1.350898 1.399122 1.372530 1.716112
 34.200000 2.321699 1.317876 1.417369 1.353734 6.638083
 34.300000 2.242399 1.380490 1.403516 1.386098 0.805731
 34.400000 2.281687 1.388770 1.472829 1.362437 2.990754
 34.500000 2.231314 1.367291 1.444644 1.357883 0.439504
 34.600000 2.347314 1.318764 1.440768 1.380261 9.726565
 34.700000 2.293529 1.354321 1.436841 1.354131 3.920683
 34.800000 2.243501 1.359530 1.455877 1.345091 0.848164
 34.900000 2.279118 1.402092 1.410173 1.362438 2.805586
 35.000000 2.258181 1.365178 1.435144 1.357459 1.517174
 35.100000 2.295927 1.322911 1.420849 1.312287 4.124345
 35.200000 2.291498 1.363861 1.416699 1.415964 3.752296
 35.300000 2.281749 1.349632 1.435074 1.383373 2.995272
 35.400000 2.259152 1.367330 1.449584 1.322903 1.568231
 35.500000 2.320840 1.395411 1.397092 1.335651 6.544717
 35.600000 2.257531 1.383006 1.409387 1.385407 1.483446
 35.700000 2.256127 1.299351 1.445776 1.353861 1.411928
 35.800000 2.317808 1.369497 1.437268 1.393882 6.220477
 35.900000 2.274916 1.385098 1.414293 1.323311 2.515452
 36.000000 2.271909 1.366744 1.430813 1.340824 2.317597
 36.100000 2.291674 1.338328 1.425645 1.410414 3.766722
 36.200000 2.296530 1.343881 1.459155 1.368813 4.176361
 36.300000 2.279028 1.358060 1.447288 1.319009 2.799199
 36.400000 2.263062 1.405494 1.380204 1.331920 1.782384
 36.500000 2.299232 1.348864 1.394565 1.356524 4.413406
 36.600000 2.235259 1.345698 1.399768 1.400719 0.557209
 36.700000 2.299353 1.365111 1.441000 1.364034 4.424220
 36.800000 2.277880 1.393419 1.430651 1.321524 2.718454
 36.900000 2.352845 1.370848 1.470167 1.334324 10.470723
 37.000000 2.280834 1.362648 1.466945 1.364640 2.928612
 37.100000 2.194523 1.334591 1.463373 1.400691 0.013444
 37.200000 2.308486 1.379624 1.407675 1.382152 5.274933
 37.300000 2.265264 1.394668 1.406485 1.364876 1.909035
 37.400000 2.241413 1.345501 1.412210 1.310983 0.768666
 37.500000 2.297743 1.367271 1.373819 1.390557 4.281929
 37.600000 2.246580 1.367225 1.392282 1.445154 0.972471
 37.700000 2.230307 1.331290 1.458714 1.374832 0.411680
 37.800000 2.296290 1.417858 1.468387 1.354506 4.155621
 37.900000 2.336937 1.355834 1.446630 1.330540 8.404577
 38.000000 2.238396 1.348423 1.426632 1.370316 0.660755
 38.100000 2.322890 1.348993 1.374162 1.358238 6.768717
 38.200000 2.219374 1.390049 1.368735 1.422105 0.168234
 38.300000 2.284122 1.369796 1.398465 1.283660 3.171682
 38.400000 2.276075 1.371971 1.418782 1.361749 2.593892
 38.500000 2.281357 1.321970 1.454646 1.362205 2.966596
 38.600000 2.234358 1.407055 1.430866 1.434966 0.529075
 38.700000 2.280238 1.363301 1.444540 1.345322 2.885560
 38.800000 2.283329 1.358111 1.454233 1.326379 3.112171
 38.900000 2.233990 1.418910 1.376903 1.370582 0.517806
 39.000000 2.267555 1.360735 1.415614 1.370854 2.045414
 39.100000 2.264348 1.334294 1.403840 1.342276 1.855839
 39.200000 2.252541 1.382151 1.370959 1.404175 1.237266
 39.300000 2.259965 1.390575 1.417699 1.368164 1.611615
 39.400000 2.245720 1.350679 1.421566 1.306576 0.936870
 39.500000 2.298485 1.407249 1.407568 1.422899 4.347245
 39.600000 2.313677 1.341314 1.431226 1.373132 5.791810
 39.700000 2.248084 1.339082 1.463410 1.367696 1.036256
 39.800000 2.292976 1.377717 1.415437 1.326413 3.874453
 39.900000 2.310760 1.388667 1.411035 1.353834 5.498453
 40.000000 2.244876 1.309824 1.409896 1.390621 0.902607
 40.100000 2.270654 1.350672 1.440361 1.388373 2.237429
 40.200000 2.269370 1.391754 1.438258 1.343208 2.156830
 40.300000 2.312552 1.370604 1.433627 1.326437 5.677792
 40.400000 2.297736 1.333796 1.429473 1.358452 4.281344
 40.500000 2.268333 1.324513 1.414423 1.414890 2.092794
 40.600000 2.283312 1.372748 1.421145 1.387250 3.110916
 40.700000 2.276772 1.409441 1.442278 1.322820 2.641689
 40.800000 2.266676 1.351495 1.386478 1.319309 1.992577
 40.900000 2.280565 1.356425 1.418406 1.390529 2.909149
 41.000000 2.284598 1.338239 1.421229 1.375830 3.207696
 41.100000 2.284013 1.374655 1.489498 1.360570 3.163457
 41.200000 2.293765 1.355619 1.432714 1.319547 3.940547
 41.300000 2.285124 1.369357 1.461603 1.359466 3.247733
 41.400000 2.262482 1.334583 1.435744 1.364331 1.749775
 41.500000 2.275840 1.384712 1.430346 1.373282 2.577939
 41.600000 2.270450 1.342215 1.408889 1.354665 2.224526
 41.700000 2.289980 1.351121 1.412965 1.336297 3.628801
 41.800000 2.307324 1.364705 1.446705 1.355599 5.162571
 41.900000 2.262062 1.344656 1.474311 1.369234 1.726302
 42.000000 2.283902 1.379895 1.474476 1.382751 3.155099
 42.100000 2.285388 1.345086 1.407139 1.348438 3.267853
 42.200000 2.294771 1.358272 1.392732 1.361895 4.025529
 42.300000 2.259503 1.332927 1.392369 1.332564 1.586913
 42.400000 2.282814 1.394762 1.427445 1.381120 3.073829
 42.500000 2.243020 1.348324 1.452512 1.367843 0.829478
 42.600000 2.316780 1.355526 1.500884 1.370149 6.112400
 42.700000 2.315586 1.354205 1.429208 1.332441 5.988017
 42.800000 2.281057 1.378138 1.436626 1.351330 2.944805
 42.900000 2.271032 1.349849 1.403850 1.352730 2.261399
 43.000000 2.248683 1.348333 1.396688 1.404859 1.062262
 43.100000 2.301854 1.314029 1.401258 1.364306 4.649704
 43.200000 2.318684 1.359968 1.435683 1.343127 6.313291
 43.300000 2.273555 1.382882 1.486666 1.343242 2.424891
 43.400000 2.272656 1.374054 1.465642 1.387635 2.365998
 43.500000 2.305951 1.334751 1.435569 1.348038 5.031346
 43.600000 2.282303 1.320691 1.399562 1.345468 3.036002
 43.700000 2.302957 1.359171 1.386034 1.340664 4.750995
 43.800000 2.253160 1.389314 1.408134 1.363291 1.266627
 43.900000 2.227723 1.362965 1.490114 1.373473 0.344463
 44.000000 2.315744 1.350780 1.449084 1.365167 6.004350
 44.100000 2.316524 1.352567 1.471914 1.358671 6.085557
 44.200000 2.277857 1.326521 1.465981 1.307917 2.716857
 44.300000 2.269692 1.401579 1.393813 1.415715 2.176867
 44.400000 2.213310 1.383873 1.380340 1.375517 0.079398
 44.500000 2.266084 1.339601 1.400890 1.340947 1.957335
 44.600000 2.290101 1.378345 1.418908 1.361575 3.638559
 44.700000 2.329090 1.335641 1.466458 1.342212 7.468910
 44.800000 2.218444 1.391630 1.456926 1.377926 0.152471
 44.900000 2.270271 1.377904 1.480958 1.393992 2.213224
 45.000000 2.299804 1.346269 1.446725 1.371428 4.464411
 45.100000 2.314411 1.348717 1.425870 1.349681 5.866865
 45.200000 2.265994 1.365606 1.437714 1.366507 1.952027
 45.300000 2.246920 1.359038 1.403610 1.355888 0.986718
 45.400000 2.273660 1.370410 1.413290 1.375720 2.431820
 45.500000 2.312871 1.340689 1.444812 1.320513 5.710030
 45.600000 2.225762 1.412021 1.425345 1.399218 0.297471
 45.700000 2.321442 1.353548 1.438317 1.390815 6.610177
 45.800000 2.216063 1.366654 1.415467 1.406989 0.115641
 45.900000 2.272466 1.318863 1.447007 1.377470 2.353615
 46.000000 2.278081 1.416528 1.418142 1.394761 2.732504
 46.100000 2.302618 1.347966 1.438604 1.305335 4.719767
 46.200000 2.210139 1.392849 1.412324 1.356568 0.046071
 46.300000 2.282619 1.355843 1.370240 1.391969 3.059367
 46.400000 2.265226 1.332219 1.413669 1.412395 1.906846
 46.500000 2.257299 1.349103 1.447873 1.342621 1.471503
 46.600000 2.305761 1.401460 1.466043 1.327190 5.013272
 46.700000 2.279766 1.374985 1.439655 1.361439 2.851752
 46.800000 2.282213 1.328933 1.445958 1.380220 3.029360
 46.900000 2.241340 1.377693 1.404905 1.391297 0.765985
 47.000000 2.316903 1.381017 1.429680 1.336540 6.125253
 47.100000 2.283982 1.356272 1.407171 1.317202 3.161170
 47.200000 2.207789 1.387595 1.380145 1.410815 0.027194
 47.300000 2.330144 1.332230 1.431693 1.371589 7.591334
 47.400000 2.264361 1.335216 1.433446 1.375507 1.856609
 47.500000 2.295390 1.368452 1.477939 1.337926 4.078310
 47.600000 2.284691 1.380729 1.465231 1.339359 3.214744
 47.700000 2.254073 1.365329 1.383406 1.390356 1.310488
 47.800000 2.274335 1.314816 1.394294 1.363795 2.476587
 47.900000 2.298794 1.355282 1.401370 1.375480 4.374557
 48.000000 2.284787 1.368739 1.435283 1.344545 3.222034
 48.100000 2.261658 1.390793 1.436030 1.342245 1.703946
 48.200000 2.246584 1.353829 1.440884 1.404845 0.972625
 48.300000 2.320428 1.330720 1.436382 1.346693 6.500206
 48.400000 2.293914 1.374922 1.411922 1.393706 3.953045
 48.500000 2.267241 1.353429 1.423037 1.321282 2.026440
 48.600000 2.288176 1.359305 1.436349 1.359968 3.484734
 48.700000 2.315227 1.356540 1.405320 1.368393 5.950818
 48.800000 2.261990 1.311330 1.434870 1.395834 1.722319
 48.900000 2.266665 1.369331 1.409873 1.352465 1.991923
 49.000000 2.297299 1.392094 1.424236 1.347254 4.243120
 49.100000 2.274149 1.385832 1.432977 1.357887 2.464219
 49.200000 2.221590 1.355023 1.398901 1.400000 0.208923
 49.300000 2.256576 1.326847 1.425303 1.396938 1.434612
 49.400000 2.249001 1.422644 1.439236 1.361979 1.076154
 49.500000 2.309915 1.366265 1.483617 1.317100 5.414816
 49.600000 2.278775 1.358410 1.439610 1.326355 2.781305
 49.700000 2.269047 1.344996 1.411435 1.395915 2.136799
 49.800000 2.278020 1.357122 1.392510 1.371998 2.728217
 49.900000 2.257191 1.361834 1.390843 1.374674 1.465960
 50.000000 2.252028 1.428080 1.390360 1.344016 1.213247
