#! FIELDS time d1 d2 d3 d4 rest.bias
 0.000000 3.956308 1.394011 1.510131 1.394575 26.616820
 0.100000 4.123979 1.452733 1.450385 1.474069 2.590229
 0.200000 4.134113 1.409499 1.554682 1.414487 1.945660
 0.300000 4.084714 1.358050 1.593012 1.407507 5.956917
 0.400000 4.135936 1.444742 1.620841 1.442798 1.839512
 0.500000 4.118066 1.358929 1.647631 1.366510 3.008848
 0.600000 4.197728 1.401777 1.697456 1.404931 0.002313
 0.700000 4.140998 1.409884 1.662427 1.361329 1.560313
 0.800000 4.113696 1.402044 1.691233 1.400581 3.338387
 0.900000 4.141859 1.451181 1.575771 1.390225 1.515100
 1.000000 4.100529 1.397989 1.580251 1.373613 4.434696
 1.100000 4.130666 1.467559 1.486101 1.446476 2.154565
 1.200000 3.981463 1.415821 1.512210 1.404022 21.405346
 1.300000 4.160845 1.471122 1.463441 1.488603 0.687157
 1.400000 4.092391 1.373139 1.567246 1.399119 5.190023
 1.500000 4.117888 1.395170 1.559925 1.443784 3.021955
 1.600000 4.137339 1.395587 1.656269 1.432311 1.759789
 1.700000 4.104290 1.356195 1.636124 1.409324 4.105693
 1.800000 4.192774 1.420839 1.665753 1.402668 0.023402
 1.900000 4.152636 1.367555 1.692129 1.359906 1.005461
 2.000000 4.100210 1.438710 1.668619 1.379560 4.463214
 2.100000 4.138706 1.442757 1.596457 1.387992 1.683854
 2.200000 4.112733 1.424295 1.574257 1.366515 3.413260
 2.300000 4.096170 1.468739 1.471549 1.425254 4.831939
 2.400000 4.039744 1.427379 1.511786 1.413137 11.510726
 2.500000 4.128357 1.435702 1.508597 1.459662 2.300479
 2.600000 4.105968 1.370076 1.581279 1.418235 3.962996
 2.700000 4.133822 1.347090 1.678520 1.414584 1.962907
 2.800000 4.155601 1.401742 1.662973 1.449771 0.883510
 2.900000 4.110935 1.353605 1.682842 1.371293 3.555414
 3.000000 4.190922 1.395235 1.660136 1.405952 0.036936
 3.100000 4.118314 1.408973 1.649228 1.395200 2.990655
 3.200000 4.098245 1.405268 1.643301 1.387310 4.640733
 3.300000 4.131299 1.447082 1.543410 1.421653 2.115404
 3.400000 4.082187 1.417947 1.518436 1.386599 6.220935
 3.500000 4.110217 1.441924 1.496326 1.439883 3.612906
 3.600000 4.050738 1.440717 1.513556 1.434671 9.985450
 3.700000 4.101824 1.395770 1.536007 1.426829 4.319948
 3.800000 4.155840 1.404505 1.610980 1.406722 0.874039
 3.900000 4.099164 1.383268 1.631026 1.400572 4.557228
 4.000000 4.173864 1.399405 1.704168 1.415699 0.306153
 4.100000 4.111625 1.365804 1.688160 1.337986 3.500513
 4.200000 4.176596 1.417907 1.646467 1.420411 0.245505
 4.300000 4.125286 1.414021 1.634257 1.374857 2.501907
 4.400000 4.084656 1.406455 1.569646 1.418209 5.962981
 4.500000 4.128698 1.450833 1.517419 1.432573 2.278653
 4.600000 4.059281 1.378525 1.541219 1.397511 8.875209
 4.700000 4.142418 1.457762 1.514183 1.469985 1.486082
 4.800000 4.052850 1.392761 1.589719 1.388701 9.704947
 4.900000 4.182242 1.392585 1.629127 1.414867 0.141341
 5.000000 4.140250 1.439944 1.656191 1.364342 1.600091
 5.100000 4.117385 1.368767 1.678499 1.370141 3.059042
 5.200000 4.166476 1.440830 1.623963 1.414274 0.503725
 5.300000 4.093238 1.368826 1.622217 1.372637 5.108654
 5.400000 4.162255 1.436391 1.590810 1.442508 0.638533
 5.500000 4.061449 1.410012 1.555613 1.409430 8.603788
 5.600000 4.100372 1.386033 1.543898 1.447901 4.448687
 5.700000 4.127798 1.438663 1.495210 1.444979 2.336552
 5.800000 4.039365 1.370096 1.528629 1.421247 11.565213
 5.900000 4.157956 1.464472 1.564630 1.437484 0.792267
 6.000000 4.075340 1.390311 1.631276 1.377801 6.965117
 6.100000 4.171057 1.428238 1.651720 1.385737 0.375466
 6.200000 4.165231 1.405692 1.690988 1.355885 0.541810
 6.300000 4.123721 1.402620 1.681952 1.390481 2.607835
 6.400000 4.142497 1.412641 1.645052 1.379628 1.482019
 6.500000 4.141813 1.380952 1.633877 1.404068 1.517491
 6.600000 4.112480 1.405209 1.619739 1.432572 3.433096
 6.700000 4.123683 1.371099 1.645378 1.407410 2.610467
 6.800000 4.111436 1.406166 1.548854 1.438624 3.515469
 6.900000 4.083751 1.429191 1.484233 1.423994 6.056895
 7.000000 4.073632 1.411780 1.508565 1.424174 7.157205
 7.100000 4.084760 1.489111 1.477424 1.443830 5.952255
 7.200000 4.072801 1.423555 1.561284 1.380076 7.251673
 7.300000 4.170995 1.406110 1.658086 1.358300 0.377066
 7.400000 4.149164 1.431626 1.641605 1.423400 1.158302
 7.500000 4.115564 1.369251 1.717393 1.350524 3.195412
 7.600000 4.180782 1.387358 1.649020 1.429287 0.165534
 7.700000 4.144076 1.363878 1.698721 1.379095 1.401724
 7.800000 4.116590 1.356276 1.681920 1.402904 3.118211
 7.900000 4.139340 1.416662 1.627350 1.455723 1.649201
 8.000000 4.118204 1.378709 1.578892 1.396845 2.998707
 8.100000 4.113436 1.412359 1.520946 1.446055 3.358480
 8.200000 4.047799 1.451696 1.476839 1.435240 10.382613
 8.300000 4.070108 1.415607 1.505936 1.445204 7.561948
 8.400000 4.132331 1.437340 1.532031 1.393383 2.052338
 8.500000 4.102334 1.410616 1.580388 1.402544 4.275191
 8.600000 4.133551 1.426658 1.625743 1.388086 1.979015
 8.700000 4.120560 1.397427 1.689031 1.367632 2.828463
 8.800000 4.193280 1.418034 1.662502 1.397948 0.020242
 8.900000 4.124150 1.367662 1.738274 1.320151 2.578617
 9.000000 4.163124 1.406425 1.669487 1.440935 0.609491
 9.100000 4.155831 1.393724 1.690863 1.366908 0.874409
 9.200000 4.102897 1.370890 1.611328 1.404999 4.226083
 9.300000 4.131153 1.456083 1.512849 1.457707 2.124434
 9.400000 4.046053 1.395462 1.557219 1.384726 10.622188
 9.500000 4.110125 1.447709 1.479249 1.446756 3.620315
 9.600000 4.096787 1.447726 1.513765 1.393348 4.774610
 9.700000 4.087246 1.374039 1.570362 1.410685 5.698173
 9.800000 4.126843 1.458833 1.574124 1.439468 2.398719
 9.900000 4.105114 1.364409 1.622839 1.379711 4.035268
 10.000000 4.192114 1.421485 1.671967 1.409262 0.027871
 10.100000 4.101583 1.385114 1.661693 1.367279 4.341247
 10.200000 4.180305 1.408767 1.714508 1.402347 0.173849
 10.300000 4.124916 1.396584 1.659186 1.352233 2.526769
 10.400000 4.136897 1.432155 1.580854 1.405776 1.784741
 10.500000 4.117673 1.432422 1.562855 1.406994 3.037793
 10.600000 4.042405 1.415724 1.523829 1.416861 11.131550
 10.700000 4.133540 1.452477 1.476221 1.474931 1.979679
 10.800000 4.067531 1.367955 1.542002 1.383618 7.865011
 10.900000 4.120121 1.427495 1.535562 1.477025 2.859825
 11.000000 4.092140 1.426920 1.577100 1.419333 5.214285
 11.100000 4.115188 1.390867 1.624993 1.384460 3.223957
 11.200000 4.177094 1.450414 1.628379 1.385231 0.235159
 11.300000 4.105216 1.400206 1.651895 1.348536 4.026652
 11.400000 4.153577 1.460426 1.627273 1.394628 0.965895
 11.500000 4.093996 1.407626 1.602066 1.362233 5.036331
 11.600000 4.134483 1.431826 1.523363 1.439649 1.923859
 11.700000 4.072240 1.426838 1.467390 1.478737 7.315825
 11.800000 4.024489 1.391013 1.522168 1.450509 13.806330
 11.900000 4.139647 1.424923 1.489287 1.484353 1.632578
 12.000000 4.092588 1.372452 1.594687 1.386324 5.171024
 12.100000 4.158366 1.416274 1.628887 1.418375 0.776887
 12.200000 4.101428 1.410701 1.669391 1.397245 4.354876
 12.300000 4.149520 1.413601 1.661967 1.345717 1.142094
 12.400000 4.181487 1.412569 1.708225 1.376046 0.153611
 12.500000 4.110551 1.425111 1.624515 1.343478 3.586089
 12.600000 4.141734 1.445849 1.635102 1.407483 1.521611
 12.700000 4.097585 1.415924 1.551937 1.392551 4.701112
 12.800000 4.099829 1.431875 1.512637 1.431359 4.497357
 12.900000 4.092883 1.414722 1.468307 1.469654 5.142673
 13.000000 4.039807 1.406649 1.539427 1.440495 11.501652
 13.100000 4.136425 1.414165 1.494590 1.486370 1.811523
 13.200000 4.106054 1.366596 1.646207 1.380633 3.955721
 13.300000 4.160072 1.406006 1.621705 1.429999 0.714554
 13.400000 4.109114 1.400115 1.674732 1.386588 3.702261
 13.500000 4.167724 1.392772 1.663941 1.383347 0.466913
 13.600000 4.176261 1.403630 1.717566 1.372894 0.252584
 13.700000 4.116850 1.420695 1.670828 1.331950 3.098805
 13.800000 4.157285 1.453157 1.622688 1.411744 0.817781
 13.900000 4.078965 1.435829 1.566813 1.353646 6.565842
 14.000000 4.124256 1.434268 1.516107 1.425906 2.571388
 14.100000 4.071777 1.423225 1.477985 1.473770 7.368965
 14.200000 4.033366 1.393619 1.516520 1.439924 12.445164
 14.300000 4.155088 1.387208 1.519448 1.501311 0.904060
 14.400000 4.093351 1.385521 1.612572 1.369946 5.097846
 14.500000 4.164361 1.391548 1.647062 1.443560 0.569287
 14.600000 4.109275 1.407996 1.659219 1.380204 3.689146
 14.700000 4.166468 1.397272 1.652267 1.392862 0.503953
 14.800000 4.167276 1.395991 1.731313 1.367232 0.479948
 14.900000 4.110129 1.433428 1.604671 1.375889 3.619989
 15.000000 4.144709 1.421967 1.636092 1.419015 1.370198
 15.100000 4.090788 1.406410 1.547049 1.379434 5.345772
 15.200000 4.107417 1.436139 1.521054 1.463382 3.841779
 15.300000 4.062940 1.448175 1.473580 1.417387 8.419646
 15.400000 4.063407 1.428386 1.513703 1.438084 8.362301
 15.500000 4.142187 1.421400 1.476164 1.476924 1.498053
 15.600000 4.068985 1.365350 1.598533 1.411875 7.693324
 15.700000 4.148758 1.388739 1.604373 1.462130 1.176870
 15.800000 4.103651 1.399344 1.649073 1.395713 4.160660
 15.900000 4.183433 1.368301 1.655666 1.415257 0.123021
 16.000000 4.147577 1.406545 1.731798 1.370770 1.231716
 16.100000 4.124143 1.404680 1.626784 1.408044 2.579059
 16.200000 4.149277 1.439910 1.610413 1.386018 1.153152
 16.300000 4.071907 1.437904 1.527441 1.366020 7.353957
 16.400000 4.117349 1.491854 1.487748 1.438342 3.061709
 16.500000 4.033950 1.431378 1.480389 1.406227 12.357968
 16.600000 4.091729 1.433458 1.480273 1.454046 5.254041
 16.700000 4.153111 1.389783 1.549551 1.459312 0.985396
 16.800000 4.084697 1.363615 1.611798 1.432276 5.958722
 16.900000 4.135801 1.383817 1.635507 1.455800 1.847244
 17.000000 4.158700 1.345887 1.666572 1.408924 0.764493
 17.100000 4.130104 1.373244 1.670001 1.405667 2.189653
 17.200000 4.166254 1.398594 1.654893 1.444812 0.510405
 17.300000 4.103096 1.401704 1.627695 1.384890 4.208813
 17.400000 4.122258 1.458685 1.526550 1.404128 2.708828
 17.500000 4.074230 1.435035 1.524731 1.391420 7.089620
 17.600000 4.087346 1.485570 1.467205 1.410970 5.688033
 17.700000 4.063040 1.447099 1.491652 1.410968 8.407365
 17.800000 4.119104 1.440080 1.554398 1.397837 2.933099
 17.900000 4.129497 1.414711 1.605642 1.412482 2.227848
 18.000000 4.110217 1.384726 1.627942 1.413377 3.612933
 18.100000 4.167633 1.372648 1.675984 1.417316 0.469532
 18.200000 4.143159 1.344207 1.670854 1.426307 1.448077
 18.300000 4.139893 1.379370 1.649932 1.425681 1.619298
 18.400000 4.136604 1.383441 1.626484 1.443440 1.801321
 18.500000 4.093205 1.408521 1.550117 1.416554 5.111839
 18.600000 4.116806 1.435074 1.524965 1.438376 3.102108
 18.700000 4.076299 1.424919 1.498089 1.402340 6.858322
 18.800000 4.094349 1.482158 1.509806 1.412366 5.002857
 18.900000 4.108094 1.432423 1.564491 1.392676 3.785845
 19.000000 4.127489 1.436117 1.643176 1.370055 2.356592
 19.100000 4.162588 1.386753 1.640435 1.412696 0.627312
 19.200000 4.136085 1.393227 1.679872 1.377436 1.830931
 19.300000 4.138229 1.385653 1.655461 1.417634 1.710163
 19.400000 4.142310 1.381941 1.643371 1.401273 1.491665
 19.500000 4.136841 1.396258 1.642046 1.396281 1.787900
 19.600000 4.087314 1.395830 1.527317 1.463294 5.691255
 19.700000 4.108129 1.431554 1.541767 1.428770 3.782906
 19.800000 4.082993 1.409008 1.499238 1.419481 6.136109
 19.900000 4.087912 1.432740 1.522034 1.429818 5.631078
 20.000000 4.115197 1.413028 1.563604 1.405325 3.223286
 20.100000 4.109984 1.406217 1.603158 1.424853 3.631678
 20.200000 4.148459 1.421544 1.615972 1.395961 1.190636
 20.300000 4.134346 1.393137 1.702314 1.357680 1.931937
 20.400000 4.125099 1.448639 1.615443 1.386798 2.514460
 20.500000 4.139365 1.415631 1.658110 1.359350 1.647827
 20.600000 4.130266 1.430648 1.592203 1.386790 2.179525
 20.700000 4.093903 1.440909 1.558150 1.411341 5.045228
 20.800000 4.103257 1.425296 1.524227 1.436350 4.194839
 20.900000 4.065954 1.392444 1.468598 1.478236 8.053390
 21.000000 4.083002 1.395763 1.506963 1.454839 6.135233
 21.100000 4.122229 1.384032 1.547777 1.467929 2.710844
 21.200000 4.096147 1.384559 1.591641 1.451879 4.834080
 21.300000 4.159348 1.382503 1.666904 1.381906 0.740674
 21.400000 4.162712 1.424512 1.694856 1.391732 0.623163
 21.500000 4.106821 1.425516 1.618450 1.355913 3.891392
 21.600000 4.156665 1.437520 1.683178 1.375350 0.841694
 21.700000 4.111937 1.433591 1.558168 1.362554 3.475852
 21.800000 4.111012 1.468098 1.595710 1.406512 3.549217
 21.900000 4.084870 1.443244 1.468769 1.392221 5.940878
 22.000000 4.072438 1.471780 1.502788 1.437054 7.293089
 22.100000 4.105829 1.416115 1.467190 1.433382 3.974695
 22.200000 4.080080 1.404810 1.595358 1.424804 6.445530
 22.300000 4.135855 1.407740 1.546682 1.456799 1.844144
 22.400000 4.126980 1.349203 1.723284 1.391701 2.389761
 22.500000 4.183542 1.354456 1.634970 1.439810 0.121407
 22.600000 4.121634 1.377786 1.720489 1.438786 2.752492
 22.700000 4.135205 1.379039 1.634070 1.389940 1.881726
 22.800000 4.136433 1.397337 1.641166 1.417007 1.811043
 22.900000 4.133789 1.449015 1.560845 1.375853 1.964880
 23.000000 4.084575 1.455423 1.586142 1.380475 5.971353
 23.100000 4.086864 1.534569 1.452851 1.368886 5.736856
 23.200000 4.093075 1.467267 1.510013 1.377451 5.124298
 23.300000 4.102637 1.426548 1.512593 1.425608 4.248738
 23.400000 4.082161 1.434710 1.567072 1.430074 6.223669
 23.500000 4.158554 1.378425 1.615106 1.448686 0.769909
 23.600000 4.129072 1.325090 1.715615 1.387093 2.254771
 23.700000 4.181549 1.361932 1.655464 1.473618 0.152581
 23.800000 4.113723 1.329303 1.746730 1.418915 3.336313
 23.900000 4.145589 1.392105 1.587569 1.428047 1.326944
 24.000000 4.131854 1.392685 1.615769 1.410303 2.081399
 24.100000 4.083529 1.451828 1.518689 1.405307 6.080092
 24.200000 4.071874 1.469851 1.522676 1.413496 7.357775
 24.300000 4.118971 1.482069 1.479536 1.365548 2.942760
 24.400000 4.079892 1.458568 1.544549 1.371577 6.465682
 24.500000 4.104792 1.461855 1.570451 1.380616 4.062726
 24.600000 4.118733 1.438785 1.627930 1.395325 2.960038
 24.700000 4.172117 1.395100 1.626252 1.388370 0.348450
 24.800000 4.125767 1.379469 1.712654 1.384150 2.469837
 24.900000 4.151632 1.379547 1.619575 1.445094 1.048543
 25.000000 4.120245 1.348144 1.693445 1.422431 2.850955
 25.100000 4.135805 1.363728 1.536298 1.459628 1.847024
 25.200000 4.098840 1.380362 1.582375 1.475640 4.586555
 25.300000 4.067642 1.402551 1.505013 1.442811 7.851857
 25.400000 4.101114 1.412914 1.506038 1.451171 4.382724
 25.500000 4.128431 1.430873 1.547330 1.383068 2.295729
 25.600000 4.098199 1.463407 1.585882 1.394396 4.644922
 25.700000 4.107293 1.438341 1.646203 1.356602 3.852096
 25.800000 4.166820 1.427886 1.669536 1.353986 0.493425
 25.900000 4.141245 1.420890 1.658634 1.366229 1.547248
 26.000000 4.151256 1.405344 1.691064 1.360077 1.064913
 26.100000 4.118210 1.429338 1.590313 1.416895 2.998248
 26.200000 4.105649 1.396606 1.569341 1.417992 3.989944
 26.300000 4.104345 1.394582 1.514642 1.446343 4.100949
 26.400000 4.073439 1.429524 1.453688 1.503499 7.179121
 26.500000 4.061811 1.363829 1.522959 1.435162 8.558873
 26.600000 4.131614 1.400518 1.533399 1.463710 2.096059
 26.700000 4.109347 1.402149 1.592552 1.414186 3.683273
 26.800000 4.122271 1.400892 1.649207 1.406428 2.707906
 26.900000 4.148882 1.426007 1.616173 1.380859 1.171168
 27.000000 4.144201 1.398286 1.694846 1.361760 1.395484
 27.100000 4.138346 1.440420 1.629018 1.373026 1.703678
 27.200000 4.111247 1.464170 1.635291 1.360060 3.530514
 27.300000 4.136189 1.443209 1.558389 1.380822 1.824997
 27.400000 4.084583 1.438384 1.515275 1.417792 5.970465
 27.500000 4.085541 1.425426 1.480468 1.448654 5.871779
 27.600000 4.088640 1.405734 1.531730 1.466918 5.558178
 27.700000 4.115281 1.372949 1.562515 1.433839 3.216871
 27.800000 4.141912 1.350665 1.660158 1.448058 1.512324
 27.900000 4.129299 1.370074 1.632704 1.424647 2.240396
 28.000000 4.142681 1.363397 1.691077 1.412599 1.472528
 28.100000 4.151117 1.385424 1.643539 1.405738 1.071008
 28.200000 4.114265 1.411592 1.621346 1.395741 3.294469
 28.300000 4.120457 1.420367 1.583671 1.410406 2.835798
 28.400000 4.088420 1.453609 1.523683 1.386154 5.580085
 28.500000 4.103661 1.472948 1.502919 1.388599 4.159821
 28.600000 4.066257 1.460438 1.502641 1.400146 8.017049
 28.700000 4.090363 1.455108 1.512225 1.398767 5.387455
 28.800000 4.132416 1.411890 1.602287 1.412725 2.047217
 28.900000 4.110448 1.395087 1.616324 1.397913 3.594374
 29.000000 4.172626 1.382076 1.676421 1.429300 0.335855
 29.100000 4.122673 1.328005 1.676770 1.413182 2.679991
 29.200000 4.147073 1.374525 1.637837 1.466257 1.255543
 29.300000 4.142295 1.360580 1.625164 1.423369 1.492464
 29.400000 4.090046 1.409744 1.568088 1.440227 5.418714
 29.500000 4.102103 1.425381 1.509393 1.425726 4.295504
 29.600000 4.092455 1.445829 1.546792 1.393317 5.183875
 29.700000 4.091099 1.467551 1.496440 1.383810 5.315373
 29.800000 4.089293 1.474593 1.566630 1.399846 5.493113
 29.900000 4.122892 1.409363 1.569065 1.378199 2.664836
 30.000000 4.150429 1.420216 1.654171 1.420101 1.101349
 30.100000 4.106668 1.385332 1.607633 1.376933 3.904235
 30.200000 4.171647 1.399174 1.715546 1.424425 0.360294
 30.300000 4.118070 1.379877 1.596280 1.388528 3.008549
 30.400000 4.150883 1.392181 1.669652 1.445501 1.081253
 30.500000 4.124470 1.383900 1.557525 1.413972 2.556869
 30.600000 4.076138 1.442781 1.592404 1.439579 6.876224
 30.700000 4.118829 1.402827 1.488218 1.420087 2.953091
 30.800000 4.079571 1.421715 1.550042 1.431304 6.500263
 30.900000 4.094172 1.408904 1.486882 1.445962 5.019649
 31.000000 4.090662 1.402666 1.597883 1.453612 5.358102
 31.100000 4.134105 1.378224 1.539746 1.420495 1.946148
 31.200000 4.143961 1.389830 1.687014 1.424722 1.407518
 31.300000 4.124077 1.415954 1.622821 1.372589 2.583528
 31.400000 4.146084 1.450443 1.686761 1.370329 1.302888
 31.500000 4.155101 1.432125 1.638158 1.346107 0.903550
 31.600000 4.126051 1.453632 1.603318 1.364683 2.450942
 31.700000 4.110202 1.443912 1.583435 1.407826 3.614124
 31.800000 4.066256 1.451717 1.515910 1.438972 8.017144
 31.900000 4.109224 1.400230 1.492937 1.473590 3.693333
 32.000000 4.108777 1.352772 1.547046 1.436645 3.729782
 32.100000 4.119327 1.392479 1.582191 1.461075 2.916979
 32.200000 4.087405 1.389169 1.631154 1.435628 5.682117
 32.300000 4.167489 1.401222 1.642679 1.395483 0.473729
 32.400000 4.175666 1.376368 1.722533 1.342699 0.265401
 32.500000 4.170018 1.460317 1.609287 1.384237 0.402907
 32.600000 4.074088 1.430756 1.670154 1.372984 7.105682
 32.700000 4.143272 1.448842 1.554341 1.405140 1.442319
 32.800000 4.100332 1.393189 1.559800 1.409183 4.452249
 32.900000 4.110966 1.409936 1.486321 1.447643 3.552915
 33.000000 4.061891 1.443614 1.537012 1.456929 8.548973
 33.100000 4.068385 1.423477 1.486765 1.422795 7.763899
 33.200000 4.151818 1.429414 1.585135 1.398704 1.040491
 33.300000 4.115253 1.382343 1.579979 1.407727 3.218978
 33.400000 4.129787 1.426368 1.651831 1.424323 2.209557
 33.500000 4.136536 1.399158 1.629680 1.392712 1.805190
 33.600000 4.139062 1.389758 1.679430 1.387010 1.664388
 33.700000 4.186358 1.368295 1.649784 1.396039 0.083411
 33.800000 4.095328 1.405017 1.660908 1.451859 4.910626
 33.900000 4.117956 1.414046 1.585131 1.409682 3.016946
 34.000000 4.141427 1.402840 1.597137 1.399959 1.537672
 34.100000 4.085672 1.453140 1.478874 1.398678 5.858389
 34.200000 4.054783 1.484584 1.533162 1.408361 9.451679
 34.300000 4.109973 1.465492 1.501385 1.381784 3.632572
 34.400000 4.104349 1.453799 1.548041 1.377033 4.100622
 34.500000 4.135891 1.388066 1.586574 1.416347 1.842078
 34.600000 4.122355 1.391803 1.648508 1.442692 2.702061
 34.700000 4.101168 1.342754 1.635148 1.447192 4.377885
 34.800000 4.198497 1.351736 1.694621 1.428152 0.001013
 34.900000 4.121101 1.365884 1.644379 1.402316 2.790094
 35.000000 4.136127 1.407165 1.618263 1.444173 1.828545
 35.100000 4.110244 1.437946 1.572124 1.397276 3.610795
 35.200000 4.083572 1.451774 1.502937 1.390479 6.075569
 35.300000 4.103042 1.480256 1.504042 1.373579 4.213477
 35.400000 4.076903 1.473259 1.518782 1.397660 6.791551
 35.500000 4.090218 1.468645 1.532869 1.398246 5.401712
 35.600000 4.144929 1.414782 1.601712 1.396953 1.359292
 35.700000 4.129168 1.383481 1.610771 1.428225 2.248699
 35.800000 4.120217 1.374751 1.617346 1.436714 2.852911
 35.900000 4.121267 1.362228 1.628591 1.443020 2.778362
 36.000000 4.126612 1.378574 1.586655 1.444219 2.413915
 36.100000 4.119955 1.400076 1.555262 1.430512 2.871730
 36.200000 4.087076 1.421158 1.570476 1.414910 5.715340
 36.300000 4.103622 1.447973 1.515492 1.434087 4.163219
 36.400000 4.097528 1.428120 1.543583 1.385921 4.706300
 36.500000 4.116740 1.452513 1.544809 1.389423 3.107005
 36.600000 4.088459 1.453431 1.574888 1.398241 5.576198
 36.700000 4.131325 1.415611 1.627677 1.372606 2.113825
 36.800000 4.133140 1.400369 1.669122 1.395767 2.003542
 36.900000 4.167769 1.411812 1.605470 1.404376 0.465604
 37.000000 4.112319 1.373990 1.679974 1.389131 3.445752
 37.100000 4.125144 1.417023 1.556678 1.450024 2.511427
 37.200000 4.092343 1.385972 1.574571 1.433631 5.194697
 37.300000 4.113363 1.387962 1.513431 1.421881 3.364154
 37.400000 4.085976 1.438223 1.528883 1.476332 5.827271
 37.500000 4.072859 1.430359 1.512597 1.409664 7.245106
 37.600000 4.128170 1.427952 1.560114 1.412616 2.312512
 37.700000 4.114021 1.431367 1.561767 1.377330 3.313263
 37.800000 4.129060 1.440110 1.656259 1.376311 2.255549
 37.900000 4.118189 1.417901 1.630223 1.391959 2.999850
 38.000000 4.154992 1.400917 1.671271 1.351586 0.907941
 38.100000 4.170174 1.370924 1.630585 1.410932 0.398714
 38.200000 4.080270 1.402358 1.575224 1.443299 6.425097
 38.300000 4.097081 1.394802 1.544500 1.484958 4.747436
 38.400000 4.102698 1.374037 1.511422 1.438843 4.243419
 38.500000 4.102637 1.425722 1.489687 1.439792 4.248696
 38.600000 4.088941 1.433026 1.550799 1.425303 5.528162
 38.700000 4.092181 1.430128 1.585245 1.403918 5.210272
 38.800000 4.148257 1.417481 1.582896 1.404877 1.199965
 38.900000 4.131012 1.387890 1.674478 1.356421 2.133142
 39.000000 4.127110 1.429072 1.603619 1.438116 2.381243
 39.100000 4.105334 1.377589 1.699191 1.370910 4.016622
 39.200000 4.155054 1.390851 1.629628 1.426762 0.905421
 39.300000 4.121533 1.410191 1.570929 1.407837 2.759612
 39.400000 4.106019 1.446447 1.585612 1.387426 3.958705
 39.500000 4.086878 1.461042 1.516854 1.405051 5.735403
 39.600000 4.077234 1.453921 1.522487 1.368435 6.755038
 39.700000 4.125497 1.434278 1.514097 1.424913 2.487853
 39.800000 4.090453 1.413606 1.563168 1.469445 5.378653
 39.900000 4.111717 1.368948 1.587056 1.432572 3.493240
 40.000000 4.149634 1.357880 1.641935 1.450983 1.136960
 40.100000 4.130865 1.371991 1.611389 1.429881 2.142264
 40.200000 4.120684 1.396932 1.657744 1.414900 2.819619
 40.300000 4.135130 1.416272 1.581793 1.413103 1.886049
 40.400000 4.101256 1.461292 1.604208 1.368161 4.370140
 40.500000 4.115554 1.457994 1.535271 1.357856 3.196175
 40.600000 4.084819 1.471770 1.526643 1.411446 5.946162
 40.700000 4.097847 1.449313 1.504809 1.402679 4.677098
 40.800000 4.119284 1.396235 1.592392 1.437645 2.920060
 40.900000 4.105903 1.363451 1.556018 1.465286 3.968506
 41.000000 4.121037 1.364503 1.655941 1.463532 2.794594
 41.100000 4.153462 1.338640 1.633376 1.427836 0.970694
 41.200000 4.108849 1.397128 1.610330 1.431170 3.723833
 41.300000 4.143286 1.422771 1.593870 1.415998 1.441606
 41.400000 4.082765 1.452188 1.572610 1.373589 6.160067
 41.500000 4.119636 1.488001 1.499904 1.384808 2.894664
 41.600000 4.096134 1.449336 1.562778 1.380000 4.835258
 41.700000 4.096382 1.419375 1.539589 1.412252 4.812155
 41.800000 4.115968 1.437033 1.566920 1.424833 3.164894
 41.900000 4.121752 1.357219 1.606426 1.413917 2.744181
 42.000000 4.140034 1.377660 1.611342 1.467280 1.611715
 42.100000 4.107638 1.365491 1.635992 1.401450 3.823474
 42.200000 4.150642 1.387570 1.637419 1.456113 1.091918
 42.300000 4.113895 1.429803 1.576139 1.381168 3.322983
 42.400000 4.118391 1.427683 1.576723 1.388243 2.985038
 42.500000 4.101358 1.465730 1.525327 1.407534 4.361136
 42.600000 4.054088 1.451308 1.515296 1.373006 9.542340
 42.700000 4.161406 1.427647 1.559243 1.429983 0.667608
 42.800000 4.088033 1.400114 1.592225 1.422879 5.618928
 42.900000 4.122257 1.375010 1.601113 1.451000 2.708930
 43.000000 4.150977 1.357524 1.641170 1.431296 1.077152
 43.100000 4.112247 1.376770 1.627624 1.414327 3.451439
 43.200000 4.161626 1.403532 1.628996 1.429188 0.660015
 43.300000 4.087975 1.416881 1.573663 1.395300 5.624774
 43.400000 4.122058 1.466680 1.538341 1.411672 2.722784
 43.500000 4.090548 1.449640 1.532168 1.366333 5.369324
 43.600000 4.089725 1.465867 1.507079 1.400944 5.450330
 43.700000 4.098424 1.442873 1.550499 1.415275 4.624371
 43.800000 4.131780 1.375707 1.603953 1.403503 2.085902
 43.900000 4.139499 1.405921 1.614038 1.445803 1.640578
 44.000000 4.112231 1.362562 1.657340 1.411441 3.452667
 44.100000 4.155091 1.363342 1.664610 1.433720 0.903923
 44.200000 4.125640 1.397868 1.598529 1.407843 2.478248
 44.300000 4.116086 1.412573 1.594351 1.416543 3.155998
 44.400000 4.101457 1.434446 1.538793 1.401377 4.352330
 44.500000 4.076428 1.465128 1.501165 1.399453 6.844035
 44.600000 4.108397 1.431073 1.521081 1.417886 3.760892
 44.700000 4.086672 1.433641 1.548038 1.397199 5.756346
 44.800000 4.116017 1.421390 1.560428 1.424235 3.161246
 44.900000 4.134077 1.382329 1.626754 1.418360 1.947784
 45.000000 4.117122 1.374890 1.627117 1.406160 3.078604
 45.100000 4.169449 1.391554 1.654228 1.426706 0.418345
 45.200000 4.111827 1.407607 1.627909 1.382314 3.484492
 45.300000 4.106623 1.431550 1.580178 1.412701 3.907957
 45.400000 4.142969 1.418719 1.579226 1.395205 1.457767
 45.500000 4.072590 1.456671 1.536046 1.373995 7.275774
 45.600000 4.102156 1.470641 1.522189 1.416216 4.290846
 45.700000 4.102515 1.398213 1.541228 1.416221 4.259415
 45.800000 4.094556 1.405154 1.546809 1.442770 4.983284
 45.900000 4.118394 1.399544 1.564353 1.444978 2.984818
 46.000000 4.117154 1.368410 1.657899 1.396254 3.076236
 46.100000 4.155264 1.396493 1.614389 1.437581 0.896988
 46.200000 4.128919 1.360639 1.688705 1.385632 2.264508
 46.300000 4.155814 1.401474 1.638204 1.414891 0.875066
 46.400000 4.095954 1.442392 1.572921 1.399504 4.852005
 46.500000 4.115297 1.445498 1.537373 1.401774 3.215687
 46.600000 4.085675 1.445128 1.536234 1.389778 5.858086
 46.700000 4.098681 1.459204 1.506952 1.398328 4.601014
 46.800000 4.116643 1.409252 1.575766 1.431686 3.114298
 46.900000 4.095567 1.412949 1.589664 1.385737 4.888173
 47.000000 4.139003 1.409825 1.599916 1.418250 1.667578
 47.100000 4.126617 1.388274 1.608745 1.413659 2.413603
 47.200000 4.107875 1.387356 1.649856 1.409422 3.803903
 47.300000 4.142848 1.404687 1.604260 1.431487 1.463963
 47.400000 4.127876 1.392511 1.601707 1.376126 2.331499
 47.500000 4.122778 1.441434 1.561571 1.432685 2.672709
 47.600000 4.058746 1.449200 1.504663 1.418660 8.942756
 47.700000 4.102573 1.438448 1.528220 1.405465 4.254342
 47.800000 4.109321 1.432048 1.526844 1.406420 3.685407
 47.900000 4.098640 1.425825 1.591174 1.389395 4.604697
 48.000000 4.149826 1.409542 1.632098 1.424458 1.128292
 48.100000 4.104875 1.381757 1.653112 1.383238 4.055624
 48.200000 4.165494 1.392396 1.610177 1.429794 0.533669
 48.300000 4.117200 1.371778 1.621217 1.414122 3.072752
 48.400000 4.095539 1.430592 1.576372 1.436738 4.890776
 48.500000 4.093072 1.416136 1.561922 1.417689 5.124529
 48.600000 4.134229 1.440495 1.531419 1.371389 1.938844
 48.700000 4.102849 1.452051 1.527154 1.411410 4.230250
 48.800000 4.066587 1.439729 1.566009 1.386258 7.977579
 48.900000 4.137793 1.451211 1.575762 1.395490 1.734382
 49.000000 4.121072 1.398428 1.597386 1.384107 2.792102
 49.100000 4.138131 1.417415 1.640658 1.388774 1.715619
 49.200000 4.123063 1.383463 1.609971 1.468122 2.653048
 49.300000 4.118841 1.353888 1.654571 1.392885 2.952218
 49.400000 4.146387 1.395533 1.577974 1.433236 1.288286
 49.500000 4.082254 1.398230 1.537951 1.443539 6.213896
 49.600000 4.093978 1.427853 1.541089 1.435518 5.038097
 49.700000 4.106327 1.410742 1.524322 1.434284 3.932801
 49.800000 4.107299 1.439348 1.570722 1.366177 3.851590
 49.900000 4.139912 1.421547 1.602784 1.398931 1.618261
 50.000000 4.106652 1.420793 1.665396 1.373429 3.905583
