  0.13000000E+01  0.12000000E+01  0.43926785E+02
  0.13000000E+01  0.12500000E+01  0.43926785E+02
  0.13000000E+01  0.13000000E+01  0.43926785E+02
  0.13000000E+01  0.13500000E+01  0.43926785E+02
  0.13000000E+01  0.14000000E+01  0.43926785E+02
  0.13000000E+01  0.14500000E+01  0.43926785E+02
  0.13000000E+01  0.15000000E+01  0.43926785E+02
  0.13000000E+01  0.15500000E+01  0.43926785E+02
  0.13000000E+01  0.16000000E+01  0.43926785E+02
  0.13000000E+01  0.16500000E+01  0.43926785E+02
  0.13000000E+01  0.17000000E+01  0.43926785E+02
  0.13000000E+01  0.17500000E+01  0.43926785E+02
  0.13000000E+01  0.18000000E+01  0.43926785E+02
  0.13000000E+01  0.18500000E+01  0.43926785E+02
  0.13000000E+01  0.19000000E+01  0.43926785E+02
  0.13000000E+01  0.19500000E+01  0.43926785E+02
  0.13000000E+01  0.20000000E+01  0.43926785E+02
  0.13000000E+01  0.20500000E+01  0.43926785E+02
  0.13000000E+01  0.20999999E+01  0.43926785E+02
  0.13000000E+01  0.21500001E+01  0.43926785E+02
  0.13000000E+01  0.22000000E+01  0.43926785E+02
  0.13000000E+01  0.22500000E+01  0.43926785E+02
  0.13000000E+01  0.23000000E+01  0.43926785E+02
  0.13000000E+01  0.23499999E+01  0.43926785E+02
  0.13000000E+01  0.24000001E+01  0.43926785E+02
  0.13000000E+01  0.24500000E+01  0.43926785E+02
  0.13000000E+01  0.25000000E+01  0.43926785E+02
  0.13000000E+01  0.25500000E+01  0.43926785E+02
  0.13000000E+01  0.25999999E+01  0.43926785E+02
  0.13000000E+01  0.26500001E+01  0.43926785E+02
  0.13000000E+01  0.27000000E+01  0.43926785E+02
  0.13000000E+01  0.27500000E+01  0.43926785E+02
  0.13000000E+01  0.28000000E+01  0.43926785E+02
  0.13000000E+01  0.28499999E+01  0.43926785E+02
  0.13000000E+01  0.29000001E+01  0.43926785E+02
  0.13000000E+01  0.29500000E+01  0.43926785E+02
  0.13000000E+01  0.30000000E+01  0.43926785E+02
  0.13000000E+01  0.30500000E+01  0.43926785E+02
  0.13000000E+01  0.30999999E+01  0.43926785E+02
  0.13000000E+01  0.31500001E+01  0.43926785E+02
  0.13000000E+01  0.32000000E+01  0.43926785E+02
  0.13000000E+01  0.32500000E+01  0.43926785E+02
  0.13000000E+01  0.33000000E+01  0.43926785E+02
  0.13000000E+01  0.33499999E+01  0.43926785E+02
  0.13000000E+01  0.34000001E+01  0.43926785E+02
  0.13000000E+01  0.34500000E+01  0.43926785E+02
  0.13000000E+01  0.35000000E+01  0.43926785E+02
  0.13000000E+01  0.35500000E+01  0.43926785E+02
  0.13000000E+01  0.35999999E+01  0.43926785E+02
  0.13000000E+01  0.36500001E+01  0.43926785E+02
  0.13000000E+01  0.37000000E+01  0.43926785E+02
  0.13000000E+01  0.37500000E+01  0.43926785E+02
  0.13000000E+01  0.38000000E+01  0.43926785E+02
  0.13000000E+01  0.38499999E+01  0.43926785E+02
  0.13000000E+01  0.39000001E+01  0.43926785E+02
  0.13000000E+01  0.39500000E+01  0.43926785E+02
  0.13000000E+01  0.40000000E+01  0.43926785E+02
  0.13000000E+01  0.40500002E+01  0.43926785E+02
  0.13000000E+01  0.40999999E+01  0.43926785E+02
  0.13000000E+01  0.41500001E+01  0.43926785E+02
  0.13000000E+01  0.41999998E+01  0.43926785E+02

  0.14000000E+01  0.12000000E+01  0.35559075E+02
  0.14000000E+01  0.12500000E+01  0.35559075E+02
  0.14000000E+01  0.13000000E+01  0.35559075E+02
  0.14000000E+01  0.13500000E+01 -0.87277407E+01
  0.14000000E+01  0.14000000E+01 -0.10772810E+02
  0.14000000E+01  0.14500000E+01 -0.10704733E+02
  0.14000000E+01  0.15000000E+01  0.35559075E+02
  0.14000000E+01  0.15500000E+01  0.35559075E+02
  0.14000000E+01  0.16000000E+01  0.35559075E+02
  0.14000000E+01  0.16500000E+01  0.35559075E+02
  0.14000000E+01  0.17000000E+01  0.35559075E+02
  0.14000000E+01  0.17500000E+01  0.35559075E+02
  0.14000000E+01  0.18000000E+01  0.35559075E+02
  0.14000000E+01  0.18500000E+01  0.35559075E+02
  0.14000000E+01  0.19000000E+01  0.35559075E+02
  0.14000000E+01  0.19500000E+01  0.35559075E+02
  0.14000000E+01  0.20000000E+01  0.35559075E+02
  0.14000000E+01  0.20500000E+01  0.35559075E+02
  0.14000000E+01  0.20999999E+01  0.35559075E+02
  0.14000000E+01  0.21500001E+01  0.35559075E+02
  0.14000000E+01  0.22000000E+01  0.35559075E+02
  0.14000000E+01  0.22500000E+01  0.35559075E+02
  0.14000000E+01  0.23000000E+01  0.35559075E+02
  0.14000000E+01  0.23499999E+01  0.35559075E+02
  0.14000000E+01  0.24000001E+01  0.35559075E+02
  0.14000000E+01  0.24500000E+01  0.35559075E+02
  0.14000000E+01  0.25000000E+01  0.35559075E+02
  0.14000000E+01  0.25500000E+01  0.35559075E+02
  0.14000000E+01  0.25999999E+01  0.35559075E+02
  0.14000000E+01  0.26500001E+01  0.35559075E+02
  0.14000000E+01  0.27000000E+01  0.35559075E+02
  0.14000000E+01  0.27500000E+01  0.35559075E+02
  0.14000000E+01  0.28000000E+01  0.35559075E+02
  0.14000000E+01  0.28499999E+01  0.35559075E+02
  0.14000000E+01  0.29000001E+01  0.35559075E+02
  0.14000000E+01  0.29500000E+01  0.35559075E+02
  0.14000000E+01  0.30000000E+01  0.35559075E+02
  0.14000000E+01  0.30500000E+01  0.35559075E+02
  0.14000000E+01  0.30999999E+01  0.35559075E+02
  0.14000000E+01  0.31500001E+01  0.35559075E+02
  0.14000000E+01  0.32000000E+01  0.35559075E+02
  0.14000000E+01  0.32500000E+01  0.35559075E+02
  0.14000000E+01  0.33000000E+01  0.35559075E+02
  0.14000000E+01  0.33499999E+01  0.35559075E+02
  0.14000000E+01  0.34000001E+01  0.35559075E+02
  0.14000000E+01  0.34500000E+01  0.35559075E+02
  0.14000000E+01  0.35000000E+01  0.35559075E+02
  0.14000000E+01  0.35500000E+01  0.35559075E+02
  0.14000000E+01  0.35999999E+01  0.35559075E+02
  0.14000000E+01  0.36500001E+01  0.35559075E+02
  0.14000000E+01  0.37000000E+01  0.35559075E+02
  0.14000000E+01  0.37500000E+01  0.35559075E+02
  0.14000000E+01  0.38000000E+01  0.35559075E+02
  0.14000000E+01  0.38499999E+01  0.35559075E+02
  0.14000000E+01  0.39000001E+01  0.35559075E+02
  0.14000000E+01  0.39500000E+01  0.35559075E+02
  0.14000000E+01  0.40000000E+01  0.35559075E+02
  0.14000000E+01  0.40500002E+01  0.35559075E+02
  0.14000000E+01  0.40999999E+01  0.35559075E+02
  0.14000000E+01  0.41500001E+01  0.35559075E+02
  0.14000000E+01  0.41999998E+01  0.35559075E+02

  0.15000000E+01  0.12000000E+01  0.31375513E+02
  0.15000000E+01  0.12500000E+01  0.31375513E+02
  0.15000000E+01  0.13000000E+01  0.31375513E+02
  0.15000000E+01  0.13500000E+01  0.31375513E+02
  0.15000000E+01  0.14000000E+01  0.31375513E+02
  0.15000000E+01  0.14500000E+01 -0.14629504E+02
  0.15000000E+01  0.15000000E+01 -0.14978819E+02
  0.15000000E+01  0.15500000E+01 -0.14493996E+02
  0.15000000E+01  0.16000000E+01  0.31375513E+02
  0.15000000E+01  0.16500000E+01  0.31375513E+02
  0.15000000E+01  0.17000000E+01  0.31375513E+02
  0.15000000E+01  0.17500000E+01  0.31375513E+02
  0.15000000E+01  0.18000000E+01  0.31375513E+02
  0.15000000E+01  0.18500000E+01  0.31375513E+02
  0.15000000E+01  0.19000000E+01  0.31375513E+02
  0.15000000E+01  0.19500000E+01  0.31375513E+02
  0.15000000E+01  0.20000000E+01  0.31375513E+02
  0.15000000E+01  0.20500000E+01  0.31375513E+02
  0.15000000E+01  0.20999999E+01  0.31375513E+02
  0.15000000E+01  0.21500001E+01  0.31375513E+02
  0.15000000E+01  0.22000000E+01  0.31375513E+02
  0.15000000E+01  0.22500000E+01  0.31375513E+02
  0.15000000E+01  0.23000000E+01  0.31375513E+02
  0.15000000E+01  0.23499999E+01  0.31375513E+02
  0.15000000E+01  0.24000001E+01  0.31375513E+02
  0.15000000E+01  0.24500000E+01  0.31375513E+02
  0.15000000E+01  0.25000000E+01  0.31375513E+02
  0.15000000E+01  0.25500000E+01  0.31375513E+02
  0.15000000E+01  0.25999999E+01  0.31375513E+02
  0.15000000E+01  0.26500001E+01  0.31375513E+02
  0.15000000E+01  0.27000000E+01  0.31375513E+02
  0.15000000E+01  0.27500000E+01  0.31375513E+02
  0.15000000E+01  0.28000000E+01  0.31375513E+02
  0.15000000E+01  0.28499999E+01  0.31375513E+02
  0.15000000E+01  0.29000001E+01  0.31375513E+02
  0.15000000E+01  0.29500000E+01  0.31375513E+02
  0.15000000E+01  0.30000000E+01  0.31375513E+02
  0.15000000E+01  0.30500000E+01  0.31375513E+02
  0.15000000E+01  0.30999999E+01  0.31375513E+02
  0.15000000E+01  0.31500001E+01  0.31375513E+02
  0.15000000E+01  0.32000000E+01  0.31375513E+02
  0.15000000E+01  0.32500000E+01  0.31375513E+02
  0.15000000E+01  0.33000000E+01  0.31375513E+02
  0.15000000E+01  0.33499999E+01  0.31375513E+02
  0.15000000E+01  0.34000001E+01  0.31375513E+02
  0.15000000E+01  0.34500000E+01  0.31375513E+02
  0.15000000E+01  0.35000000E+01  0.31375513E+02
  0.15000000E+01  0.35500000E+01  0.31375513E+02
  0.15000000E+01  0.35999999E+01  0.31375513E+02
  0.15000000E+01  0.36500001E+01  0.31375513E+02
  0.15000000E+01  0.37000000E+01  0.31375513E+02
  0.15000000E+01  0.37500000E+01  0.31375513E+02
  0.15000000E+01  0.38000000E+01  0.31375513E+02
  0.15000000E+01  0.38499999E+01  0.31375513E+02
  0.15000000E+01  0.39000001E+01  0.31375513E+02
  0.15000000E+01  0.39500000E+01  0.31375513E+02
  0.15000000E+01  0.40000000E+01  0.31375513E+02
  0.15000000E+01  0.40500002E+01  0.31375513E+02
  0.15000000E+01  0.40999999E+01  0.31375513E+02
  0.15000000E+01  0.41500001E+01  0.31375513E+02
  0.15000000E+01  0.41999998E+01  0.31375513E+02

  0.16000000E+01  0.12000000E+01  0.30795707E+02
  0.16000000E+01  0.12500000E+01  0.30795707E+02
  0.16000000E+01  0.13000000E+01  0.30795707E+02
  0.16000000E+01  0.13500000E+01  0.30795707E+02
  0.16000000E+01  0.14000000E+01  0.30795707E+02
  0.16000000E+01  0.14500000E+01  0.30795707E+02
  0.16000000E+01  0.15000000E+01  0.30795707E+02
  0.16000000E+01  0.15500000E+01 -0.14911539E+02
  0.16000000E+01  0.16000000E+01 -0.15273727E+02
  0.16000000E+01  0.16500000E+01 -0.14880155E+02
  0.16000000E+01  0.17000000E+01  0.30795707E+02
  0.16000000E+01  0.17500000E+01  0.30795707E+02
  0.16000000E+01  0.18000000E+01  0.30795707E+02
  0.16000000E+01  0.18500000E+01  0.30795707E+02
  0.16000000E+01  0.19000000E+01  0.30795707E+02
  0.16000000E+01  0.19500000E+01  0.30795707E+02
  0.16000000E+01  0.20000000E+01  0.30795707E+02
  0.16000000E+01  0.20500000E+01  0.30795707E+02
  0.16000000E+01  0.20999999E+01  0.30795707E+02
  0.16000000E+01  0.21500001E+01  0.30795707E+02
  0.16000000E+01  0.22000000E+01  0.30795707E+02
  0.16000000E+01  0.22500000E+01  0.30795707E+02
  0.16000000E+01  0.23000000E+01  0.30795707E+02
  0.16000000E+01  0.23499999E+01  0.30795707E+02
  0.16000000E+01  0.24000001E+01  0.30795707E+02
  0.16000000E+01  0.24500000E+01  0.30795707E+02
  0.16000000E+01  0.25000000E+01  0.30795707E+02
  0.16000000E+01  0.25500000E+01  0.30795707E+02
  0.16000000E+01  0.25999999E+01  0.30795707E+02
  0.16000000E+01  0.26500001E+01  0.30795707E+02
  0.16000000E+01  0.27000000E+01  0.30795707E+02
  0.16000000E+01  0.27500000E+01  0.30795707E+02
  0.16000000E+01  0.28000000E+01  0.30795707E+02
  0.16000000E+01  0.28499999E+01  0.30795707E+02
  0.16000000E+01  0.29000001E+01  0.30795707E+02
  0.16000000E+01  0.29500000E+01  0.30795707E+02
  0.16000000E+01  0.30000000E+01  0.30795707E+02
  0.16000000E+01  0.30500000E+01  0.30795707E+02
  0.16000000E+01  0.30999999E+01  0.30795707E+02
  0.16000000E+01  0.31500001E+01  0.30795707E+02
  0.16000000E+01  0.32000000E+01  0.30795707E+02
  0.16000000E+01  0.32500000E+01  0.30795707E+02
  0.16000000E+01  0.33000000E+01  0.30795707E+02
  0.16000000E+01  0.33499999E+01  0.30795707E+02
  0.16000000E+01  0.34000001E+01  0.30795707E+02
  0.16000000E+01  0.34500000E+01  0.30795707E+02
  0.16000000E+01  0.35000000E+01  0.30795707E+02
  0.16000000E+01  0.35500000E+01  0.30795707E+02
  0.16000000E+01  0.35999999E+01  0.30795707E+02
  0.16000000E+01  0.36500001E+01  0.30795707E+02
  0.16000000E+01  0.37000000E+01  0.30795707E+02
  0.16000000E+01  0.37500000E+01  0.30795707E+02
  0.16000000E+01  0.38000000E+01  0.30795707E+02
  0.16000000E+01  0.38499999E+01  0.30795707E+02
  0.16000000E+01  0.39000001E+01  0.30795707E+02
  0.16000000E+01  0.39500000E+01  0.30795707E+02
  0.16000000E+01  0.40000000E+01  0.30795707E+02
  0.16000000E+01  0.40500002E+01  0.30795707E+02
  0.16000000E+01  0.40999999E+01  0.30795707E+02
  0.16000000E+01  0.41500001E+01  0.30795707E+02
  0.16000000E+01  0.41999998E+01  0.30795707E+02

  0.17000000E+01  0.12000000E+01  0.33117592E+02
  0.17000000E+01  0.12500000E+01  0.33117592E+02
  0.17000000E+01  0.13000000E+01  0.33117592E+02
  0.17000000E+01  0.13500000E+01  0.33117592E+02
  0.17000000E+01  0.14000000E+01  0.33117592E+02
  0.17000000E+01  0.14500000E+01  0.33117592E+02
  0.17000000E+01  0.15000000E+01  0.33117592E+02
  0.17000000E+01  0.15500000E+01  0.33117592E+02
  0.17000000E+01  0.16000000E+01  0.33117592E+02
  0.17000000E+01  0.16500000E+01 -0.12300214E+02
  0.17000000E+01  0.17000000E+01 -0.12611860E+02
  0.17000000E+01  0.17500000E+01 -0.12520354E+02
  0.17000000E+01  0.18000000E+01  0.33117592E+02
  0.17000000E+01  0.18500000E+01  0.33117592E+02
  0.17000000E+01  0.19000000E+01  0.33117592E+02
  0.17000000E+01  0.19500000E+01  0.33117592E+02
  0.17000000E+01  0.20000000E+01  0.33117592E+02
  0.17000000E+01  0.20500000E+01  0.33117592E+02
  0.17000000E+01  0.20999999E+01  0.33117592E+02
  0.17000000E+01  0.21500001E+01  0.33117592E+02
  0.17000000E+01  0.22000000E+01  0.33117592E+02
  0.17000000E+01  0.22500000E+01  0.33117592E+02
  0.17000000E+01  0.23000000E+01  0.33117592E+02
  0.17000000E+01  0.23499999E+01  0.33117592E+02
  0.17000000E+01  0.24000001E+01  0.33117592E+02
  0.17000000E+01  0.24500000E+01  0.33117592E+02
  0.17000000E+01  0.25000000E+01  0.33117592E+02
  0.17000000E+01  0.25500000E+01  0.33117592E+02
  0.17000000E+01  0.25999999E+01  0.33117592E+02
  0.17000000E+01  0.26500001E+01  0.33117592E+02
  0.17000000E+01  0.27000000E+01  0.33117592E+02
  0.17000000E+01  0.27500000E+01  0.33117592E+02
  0.17000000E+01  0.28000000E+01  0.33117592E+02
  0.17000000E+01  0.28499999E+01  0.33117592E+02
  0.17000000E+01  0.29000001E+01  0.33117592E+02
  0.17000000E+01  0.29500000E+01  0.33117592E+02
  0.17000000E+01  0.30000000E+01  0.33117592E+02
  0.17000000E+01  0.30500000E+01  0.33117592E+02
  0.17000000E+01  0.30999999E+01  0.33117592E+02
  0.17000000E+01  0.31500001E+01  0.33117592E+02
  0.17000000E+01  0.32000000E+01  0.33117592E+02
  0.17000000E+01  0.32500000E+01  0.33117592E+02
  0.17000000E+01  0.33000000E+01  0.33117592E+02
  0.17000000E+01  0.33499999E+01  0.33117592E+02
  0.17000000E+01  0.34000001E+01  0.33117592E+02
  0.17000000E+01  0.34500000E+01  0.33117592E+02
  0.17000000E+01  0.35000000E+01  0.33117592E+02
  0.17000000E+01  0.35500000E+01  0.33117592E+02
  0.17000000E+01  0.35999999E+01  0.33117592E+02
  0.17000000E+01  0.36500001E+01  0.33117592E+02
  0.17000000E+01  0.37000000E+01  0.33117592E+02
  0.17000000E+01  0.37500000E+01  0.33117592E+02
  0.17000000E+01  0.38000000E+01  0.33117592E+02
  0.17000000E+01  0.38499999E+01  0.33117592E+02
  0.17000000E+01  0.39000001E+01  0.33117592E+02
  0.17000000E+01  0.39500000E+01  0.33117592E+02
  0.17000000E+01  0.40000000E+01  0.33117592E+02
  0.17000000E+01  0.40500002E+01  0.33117592E+02
  0.17000000E+01  0.40999999E+01  0.33117592E+02
  0.17000000E+01  0.41500001E+01  0.33117592E+02
  0.17000000E+01  0.41999998E+01  0.33117592E+02

  0.18000000E+01  0.12000000E+01  0.37559329E+02
  0.18000000E+01  0.12500000E+01  0.37559329E+02
  0.18000000E+01  0.13000000E+01  0.37559329E+02
  0.18000000E+01  0.13500000E+01  0.37559329E+02
  0.18000000E+01  0.14000000E+01  0.37559329E+02
  0.18000000E+01  0.14500000E+01  0.37559329E+02
  0.18000000E+01  0.15000000E+01  0.37559329E+02
  0.18000000E+01  0.15500000E+01  0.37559329E+02
  0.18000000E+01  0.16000000E+01  0.37559329E+02
  0.18000000E+01  0.16500000E+01  0.37559329E+02
  0.18000000E+01  0.17000000E+01  0.37559329E+02
  0.18000000E+01  0.17500000E+01 -0.77807595E+01
  0.18000000E+01  0.18000000E+01 -0.80299811E+01
  0.18000000E+01  0.18500000E+01 -0.79616235E+01
  0.18000000E+01  0.19000000E+01  0.37559329E+02
  0.18000000E+01  0.19500000E+01  0.37559329E+02
  0.18000000E+01  0.20000000E+01  0.37559329E+02
  0.18000000E+01  0.20500000E+01  0.37559329E+02
  0.18000000E+01  0.20999999E+01  0.37559329E+02
  0.18000000E+01  0.21500001E+01  0.37559329E+02
  0.18000000E+01  0.22000000E+01  0.37559329E+02
  0.18000000E+01  0.22500000E+01  0.37559329E+02
  0.18000000E+01  0.23000000E+01  0.37559329E+02
  0.18000000E+01  0.23499999E+01  0.37559329E+02
  0.18000000E+01  0.24000001E+01  0.37559329E+02
  0.18000000E+01  0.24500000E+01  0.37559329E+02
  0.18000000E+01  0.25000000E+01  0.37559329E+02
  0.18000000E+01  0.25500000E+01  0.37559329E+02
  0.18000000E+01  0.25999999E+01  0.37559329E+02
  0.18000000E+01  0.26500001E+01  0.37559329E+02
  0.18000000E+01  0.27000000E+01  0.37559329E+02
  0.18000000E+01  0.27500000E+01  0.37559329E+02
  0.18000000E+01  0.28000000E+01  0.37559329E+02
  0.18000000E+01  0.28499999E+01  0.37559329E+02
  0.18000000E+01  0.29000001E+01  0.37559329E+02
  0.18000000E+01  0.29500000E+01  0.37559329E+02
  0.18000000E+01  0.30000000E+01  0.37559329E+02
  0.18000000E+01  0.30500000E+01  0.37559329E+02
  0.18000000E+01  0.30999999E+01  0.37559329E+02
  0.18000000E+01  0.31500001E+01  0.37559329E+02
  0.18000000E+01  0.32000000E+01  0.37559329E+02
  0.18000000E+01  0.32500000E+01  0.37559329E+02
  0.18000000E+01  0.33000000E+01  0.37559329E+02
  0.18000000E+01  0.33499999E+01  0.37559329E+02
  0.18000000E+01  0.34000001E+01  0.37559329E+02
  0.18000000E+01  0.34500000E+01  0.37559329E+02
  0.18000000E+01  0.35000000E+01  0.37559329E+02
  0.18000000E+01  0.35500000E+01  0.37559329E+02
  0.18000000E+01  0.35999999E+01  0.37559329E+02
  0.18000000E+01  0.36500001E+01  0.37559329E+02
  0.18000000E+01  0.37000000E+01  0.37559329E+02
  0.18000000E+01  0.37500000E+01  0.37559329E+02
  0.18000000E+01  0.38000000E+01  0.37559329E+02
  0.18000000E+01  0.38499999E+01  0.37559329E+02
  0.18000000E+01  0.39000001E+01  0.37559329E+02
  0.18000000E+01  0.39500000E+01  0.37559329E+02
  0.18000000E+01  0.40000000E+01  0.37559329E+02
  0.18000000E+01  0.40500002E+01  0.37559329E+02
  0.18000000E+01  0.40999999E+01  0.37559329E+02
  0.18000000E+01  0.41500001E+01  0.37559329E+02
  0.18000000E+01  0.41999998E+01  0.37559329E+02

  0.19000000E+01  0.12000000E+01  0.43515580E+02
  0.19000000E+01  0.12500000E+01  0.43515580E+02
  0.19000000E+01  0.13000000E+01  0.43515580E+02
  0.19000000E+01  0.13500000E+01  0.43515580E+02
  0.19000000E+01  0.14000000E+01  0.43515580E+02
  0.19000000E+01  0.14500000E+01  0.43515580E+02
  0.19000000E+01  0.15000000E+01  0.43515580E+02
  0.19000000E+01  0.15500000E+01  0.43515580E+02
  0.19000000E+01  0.16000000E+01  0.43515580E+02
  0.19000000E+01  0.16500000E+01  0.43515580E+02
  0.19000000E+01  0.17000000E+01  0.43515580E+02
  0.19000000E+01  0.17500000E+01  0.43515580E+02
  0.19000000E+01  0.18000000E+01  0.43515580E+02
  0.19000000E+01  0.18500000E+01 -0.14293325E+01
  0.19000000E+01  0.19000000E+01 -0.19380338E+01
  0.19000000E+01  0.19500000E+01 -0.16299242E+01
  0.19000000E+01  0.20000000E+01  0.43515580E+02
  0.19000000E+01  0.20500000E+01  0.43515580E+02
  0.19000000E+01  0.20999999E+01  0.43515580E+02
  0.19000000E+01  0.21500001E+01  0.43515580E+02
  0.19000000E+01  0.22000000E+01  0.43515580E+02
  0.19000000E+01  0.22500000E+01  0.43515580E+02
  0.19000000E+01  0.23000000E+01  0.43515580E+02
  0.19000000E+01  0.23499999E+01  0.43515580E+02
  0.19000000E+01  0.24000001E+01  0.43515580E+02
  0.19000000E+01  0.24500000E+01  0.43515580E+02
  0.19000000E+01  0.25000000E+01  0.43515580E+02
  0.19000000E+01  0.25500000E+01  0.43515580E+02
  0.19000000E+01  0.25999999E+01  0.43515580E+02
  0.19000000E+01  0.26500001E+01  0.43515580E+02
  0.19000000E+01  0.27000000E+01  0.43515580E+02
  0.19000000E+01  0.27500000E+01  0.43515580E+02
  0.19000000E+01  0.28000000E+01  0.43515580E+02
  0.19000000E+01  0.28499999E+01  0.43515580E+02
  0.19000000E+01  0.29000001E+01  0.43515580E+02
  0.19000000E+01  0.29500000E+01  0.43515580E+02
  0.19000000E+01  0.30000000E+01  0.43515580E+02
  0.19000000E+01  0.30500000E+01  0.43515580E+02
  0.19000000E+01  0.30999999E+01  0.43515580E+02
  0.19000000E+01  0.31500001E+01  0.43515580E+02
  0.19000000E+01  0.32000000E+01  0.43515580E+02
  0.19000000E+01  0.32500000E+01  0.43515580E+02
  0.19000000E+01  0.33000000E+01  0.43515580E+02
  0.19000000E+01  0.33499999E+01  0.43515580E+02
  0.19000000E+01  0.34000001E+01  0.43515580E+02
  0.19000000E+01  0.34500000E+01  0.43515580E+02
  0.19000000E+01  0.35000000E+01  0.43515580E+02
  0.19000000E+01  0.35500000E+01  0.43515580E+02
  0.19000000E+01  0.35999999E+01  0.43515580E+02
  0.19000000E+01  0.36500001E+01  0.43515580E+02
  0.19000000E+01  0.37000000E+01  0.43515580E+02
  0.19000000E+01  0.37500000E+01  0.43515580E+02
  0.19000000E+01  0.38000000E+01  0.43515580E+02
  0.19000000E+01  0.38499999E+01  0.43515580E+02
  0.19000000E+01  0.39000001E+01  0.43515580E+02
  0.19000000E+01  0.39500000E+01  0.43515580E+02
  0.19000000E+01  0.40000000E+01  0.43515580E+02
  0.19000000E+01  0.40500002E+01  0.43515580E+02
  0.19000000E+01  0.40999999E+01  0.43515580E+02
  0.19000000E+01  0.41500001E+01  0.43515580E+02
  0.19000000E+01  0.41999998E+01  0.43515580E+02

  0.20000000E+01  0.12000000E+01  +Infinity
  0.20000000E+01  0.12500000E+01  +Infinity
  0.20000000E+01  0.13000000E+01  +Infinity
  0.20000000E+01  0.13500000E+01  +Infinity
  0.20000000E+01  0.14000000E+01  +Infinity
  0.20000000E+01  0.14500000E+01  +Infinity
  0.20000000E+01  0.15000000E+01  +Infinity
  0.20000000E+01  0.15500000E+01  +Infinity
  0.20000000E+01  0.16000000E+01  +Infinity
  0.20000000E+01  0.16500000E+01  +Infinity
  0.20000000E+01  0.17000000E+01  +Infinity
  0.20000000E+01  0.17500000E+01  +Infinity
  0.20000000E+01  0.18000000E+01  +Infinity
  0.20000000E+01  0.18500000E+01  +Infinity
  0.20000000E+01  0.19000000E+01  +Infinity
  0.20000000E+01  0.19500000E+01  0.55577257E+01
  0.20000000E+01  0.20000000E+01  0.48555970E+01
  0.20000000E+01  0.20500000E+01  0.52393264E+01
  0.20000000E+01  0.20999999E+01  +Infinity
  0.20000000E+01  0.21500001E+01  +Infinity
  0.20000000E+01  0.22000000E+01  +Infinity
  0.20000000E+01  0.22500000E+01  +Infinity
  0.20000000E+01  0.23000000E+01  +Infinity
  0.20000000E+01  0.23499999E+01  +Infinity
  0.20000000E+01  0.24000001E+01  +Infinity
  0.20000000E+01  0.24500000E+01  +Infinity
  0.20000000E+01  0.25000000E+01  +Infinity
  0.20000000E+01  0.25500000E+01  +Infinity
  0.20000000E+01  0.25999999E+01  +Infinity
  0.20000000E+01  0.26500001E+01  +Infinity
  0.20000000E+01  0.27000000E+01  +Infinity
  0.20000000E+01  0.27500000E+01  +Infinity
  0.20000000E+01  0.28000000E+01  +Infinity
  0.20000000E+01  0.28499999E+01  +Infinity
  0.20000000E+01  0.29000001E+01  +Infinity
  0.20000000E+01  0.29500000E+01  +Infinity
  0.20000000E+01  0.30000000E+01  +Infinity
  0.20000000E+01  0.30500000E+01  +Infinity
  0.20000000E+01  0.30999999E+01  +Infinity
  0.20000000E+01  0.31500001E+01  +Infinity
  0.20000000E+01  0.32000000E+01  +Infinity
  0.20000000E+01  0.32500000E+01  +Infinity
  0.20000000E+01  0.33000000E+01  +Infinity
  0.20000000E+01  0.33499999E+01  +Infinity
  0.20000000E+01  0.34000001E+01  +Infinity
  0.20000000E+01  0.34500000E+01  +Infinity
  0.20000000E+01  0.35000000E+01  +Infinity
  0.20000000E+01  0.35500000E+01  +Infinity
  0.20000000E+01  0.35999999E+01  +Infinity
  0.20000000E+01  0.36500001E+01  +Infinity
  0.20000000E+01  0.37000000E+01  +Infinity
  0.20000000E+01  0.37500000E+01  +Infinity
  0.20000000E+01  0.38000000E+01  +Infinity
  0.20000000E+01  0.38499999E+01  +Infinity
  0.20000000E+01  0.39000001E+01  +Infinity
  0.20000000E+01  0.39500000E+01  +Infinity
  0.20000000E+01  0.40000000E+01  +Infinity
  0.20000000E+01  0.40500002E+01  +Infinity
  0.20000000E+01  0.40999999E+01  +Infinity
  0.20000000E+01  0.41500001E+01  +Infinity
  0.20000000E+01  0.41999998E+01  +Infinity

  0.20999999E+01  0.12000000E+01  +Infinity
  0.20999999E+01  0.12500000E+01  +Infinity
  0.20999999E+01  0.13000000E+01  +Infinity
  0.20999999E+01  0.13500000E+01  +Infinity
  0.20999999E+01  0.14000000E+01  +Infinity
  0.20999999E+01  0.14500000E+01  +Infinity
  0.20999999E+01  0.15000000E+01  +Infinity
  0.20999999E+01  0.15500000E+01  +Infinity
  0.20999999E+01  0.16000000E+01  +Infinity
  0.20999999E+01  0.16500000E+01  +Infinity
  0.20999999E+01  0.17000000E+01  +Infinity
  0.20999999E+01  0.17500000E+01  +Infinity
  0.20999999E+01  0.18000000E+01  +Infinity
  0.20999999E+01  0.18500000E+01  +Infinity
  0.20999999E+01  0.19000000E+01  +Infinity
  0.20999999E+01  0.19500000E+01  +Infinity
  0.20999999E+01  0.20000000E+01  +Infinity
  0.20999999E+01  0.20500000E+01  0.12628362E+02
  0.20999999E+01  0.20999999E+01  0.13710568E+02
  0.20999999E+01  0.21500001E+01  +Infinity
  0.20999999E+01  0.22000000E+01  +Infinity
  0.20999999E+01  0.22500000E+01  +Infinity
  0.20999999E+01  0.23000000E+01  +Infinity
  0.20999999E+01  0.23499999E+01  +Infinity
  0.20999999E+01  0.24000001E+01  +Infinity
  0.20999999E+01  0.24500000E+01  +Infinity
  0.20999999E+01  0.25000000E+01  +Infinity
  0.20999999E+01  0.25500000E+01  +Infinity
  0.20999999E+01  0.25999999E+01  +Infinity
  0.20999999E+01  0.26500001E+01  +Infinity
  0.20999999E+01  0.27000000E+01  +Infinity
  0.20999999E+01  0.27500000E+01  +Infinity
  0.20999999E+01  0.28000000E+01  +Infinity
  0.20999999E+01  0.28499999E+01  +Infinity
  0.20999999E+01  0.29000001E+01  +Infinity
  0.20999999E+01  0.29500000E+01  +Infinity
  0.20999999E+01  0.30000000E+01  +Infinity
  0.20999999E+01  0.30500000E+01  +Infinity
  0.20999999E+01  0.30999999E+01  +Infinity
  0.20999999E+01  0.31500001E+01  +Infinity
  0.20999999E+01  0.32000000E+01  +Infinity
  0.20999999E+01  0.32500000E+01  +Infinity
  0.20999999E+01  0.33000000E+01  +Infinity
  0.20999999E+01  0.33499999E+01  +Infinity
  0.20999999E+01  0.34000001E+01  +Infinity
  0.20999999E+01  0.34500000E+01  +Infinity
  0.20999999E+01  0.35000000E+01  +Infinity
  0.20999999E+01  0.35500000E+01  +Infinity
  0.20999999E+01  0.35999999E+01  +Infinity
  0.20999999E+01  0.36500001E+01  +Infinity
  0.20999999E+01  0.37000000E+01  +Infinity
  0.20999999E+01  0.37500000E+01  +Infinity
  0.20999999E+01  0.38000000E+01  +Infinity
  0.20999999E+01  0.38499999E+01  +Infinity
  0.20999999E+01  0.39000001E+01  +Infinity
  0.20999999E+01  0.39500000E+01  +Infinity
  0.20999999E+01  0.40000000E+01  +Infinity
  0.20999999E+01  0.40500002E+01  +Infinity
  0.20999999E+01  0.40999999E+01  +Infinity
  0.20999999E+01  0.41500001E+01  +Infinity
  0.20999999E+01  0.41999998E+01  +Infinity

  0.22000000E+01  0.12000000E+01  +Infinity
  0.22000000E+01  0.12500000E+01  +Infinity
  0.22000000E+01  0.13000000E+01  +Infinity
  0.22000000E+01  0.13500000E+01  +Infinity
  0.22000000E+01  0.14000000E+01  +Infinity
  0.22000000E+01  0.14500000E+01  +Infinity
  0.22000000E+01  0.15000000E+01  +Infinity
  0.22000000E+01  0.15500000E+01  +Infinity
  0.22000000E+01  0.16000000E+01  +Infinity
  0.22000000E+01  0.16500000E+01  +Infinity
  0.22000000E+01  0.17000000E+01  +Infinity
  0.22000000E+01  0.17500000E+01  +Infinity
  0.22000000E+01  0.18000000E+01  +Infinity
  0.22000000E+01  0.18500000E+01  +Infinity
  0.22000000E+01  0.19000000E+01  +Infinity
  0.22000000E+01  0.19500000E+01  +Infinity
  0.22000000E+01  0.20000000E+01  +Infinity
  0.22000000E+01  0.20500000E+01  +Infinity
  0.22000000E+01  0.20999999E+01  +Infinity
  0.22000000E+01  0.21500001E+01  +Infinity
  0.22000000E+01  0.22000000E+01  0.13779058E+02
  0.22000000E+01  0.22500000E+01  0.13107773E+02
  0.22000000E+01  0.23000000E+01  +Infinity
  0.22000000E+01  0.23499999E+01  +Infinity
  0.22000000E+01  0.24000001E+01  +Infinity
  0.22000000E+01  0.24500000E+01  +Infinity
  0.22000000E+01  0.25000000E+01  +Infinity
  0.22000000E+01  0.25500000E+01  +Infinity
  0.22000000E+01  0.25999999E+01  +Infinity
  0.22000000E+01  0.26500001E+01  +Infinity
  0.22000000E+01  0.27000000E+01  +Infinity
  0.22000000E+01  0.27500000E+01  +Infinity
  0.22000000E+01  0.28000000E+01  +Infinity
  0.22000000E+01  0.28499999E+01  +Infinity
  0.22000000E+01  0.29000001E+01  +Infinity
  0.22000000E+01  0.29500000E+01  +Infinity
  0.22000000E+01  0.30000000E+01  +Infinity
  0.22000000E+01  0.30500000E+01  +Infinity
  0.22000000E+01  0.30999999E+01  +Infinity
  0.22000000E+01  0.31500001E+01  +Infinity
  0.22000000E+01  0.32000000E+01  +Infinity
  0.22000000E+01  0.32500000E+01  +Infinity
  0.22000000E+01  0.33000000E+01  +Infinity
  0.22000000E+01  0.33499999E+01  +Infinity
  0.22000000E+01  0.34000001E+01  +Infinity
  0.22000000E+01  0.34500000E+01  +Infinity
  0.22000000E+01  0.35000000E+01  +Infinity
  0.22000000E+01  0.35500000E+01  +Infinity
  0.22000000E+01  0.35999999E+01  +Infinity
  0.22000000E+01  0.36500001E+01  +Infinity
  0.22000000E+01  0.37000000E+01  +Infinity
  0.22000000E+01  0.37500000E+01  +Infinity
  0.22000000E+01  0.38000000E+01  +Infinity
  0.22000000E+01  0.38499999E+01  +Infinity
  0.22000000E+01  0.39000001E+01  +Infinity
  0.22000000E+01  0.39500000E+01  +Infinity
  0.22000000E+01  0.40000000E+01  +Infinity
  0.22000000E+01  0.40500002E+01  +Infinity
  0.22000000E+01  0.40999999E+01  +Infinity
  0.22000000E+01  0.41500001E+01  +Infinity
  0.22000000E+01  0.41999998E+01  +Infinity

  0.23000000E+01  0.12000000E+01  +Infinity
  0.23000000E+01  0.12500000E+01  +Infinity
  0.23000000E+01  0.13000000E+01  +Infinity
  0.23000000E+01  0.13500000E+01  +Infinity
  0.23000000E+01  0.14000000E+01  +Infinity
  0.23000000E+01  0.14500000E+01  +Infinity
  0.23000000E+01  0.15000000E+01  +Infinity
  0.23000000E+01  0.15500000E+01  +Infinity
  0.23000000E+01  0.16000000E+01  +Infinity
  0.23000000E+01  0.16500000E+01  +Infinity
  0.23000000E+01  0.17000000E+01  +Infinity
  0.23000000E+01  0.17500000E+01  +Infinity
  0.23000000E+01  0.18000000E+01  +Infinity
  0.23000000E+01  0.18500000E+01  +Infinity
  0.23000000E+01  0.19000000E+01  +Infinity
  0.23000000E+01  0.19500000E+01  +Infinity
  0.23000000E+01  0.20000000E+01  +Infinity
  0.23000000E+01  0.20500000E+01  +Infinity
  0.23000000E+01  0.20999999E+01  +Infinity
  0.23000000E+01  0.21500001E+01  +Infinity
  0.23000000E+01  0.22000000E+01  +Infinity
  0.23000000E+01  0.22500000E+01  0.62088569E+01
  0.23000000E+01  0.23000000E+01  0.59916818E+01
  0.23000000E+01  0.23499999E+01  0.66182993E+01
  0.23000000E+01  0.24000001E+01  +Infinity
  0.23000000E+01  0.24500000E+01  +Infinity
  0.23000000E+01  0.25000000E+01  +Infinity
  0.23000000E+01  0.25500000E+01  +Infinity
  0.23000000E+01  0.25999999E+01  +Infinity
  0.23000000E+01  0.26500001E+01  +Infinity
  0.23000000E+01  0.27000000E+01  +Infinity
  0.23000000E+01  0.27500000E+01  +Infinity
  0.23000000E+01  0.28000000E+01  +Infinity
  0.23000000E+01  0.28499999E+01  +Infinity
  0.23000000E+01  0.29000001E+01  +Infinity
  0.23000000E+01  0.29500000E+01  +Infinity
  0.23000000E+01  0.30000000E+01  +Infinity
  0.23000000E+01  0.30500000E+01  +Infinity
  0.23000000E+01  0.30999999E+01  +Infinity
  0.23000000E+01  0.31500001E+01  +Infinity
  0.23000000E+01  0.32000000E+01  +Infinity
  0.23000000E+01  0.32500000E+01  +Infinity
  0.23000000E+01  0.33000000E+01  +Infinity
  0.23000000E+01  0.33499999E+01  +Infinity
  0.23000000E+01  0.34000001E+01  +Infinity
  0.23000000E+01  0.34500000E+01  +Infinity
  0.23000000E+01  0.35000000E+01  +Infinity
  0.23000000E+01  0.35500000E+01  +Infinity
  0.23000000E+01  0.35999999E+01  +Infinity
  0.23000000E+01  0.36500001E+01  +Infinity
  0.23000000E+01  0.37000000E+01  +Infinity
  0.23000000E+01  0.37500000E+01  +Infinity
  0.23000000E+01  0.38000000E+01  +Infinity
  0.23000000E+01  0.38499999E+01  +Infinity
  0.23000000E+01  0.39000001E+01  +Infinity
  0.23000000E+01  0.39500000E+01  +Infinity
  0.23000000E+01  0.40000000E+01  +Infinity
  0.23000000E+01  0.40500002E+01  +Infinity
  0.23000000E+01  0.40999999E+01  +Infinity
  0.23000000E+01  0.41500001E+01  +Infinity
  0.23000000E+01  0.41999998E+01  +Infinity

  0.24000001E+01  0.12000000E+01  0.44881282E+02
  0.24000001E+01  0.12500000E+01  0.44881282E+02
  0.24000001E+01  0.13000000E+01  0.44881282E+02
  0.24000001E+01  0.13500000E+01  0.44881282E+02
  0.24000001E+01  0.14000000E+01  0.44881282E+02
  0.24000001E+01  0.14500000E+01  0.44881282E+02
  0.24000001E+01  0.15000000E+01  0.44881282E+02
  0.24000001E+01  0.15500000E+01  0.44881282E+02
  0.24000001E+01  0.16000000E+01  0.44881282E+02
  0.24000001E+01  0.16500000E+01  0.44881282E+02
  0.24000001E+01  0.17000000E+01  0.44881282E+02
  0.24000001E+01  0.17500000E+01  0.44881282E+02
  0.24000001E+01  0.18000000E+01  0.44881282E+02
  0.24000001E+01  0.18500000E+01  0.44881282E+02
  0.24000001E+01  0.19000000E+01  0.44881282E+02
  0.24000001E+01  0.19500000E+01  0.44881282E+02
  0.24000001E+01  0.20000000E+01  0.44881282E+02
  0.24000001E+01  0.20500000E+01  0.44881282E+02
  0.24000001E+01  0.20999999E+01  0.44881282E+02
  0.24000001E+01  0.21500001E+01  0.44881282E+02
  0.24000001E+01  0.22000000E+01  0.44881282E+02
  0.24000001E+01  0.22500000E+01  0.44881282E+02
  0.24000001E+01  0.23000000E+01  0.44881282E+02
  0.24000001E+01  0.23499999E+01  0.39442100E-01
  0.24000001E+01  0.24000001E+01 -0.38242556E+00
  0.24000001E+01  0.24500000E+01  0.18678460E+00
  0.24000001E+01  0.25000000E+01  0.44881282E+02
  0.24000001E+01  0.25500000E+01  0.44881282E+02
  0.24000001E+01  0.25999999E+01  0.44881282E+02
  0.24000001E+01  0.26500001E+01  0.44881282E+02
  0.24000001E+01  0.27000000E+01  0.44881282E+02
  0.24000001E+01  0.27500000E+01  0.44881282E+02
  0.24000001E+01  0.28000000E+01  0.44881282E+02
  0.24000001E+01  0.28499999E+01  0.44881282E+02
  0.24000001E+01  0.29000001E+01  0.44881282E+02
  0.24000001E+01  0.29500000E+01  0.44881282E+02
  0.24000001E+01  0.30000000E+01  0.44881282E+02
  0.24000001E+01  0.30500000E+01  0.44881282E+02
  0.24000001E+01  0.30999999E+01  0.44881282E+02
  0.24000001E+01  0.31500001E+01  0.44881282E+02
  0.24000001E+01  0.32000000E+01  0.44881282E+02
  0.24000001E+01  0.32500000E+01  0.44881282E+02
  0.24000001E+01  0.33000000E+01  0.44881282E+02
  0.24000001E+01  0.33499999E+01  0.44881282E+02
  0.24000001E+01  0.34000001E+01  0.44881282E+02
  0.24000001E+01  0.34500000E+01  0.44881282E+02
  0.24000001E+01  0.35000000E+01  0.44881282E+02
  0.24000001E+01  0.35500000E+01  0.44881282E+02
  0.24000001E+01  0.35999999E+01  0.44881282E+02
  0.24000001E+01  0.36500001E+01  0.44881282E+02
  0.24000001E+01  0.37000000E+01  0.44881282E+02
  0.24000001E+01  0.37500000E+01  0.44881282E+02
  0.24000001E+01  0.38000000E+01  0.44881282E+02
  0.24000001E+01  0.38499999E+01  0.44881282E+02
  0.24000001E+01  0.39000001E+01  0.44881282E+02
  0.24000001E+01  0.39500000E+01  0.44881282E+02
  0.24000001E+01  0.40000000E+01  0.44881282E+02
  0.24000001E+01  0.40500002E+01  0.44881282E+02
  0.24000001E+01  0.40999999E+01  0.44881282E+02
  0.24000001E+01  0.41500001E+01  0.44881282E+02
  0.24000001E+01  0.41999998E+01  0.44881282E+02

  0.25000000E+01  0.12000000E+01  0.39518119E+02
  0.25000000E+01  0.12500000E+01  0.39518119E+02
  0.25000000E+01  0.13000000E+01  0.39518119E+02
  0.25000000E+01  0.13500000E+01  0.39518119E+02
  0.25000000E+01  0.14000000E+01  0.39518119E+02
  0.25000000E+01  0.14500000E+01  0.39518119E+02
  0.25000000E+01  0.15000000E+01  0.39518119E+02
  0.25000000E+01  0.15500000E+01  0.39518119E+02
  0.25000000E+01  0.16000000E+01  0.39518119E+02
  0.25000000E+01  0.16500000E+01  0.39518119E+02
  0.25000000E+01  0.17000000E+01  0.39518119E+02
  0.25000000E+01  0.17500000E+01  0.39518119E+02
  0.25000000E+01  0.18000000E+01  0.39518119E+02
  0.25000000E+01  0.18500000E+01  0.39518119E+02
  0.25000000E+01  0.19000000E+01  0.39518119E+02
  0.25000000E+01  0.19500000E+01  0.39518119E+02
  0.25000000E+01  0.20000000E+01  0.39518119E+02
  0.25000000E+01  0.20500000E+01  0.39518119E+02
  0.25000000E+01  0.20999999E+01  0.39518119E+02
  0.25000000E+01  0.21500001E+01  0.39518119E+02
  0.25000000E+01  0.22000000E+01  0.39518119E+02
  0.25000000E+01  0.22500000E+01  0.39518119E+02
  0.25000000E+01  0.23000000E+01  0.39518119E+02
  0.25000000E+01  0.23499999E+01  0.39518119E+02
  0.25000000E+01  0.24000001E+01  0.39518119E+02
  0.25000000E+01  0.24500000E+01 -0.54485943E+01
  0.25000000E+01  0.25000000E+01 -0.56738017E+01
  0.25000000E+01  0.25500000E+01 -0.52846427E+01
  0.25000000E+01  0.25999999E+01  0.39518119E+02
  0.25000000E+01  0.26500001E+01  0.39518119E+02
  0.25000000E+01  0.27000000E+01  0.39518119E+02
  0.25000000E+01  0.27500000E+01  0.39518119E+02
  0.25000000E+01  0.28000000E+01  0.39518119E+02
  0.25000000E+01  0.28499999E+01  0.39518119E+02
  0.25000000E+01  0.29000001E+01  0.39518119E+02
  0.25000000E+01  0.29500000E+01  0.39518119E+02
  0.25000000E+01  0.30000000E+01  0.39518119E+02
  0.25000000E+01  0.30500000E+01  0.39518119E+02
  0.25000000E+01  0.30999999E+01  0.39518119E+02
  0.25000000E+01  0.31500001E+01  0.39518119E+02
  0.25000000E+01  0.32000000E+01  0.39518119E+02
  0.25000000E+01  0.32500000E+01  0.39518119E+02
  0.25000000E+01  0.33000000E+01  0.39518119E+02
  0.25000000E+01  0.33499999E+01  0.39518119E+02
  0.25000000E+01  0.34000001E+01  0.39518119E+02
  0.25000000E+01  0.34500000E+01  0.39518119E+02
  0.25000000E+01  0.35000000E+01  0.39518119E+02
  0.25000000E+01  0.35500000E+01  0.39518119E+02
  0.25000000E+01  0.35999999E+01  0.39518119E+02
  0.25000000E+01  0.36500001E+01  0.39518119E+02
  0.25000000E+01  0.37000000E+01  0.39518119E+02
  0.25000000E+01  0.37500000E+01  0.39518119E+02
  0.25000000E+01  0.38000000E+01  0.39518119E+02
  0.25000000E+01  0.38499999E+01  0.39518119E+02
  0.25000000E+01  0.39000001E+01  0.39518119E+02
  0.25000000E+01  0.39500000E+01  0.39518119E+02
  0.25000000E+01  0.40000000E+01  0.39518119E+02
  0.25000000E+01  0.40500002E+01  0.39518119E+02
  0.25000000E+01  0.40999999E+01  0.39518119E+02
  0.25000000E+01  0.41500001E+01  0.39518119E+02
  0.25000000E+01  0.41999998E+01  0.39518119E+02

  0.25999999E+01  0.12000000E+01  0.35161516E+02
  0.25999999E+01  0.12500000E+01  0.35161516E+02
  0.25999999E+01  0.13000000E+01  0.35161516E+02
  0.25999999E+01  0.13500000E+01  0.35161516E+02
  0.25999999E+01  0.14000000E+01  0.35161516E+02
  0.25999999E+01  0.14500000E+01  0.35161516E+02
  0.25999999E+01  0.15000000E+01  0.35161516E+02
  0.25999999E+01  0.15500000E+01  0.35161516E+02
  0.25999999E+01  0.16000000E+01  0.35161516E+02
  0.25999999E+01  0.16500000E+01  0.35161516E+02
  0.25999999E+01  0.17000000E+01  0.35161516E+02
  0.25999999E+01  0.17500000E+01  0.35161516E+02
  0.25999999E+01  0.18000000E+01  0.35161516E+02
  0.25999999E+01  0.18500000E+01  0.35161516E+02
  0.25999999E+01  0.19000000E+01  0.35161516E+02
  0.25999999E+01  0.19500000E+01  0.35161516E+02
  0.25999999E+01  0.20000000E+01  0.35161516E+02
  0.25999999E+01  0.20500000E+01  0.35161516E+02
  0.25999999E+01  0.20999999E+01  0.35161516E+02
  0.25999999E+01  0.21500001E+01  0.35161516E+02
  0.25999999E+01  0.22000000E+01  0.35161516E+02
  0.25999999E+01  0.22500000E+01  0.35161516E+02
  0.25999999E+01  0.23000000E+01  0.35161516E+02
  0.25999999E+01  0.23499999E+01  0.35161516E+02
  0.25999999E+01  0.24000001E+01  0.35161516E+02
  0.25999999E+01  0.24500000E+01  0.35161516E+02
  0.25999999E+01  0.25000000E+01  0.35161516E+02
  0.25999999E+01  0.25500000E+01 -0.96097957E+01
  0.25999999E+01  0.25999999E+01 -0.98972958E+01
  0.25999999E+01  0.26500001E+01 -0.97739079E+01
  0.25999999E+01  0.27000000E+01  0.35161516E+02
  0.25999999E+01  0.27500000E+01  0.35161516E+02
  0.25999999E+01  0.28000000E+01  0.35161516E+02
  0.25999999E+01  0.28499999E+01  0.35161516E+02
  0.25999999E+01  0.29000001E+01  0.35161516E+02
  0.25999999E+01  0.29500000E+01  0.35161516E+02
  0.25999999E+01  0.30000000E+01  0.35161516E+02
  0.25999999E+01  0.30500000E+01  0.35161516E+02
  0.25999999E+01  0.30999999E+01  0.35161516E+02
  0.25999999E+01  0.31500001E+01  0.35161516E+02
  0.25999999E+01  0.32000000E+01  0.35161516E+02
  0.25999999E+01  0.32500000E+01  0.35161516E+02
  0.25999999E+01  0.33000000E+01  0.35161516E+02
  0.25999999E+01  0.33499999E+01  0.35161516E+02
  0.25999999E+01  0.34000001E+01  0.35161516E+02
  0.25999999E+01  0.34500000E+01  0.35161516E+02
  0.25999999E+01  0.35000000E+01  0.35161516E+02
  0.25999999E+01  0.35500000E+01  0.35161516E+02
  0.25999999E+01  0.35999999E+01  0.35161516E+02
  0.25999999E+01  0.36500001E+01  0.35161516E+02
  0.25999999E+01  0.37000000E+01  0.35161516E+02
  0.25999999E+01  0.37500000E+01  0.35161516E+02
  0.25999999E+01  0.38000000E+01  0.35161516E+02
  0.25999999E+01  0.38499999E+01  0.35161516E+02
  0.25999999E+01  0.39000001E+01  0.35161516E+02
  0.25999999E+01  0.39500000E+01  0.35161516E+02
  0.25999999E+01  0.40000000E+01  0.35161516E+02
  0.25999999E+01  0.40500002E+01  0.35161516E+02
  0.25999999E+01  0.40999999E+01  0.35161516E+02
  0.25999999E+01  0.41500001E+01  0.35161516E+02
  0.25999999E+01  0.41999998E+01  0.35161516E+02

  0.27000000E+01  0.12000000E+01  0.31804934E+02
  0.27000000E+01  0.12500000E+01  0.31804934E+02
  0.27000000E+01  0.13000000E+01  0.31804934E+02
  0.27000000E+01  0.13500000E+01  0.31804934E+02
  0.27000000E+01  0.14000000E+01  0.31804934E+02
  0.27000000E+01  0.14500000E+01  0.31804934E+02
  0.27000000E+01  0.15000000E+01  0.31804934E+02
  0.27000000E+01  0.15500000E+01  0.31804934E+02
  0.27000000E+01  0.16000000E+01  0.31804934E+02
  0.27000000E+01  0.16500000E+01  0.31804934E+02
  0.27000000E+01  0.17000000E+01  0.31804934E+02
  0.27000000E+01  0.17500000E+01  0.31804934E+02
  0.27000000E+01  0.18000000E+01  0.31804934E+02
  0.27000000E+01  0.18500000E+01  0.31804934E+02
  0.27000000E+01  0.19000000E+01  0.31804934E+02
  0.27000000E+01  0.19500000E+01  0.31804934E+02
  0.27000000E+01  0.20000000E+01  0.31804934E+02
  0.27000000E+01  0.20500000E+01  0.31804934E+02
  0.27000000E+01  0.20999999E+01  0.31804934E+02
  0.27000000E+01  0.21500001E+01  0.31804934E+02
  0.27000000E+01  0.22000000E+01  0.31804934E+02
  0.27000000E+01  0.22500000E+01  0.31804934E+02
  0.27000000E+01  0.23000000E+01  0.31804934E+02
  0.27000000E+01  0.23499999E+01  0.31804934E+02
  0.27000000E+01  0.24000001E+01  0.31804934E+02
  0.27000000E+01  0.24500000E+01  0.31804934E+02
  0.27000000E+01  0.25000000E+01  0.31804934E+02
  0.27000000E+01  0.25500000E+01  0.31804934E+02
  0.27000000E+01  0.25999999E+01  0.31804934E+02
  0.27000000E+01  0.26500001E+01 -0.13000111E+02
  0.27000000E+01  0.27000000E+01 -0.13178061E+02
  0.27000000E+01  0.27500000E+01 -0.13132400E+02
  0.27000000E+01  0.28000000E+01  0.31804934E+02
  0.27000000E+01  0.28499999E+01  0.31804934E+02
  0.27000000E+01  0.29000001E+01  0.31804934E+02
  0.27000000E+01  0.29500000E+01  0.31804934E+02
  0.27000000E+01  0.30000000E+01  0.31804934E+02
  0.27000000E+01  0.30500000E+01  0.31804934E+02
  0.27000000E+01  0.30999999E+01  0.31804934E+02
  0.27000000E+01  0.31500001E+01  0.31804934E+02
  0.27000000E+01  0.32000000E+01  0.31804934E+02
  0.27000000E+01  0.32500000E+01  0.31804934E+02
  0.27000000E+01  0.33000000E+01  0.31804934E+02
  0.27000000E+01  0.33499999E+01  0.31804934E+02
  0.27000000E+01  0.34000001E+01  0.31804934E+02
  0.27000000E+01  0.34500000E+01  0.31804934E+02
  0.27000000E+01  0.35000000E+01  0.31804934E+02
  0.27000000E+01  0.35500000E+01  0.31804934E+02
  0.27000000E+01  0.35999999E+01  0.31804934E+02
  0.27000000E+01  0.36500001E+01  0.31804934E+02
  0.27000000E+01  0.37000000E+01  0.31804934E+02
  0.27000000E+01  0.37500000E+01  0.31804934E+02
  0.27000000E+01  0.38000000E+01  0.31804934E+02
  0.27000000E+01  0.38499999E+01  0.31804934E+02
  0.27000000E+01  0.39000001E+01  0.31804934E+02
  0.27000000E+01  0.39500000E+01  0.31804934E+02
  0.27000000E+01  0.40000000E+01  0.31804934E+02
  0.27000000E+01  0.40500002E+01  0.31804934E+02
  0.27000000E+01  0.40999999E+01  0.31804934E+02
  0.27000000E+01  0.41500001E+01  0.31804934E+02
  0.27000000E+01  0.41999998E+01  0.31804934E+02

  0.28000000E+01  0.12000000E+01  0.29451355E+02
  0.28000000E+01  0.12500000E+01  0.29451355E+02
  0.28000000E+01  0.13000000E+01  0.29451355E+02
  0.28000000E+01  0.13500000E+01  0.29451355E+02
  0.28000000E+01  0.14000000E+01  0.29451355E+02
  0.28000000E+01  0.14500000E+01  0.29451355E+02
  0.28000000E+01  0.15000000E+01  0.29451355E+02
  0.28000000E+01  0.15500000E+01  0.29451355E+02
  0.28000000E+01  0.16000000E+01  0.29451355E+02
  0.28000000E+01  0.16500000E+01  0.29451355E+02
  0.28000000E+01  0.17000000E+01  0.29451355E+02
  0.28000000E+01  0.17500000E+01  0.29451355E+02
  0.28000000E+01  0.18000000E+01  0.29451355E+02
  0.28000000E+01  0.18500000E+01  0.29451355E+02
  0.28000000E+01  0.19000000E+01  0.29451355E+02
  0.28000000E+01  0.19500000E+01  0.29451355E+02
  0.28000000E+01  0.20000000E+01  0.29451355E+02
  0.28000000E+01  0.20500000E+01  0.29451355E+02
  0.28000000E+01  0.20999999E+01  0.29451355E+02
  0.28000000E+01  0.21500001E+01  0.29451355E+02
  0.28000000E+01  0.22000000E+01  0.29451355E+02
  0.28000000E+01  0.22500000E+01  0.29451355E+02
  0.28000000E+01  0.23000000E+01  0.29451355E+02
  0.28000000E+01  0.23499999E+01  0.29451355E+02
  0.28000000E+01  0.24000001E+01  0.29451355E+02
  0.28000000E+01  0.24500000E+01  0.29451355E+02
  0.28000000E+01  0.25000000E+01  0.29451355E+02
  0.28000000E+01  0.25500000E+01  0.29451355E+02
  0.28000000E+01  0.25999999E+01  0.29451355E+02
  0.28000000E+01  0.26500001E+01  0.29451355E+02
  0.28000000E+01  0.27000000E+01  0.29451355E+02
  0.28000000E+01  0.27500000E+01 -0.15129976E+02
  0.28000000E+01  0.28000000E+01 -0.15594023E+02
  0.28000000E+01  0.28499999E+01 -0.15410805E+02
  0.28000000E+01  0.29000001E+01  0.29451355E+02
  0.28000000E+01  0.29500000E+01  0.29451355E+02
  0.28000000E+01  0.30000000E+01  0.29451355E+02
  0.28000000E+01  0.30500000E+01  0.29451355E+02
  0.28000000E+01  0.30999999E+01  0.29451355E+02
  0.28000000E+01  0.31500001E+01  0.29451355E+02
  0.28000000E+01  0.32000000E+01  0.29451355E+02
  0.28000000E+01  0.32500000E+01  0.29451355E+02
  0.28000000E+01  0.33000000E+01  0.29451355E+02
  0.28000000E+01  0.33499999E+01  0.29451355E+02
  0.28000000E+01  0.34000001E+01  0.29451355E+02
  0.28000000E+01  0.34500000E+01  0.29451355E+02
  0.28000000E+01  0.35000000E+01  0.29451355E+02
  0.28000000E+01  0.35500000E+01  0.29451355E+02
  0.28000000E+01  0.35999999E+01  0.29451355E+02
  0.28000000E+01  0.36500001E+01  0.29451355E+02
  0.28000000E+01  0.37000000E+01  0.29451355E+02
  0.28000000E+01  0.37500000E+01  0.29451355E+02
  0.28000000E+01  0.38000000E+01  0.29451355E+02
  0.28000000E+01  0.38499999E+01  0.29451355E+02
  0.28000000E+01  0.39000001E+01  0.29451355E+02
  0.28000000E+01  0.39500000E+01  0.29451355E+02
  0.28000000E+01  0.40000000E+01  0.29451355E+02
  0.28000000E+01  0.40500002E+01  0.29451355E+02
  0.28000000E+01  0.40999999E+01  0.29451355E+02
  0.28000000E+01  0.41500001E+01  0.29451355E+02
  0.28000000E+01  0.41999998E+01  0.29451355E+02

  0.29000001E+01  0.12000000E+01  0.28043903E+02
  0.29000001E+01  0.12500000E+01  0.28043903E+02
  0.29000001E+01  0.13000000E+01  0.28043903E+02
  0.29000001E+01  0.13500000E+01  0.28043903E+02
  0.29000001E+01  0.14000000E+01  0.28043903E+02
  0.29000001E+01  0.14500000E+01  0.28043903E+02
  0.29000001E+01  0.15000000E+01  0.28043903E+02
  0.29000001E+01  0.15500000E+01  0.28043903E+02
  0.29000001E+01  0.16000000E+01  0.28043903E+02
  0.29000001E+01  0.16500000E+01  0.28043903E+02
  0.29000001E+01  0.17000000E+01  0.28043903E+02
  0.29000001E+01  0.17500000E+01  0.28043903E+02
  0.29000001E+01  0.18000000E+01  0.28043903E+02
  0.29000001E+01  0.18500000E+01  0.28043903E+02
  0.29000001E+01  0.19000000E+01  0.28043903E+02
  0.29000001E+01  0.19500000E+01  0.28043903E+02
  0.29000001E+01  0.20000000E+01  0.28043903E+02
  0.29000001E+01  0.20500000E+01  0.28043903E+02
  0.29000001E+01  0.20999999E+01  0.28043903E+02
  0.29000001E+01  0.21500001E+01  0.28043903E+02
  0.29000001E+01  0.22000000E+01  0.28043903E+02
  0.29000001E+01  0.22500000E+01  0.28043903E+02
  0.29000001E+01  0.23000000E+01  0.28043903E+02
  0.29000001E+01  0.23499999E+01  0.28043903E+02
  0.29000001E+01  0.24000001E+01  0.28043903E+02
  0.29000001E+01  0.24500000E+01  0.28043903E+02
  0.29000001E+01  0.25000000E+01  0.28043903E+02
  0.29000001E+01  0.25500000E+01  0.28043903E+02
  0.29000001E+01  0.25999999E+01  0.28043903E+02
  0.29000001E+01  0.26500001E+01  0.28043903E+02
  0.29000001E+01  0.27000000E+01  0.28043903E+02
  0.29000001E+01  0.27500000E+01  0.28043903E+02
  0.29000001E+01  0.28000000E+01  0.28043903E+02
  0.29000001E+01  0.28499999E+01 -0.16346388E+02
  0.29000001E+01  0.29000001E+01 -0.17033226E+02
  0.29000001E+01  0.29500000E+01 -0.16619999E+02
  0.29000001E+01  0.30000000E+01  0.28043903E+02
  0.29000001E+01  0.30500000E+01  0.28043903E+02
  0.29000001E+01  0.30999999E+01  0.28043903E+02
  0.29000001E+01  0.31500001E+01  0.28043903E+02
  0.29000001E+01  0.32000000E+01  0.28043903E+02
  0.29000001E+01  0.32500000E+01  0.28043903E+02
  0.29000001E+01  0.33000000E+01  0.28043903E+02
  0.29000001E+01  0.33499999E+01  0.28043903E+02
  0.29000001E+01  0.34000001E+01  0.28043903E+02
  0.29000001E+01  0.34500000E+01  0.28043903E+02
  0.29000001E+01  0.35000000E+01  0.28043903E+02
  0.29000001E+01  0.35500000E+01  0.28043903E+02
  0.29000001E+01  0.35999999E+01  0.28043903E+02
  0.29000001E+01  0.36500001E+01  0.28043903E+02
  0.29000001E+01  0.37000000E+01  0.28043903E+02
  0.29000001E+01  0.37500000E+01  0.28043903E+02
  0.29000001E+01  0.38000000E+01  0.28043903E+02
  0.29000001E+01  0.38499999E+01  0.28043903E+02
  0.29000001E+01  0.39000001E+01  0.28043903E+02
  0.29000001E+01  0.39500000E+01  0.28043903E+02
  0.29000001E+01  0.40000000E+01  0.28043903E+02
  0.29000001E+01  0.40500002E+01  0.28043903E+02
  0.29000001E+01  0.40999999E+01  0.28043903E+02
  0.29000001E+01  0.41500001E+01  0.28043903E+02
  0.29000001E+01  0.41999998E+01  0.28043903E+02

  0.30000000E+01  0.12000000E+01  0.27504662E+02
  0.30000000E+01  0.12500000E+01  0.27504662E+02
  0.30000000E+01  0.13000000E+01  0.27504662E+02
  0.30000000E+01  0.13500000E+01  0.27504662E+02
  0.30000000E+01  0.14000000E+01  0.27504662E+02
  0.30000000E+01  0.14500000E+01  0.27504662E+02
  0.30000000E+01  0.15000000E+01  0.27504662E+02
  0.30000000E+01  0.15500000E+01  0.27504662E+02
  0.30000000E+01  0.16000000E+01  0.27504662E+02
  0.30000000E+01  0.16500000E+01  0.27504662E+02
  0.30000000E+01  0.17000000E+01  0.27504662E+02
  0.30000000E+01  0.17500000E+01  0.27504662E+02
  0.30000000E+01  0.18000000E+01  0.27504662E+02
  0.30000000E+01  0.18500000E+01  0.27504662E+02
  0.30000000E+01  0.19000000E+01  0.27504662E+02
  0.30000000E+01  0.19500000E+01  0.27504662E+02
  0.30000000E+01  0.20000000E+01  0.27504662E+02
  0.30000000E+01  0.20500000E+01  0.27504662E+02
  0.30000000E+01  0.20999999E+01  0.27504662E+02
  0.30000000E+01  0.21500001E+01  0.27504662E+02
  0.30000000E+01  0.22000000E+01  0.27504662E+02
  0.30000000E+01  0.22500000E+01  0.27504662E+02
  0.30000000E+01  0.23000000E+01  0.27504662E+02
  0.30000000E+01  0.23499999E+01  0.27504662E+02
  0.30000000E+01  0.24000001E+01  0.27504662E+02
  0.30000000E+01  0.24500000E+01  0.27504662E+02
  0.30000000E+01  0.25000000E+01  0.27504662E+02
  0.30000000E+01  0.25500000E+01  0.27504662E+02
  0.30000000E+01  0.25999999E+01  0.27504662E+02
  0.30000000E+01  0.26500001E+01  0.27504662E+02
  0.30000000E+01  0.27000000E+01  0.27504662E+02
  0.30000000E+01  0.27500000E+01  0.27504662E+02
  0.30000000E+01  0.28000000E+01  0.27504662E+02
  0.30000000E+01  0.28499999E+01  0.27504662E+02
  0.30000000E+01  0.29000001E+01  0.27504662E+02
  0.30000000E+01  0.29500000E+01 -0.16931160E+02
  0.30000000E+01  0.30000000E+01 -0.17554726E+02
  0.30000000E+01  0.30500000E+01 -0.16907778E+02
  0.30000000E+01  0.30999999E+01  0.27504662E+02
  0.30000000E+01  0.31500001E+01  0.27504662E+02
  0.30000000E+01  0.32000000E+01  0.27504662E+02
  0.30000000E+01  0.32500000E+01  0.27504662E+02
  0.30000000E+01  0.33000000E+01  0.27504662E+02
  0.30000000E+01  0.33499999E+01  0.27504662E+02
  0.30000000E+01  0.34000001E+01  0.27504662E+02
  0.30000000E+01  0.34500000E+01  0.27504662E+02
  0.30000000E+01  0.35000000E+01  0.27504662E+02
  0.30000000E+01  0.35500000E+01  0.27504662E+02
  0.30000000E+01  0.35999999E+01  0.27504662E+02
  0.30000000E+01  0.36500001E+01  0.27504662E+02
  0.30000000E+01  0.37000000E+01  0.27504662E+02
  0.30000000E+01  0.37500000E+01  0.27504662E+02
  0.30000000E+01  0.38000000E+01  0.27504662E+02
  0.30000000E+01  0.38499999E+01  0.27504662E+02
  0.30000000E+01  0.39000001E+01  0.27504662E+02
  0.30000000E+01  0.39500000E+01  0.27504662E+02
  0.30000000E+01  0.40000000E+01  0.27504662E+02
  0.30000000E+01  0.40500002E+01  0.27504662E+02
  0.30000000E+01  0.40999999E+01  0.27504662E+02
  0.30000000E+01  0.41500001E+01  0.27504662E+02
  0.30000000E+01  0.41999998E+01  0.27504662E+02

  0.30999999E+01  0.12000000E+01  0.27716769E+02
  0.30999999E+01  0.12500000E+01  0.27716769E+02
  0.30999999E+01  0.13000000E+01  0.27716769E+02
  0.30999999E+01  0.13500000E+01  0.27716769E+02
  0.30999999E+01  0.14000000E+01  0.27716769E+02
  0.30999999E+01  0.14500000E+01  0.27716769E+02
  0.30999999E+01  0.15000000E+01  0.27716769E+02
  0.30999999E+01  0.15500000E+01  0.27716769E+02
  0.30999999E+01  0.16000000E+01  0.27716769E+02
  0.30999999E+01  0.16500000E+01  0.27716769E+02
  0.30999999E+01  0.17000000E+01  0.27716769E+02
  0.30999999E+01  0.17500000E+01  0.27716769E+02
  0.30999999E+01  0.18000000E+01  0.27716769E+02
  0.30999999E+01  0.18500000E+01  0.27716769E+02
  0.30999999E+01  0.19000000E+01  0.27716769E+02
  0.30999999E+01  0.19500000E+01  0.27716769E+02
  0.30999999E+01  0.20000000E+01  0.27716769E+02
  0.30999999E+01  0.20500000E+01  0.27716769E+02
  0.30999999E+01  0.20999999E+01  0.27716769E+02
  0.30999999E+01  0.21500001E+01  0.27716769E+02
  0.30999999E+01  0.22000000E+01  0.27716769E+02
  0.30999999E+01  0.22500000E+01  0.27716769E+02
  0.30999999E+01  0.23000000E+01  0.27716769E+02
  0.30999999E+01  0.23499999E+01  0.27716769E+02
  0.30999999E+01  0.24000001E+01  0.27716769E+02
  0.30999999E+01  0.24500000E+01  0.27716769E+02
  0.30999999E+01  0.25000000E+01  0.27716769E+02
  0.30999999E+01  0.25500000E+01  0.27716769E+02
  0.30999999E+01  0.25999999E+01  0.27716769E+02
  0.30999999E+01  0.26500001E+01  0.27716769E+02
  0.30999999E+01  0.27000000E+01  0.27716769E+02
  0.30999999E+01  0.27500000E+01  0.27716769E+02
  0.30999999E+01  0.28000000E+01  0.27716769E+02
  0.30999999E+01  0.28499999E+01  0.27716769E+02
  0.30999999E+01  0.29000001E+01  0.27716769E+02
  0.30999999E+01  0.29500000E+01  0.27716769E+02
  0.30999999E+01  0.30000000E+01  0.27716769E+02
  0.30999999E+01  0.30500000E+01 -0.16786852E+02
  0.30999999E+01  0.30999999E+01 -0.17353126E+02
  0.30999999E+01  0.31500001E+01 -0.16566551E+02
  0.30999999E+01  0.32000000E+01  0.27716769E+02
  0.30999999E+01  0.32500000E+01  0.27716769E+02
  0.30999999E+01  0.33000000E+01  0.27716769E+02
  0.30999999E+01  0.33499999E+01  0.27716769E+02
  0.30999999E+01  0.34000001E+01  0.27716769E+02
  0.30999999E+01  0.34500000E+01  0.27716769E+02
  0.30999999E+01  0.35000000E+01  0.27716769E+02
  0.30999999E+01  0.35500000E+01  0.27716769E+02
  0.30999999E+01  0.35999999E+01  0.27716769E+02
  0.30999999E+01  0.36500001E+01  0.27716769E+02
  0.30999999E+01  0.37000000E+01  0.27716769E+02
  0.30999999E+01  0.37500000E+01  0.27716769E+02
  0.30999999E+01  0.38000000E+01  0.27716769E+02
  0.30999999E+01  0.38499999E+01  0.27716769E+02
  0.30999999E+01  0.39000001E+01  0.27716769E+02
  0.30999999E+01  0.39500000E+01  0.27716769E+02
  0.30999999E+01  0.40000000E+01  0.27716769E+02
  0.30999999E+01  0.40500002E+01  0.27716769E+02
  0.30999999E+01  0.40999999E+01  0.27716769E+02
  0.30999999E+01  0.41500001E+01  0.27716769E+02
  0.30999999E+01  0.41999998E+01  0.27716769E+02

  0.32000000E+01  0.12000000E+01  0.28547829E+02
  0.32000000E+01  0.12500000E+01  0.28547829E+02
  0.32000000E+01  0.13000000E+01  0.28547829E+02
  0.32000000E+01  0.13500000E+01  0.28547829E+02
  0.32000000E+01  0.14000000E+01  0.28547829E+02
  0.32000000E+01  0.14500000E+01  0.28547829E+02
  0.32000000E+01  0.15000000E+01  0.28547829E+02
  0.32000000E+01  0.15500000E+01  0.28547829E+02
  0.32000000E+01  0.16000000E+01  0.28547829E+02
  0.32000000E+01  0.16500000E+01  0.28547829E+02
  0.32000000E+01  0.17000000E+01  0.28547829E+02
  0.32000000E+01  0.17500000E+01  0.28547829E+02
  0.32000000E+01  0.18000000E+01  0.28547829E+02
  0.32000000E+01  0.18500000E+01  0.28547829E+02
  0.32000000E+01  0.19000000E+01  0.28547829E+02
  0.32000000E+01  0.19500000E+01  0.28547829E+02
  0.32000000E+01  0.20000000E+01  0.28547829E+02
  0.32000000E+01  0.20500000E+01  0.28547829E+02
  0.32000000E+01  0.20999999E+01  0.28547829E+02
  0.32000000E+01  0.21500001E+01  0.28547829E+02
  0.32000000E+01  0.22000000E+01  0.28547829E+02
  0.32000000E+01  0.22500000E+01  0.28547829E+02
  0.32000000E+01  0.23000000E+01  0.28547829E+02
  0.32000000E+01  0.23499999E+01  0.28547829E+02
  0.32000000E+01  0.24000001E+01  0.28547829E+02
  0.32000000E+01  0.24500000E+01  0.28547829E+02
  0.32000000E+01  0.25000000E+01  0.28547829E+02
  0.32000000E+01  0.25500000E+01  0.28547829E+02
  0.32000000E+01  0.25999999E+01  0.28547829E+02
  0.32000000E+01  0.26500001E+01  0.28547829E+02
  0.32000000E+01  0.27000000E+01  0.28547829E+02
  0.32000000E+01  0.27500000E+01  0.28547829E+02
  0.32000000E+01  0.28000000E+01  0.28547829E+02
  0.32000000E+01  0.28499999E+01  0.28547829E+02
  0.32000000E+01  0.29000001E+01  0.28547829E+02
  0.32000000E+01  0.29500000E+01  0.28547829E+02
  0.32000000E+01  0.30000000E+01  0.28547829E+02
  0.32000000E+01  0.30500000E+01  0.28547829E+02
  0.32000000E+01  0.30999999E+01  0.28547829E+02
  0.32000000E+01  0.31500001E+01 -0.15819420E+02
  0.32000000E+01  0.32000000E+01 -0.16540069E+02
  0.32000000E+01  0.32500000E+01 -0.15614180E+02
  0.32000000E+01  0.33000000E+01  0.28547829E+02
  0.32000000E+01  0.33499999E+01  0.28547829E+02
  0.32000000E+01  0.34000001E+01  0.28547829E+02
  0.32000000E+01  0.34500000E+01  0.28547829E+02
  0.32000000E+01  0.35000000E+01  0.28547829E+02
  0.32000000E+01  0.35500000E+01  0.28547829E+02
  0.32000000E+01  0.35999999E+01  0.28547829E+02
  0.32000000E+01  0.36500001E+01  0.28547829E+02
  0.32000000E+01  0.37000000E+01  0.28547829E+02
  0.32000000E+01  0.37500000E+01  0.28547829E+02
  0.32000000E+01  0.38000000E+01  0.28547829E+02
  0.32000000E+01  0.38499999E+01  0.28547829E+02
  0.32000000E+01  0.39000001E+01  0.28547829E+02
  0.32000000E+01  0.39500000E+01  0.28547829E+02
  0.32000000E+01  0.40000000E+01  0.28547829E+02
  0.32000000E+01  0.40500002E+01  0.28547829E+02
  0.32000000E+01  0.40999999E+01  0.28547829E+02
  0.32000000E+01  0.41500001E+01  0.28547829E+02
  0.32000000E+01  0.41999998E+01  0.28547829E+02

  0.33000000E+01  0.12000000E+01  0.29913802E+02
  0.33000000E+01  0.12500000E+01  0.29913802E+02
  0.33000000E+01  0.13000000E+01  0.29913802E+02
  0.33000000E+01  0.13500000E+01  0.29913802E+02
  0.33000000E+01  0.14000000E+01  0.29913802E+02
  0.33000000E+01  0.14500000E+01  0.29913802E+02
  0.33000000E+01  0.15000000E+01  0.29913802E+02
  0.33000000E+01  0.15500000E+01  0.29913802E+02
  0.33000000E+01  0.16000000E+01  0.29913802E+02
  0.33000000E+01  0.16500000E+01  0.29913802E+02
  0.33000000E+01  0.17000000E+01  0.29913802E+02
  0.33000000E+01  0.17500000E+01  0.29913802E+02
  0.33000000E+01  0.18000000E+01  0.29913802E+02
  0.33000000E+01  0.18500000E+01  0.29913802E+02
  0.33000000E+01  0.19000000E+01  0.29913802E+02
  0.33000000E+01  0.19500000E+01  0.29913802E+02
  0.33000000E+01  0.20000000E+01  0.29913802E+02
  0.33000000E+01  0.20500000E+01  0.29913802E+02
  0.33000000E+01  0.20999999E+01  0.29913802E+02
  0.33000000E+01  0.21500001E+01  0.29913802E+02
  0.33000000E+01  0.22000000E+01  0.29913802E+02
  0.33000000E+01  0.22500000E+01  0.29913802E+02
  0.33000000E+01  0.23000000E+01  0.29913802E+02
  0.33000000E+01  0.23499999E+01  0.29913802E+02
  0.33000000E+01  0.24000001E+01  0.29913802E+02
  0.33000000E+01  0.24500000E+01  0.29913802E+02
  0.33000000E+01  0.25000000E+01  0.29913802E+02
  0.33000000E+01  0.25500000E+01  0.29913802E+02
  0.33000000E+01  0.25999999E+01  0.29913802E+02
  0.33000000E+01  0.26500001E+01  0.29913802E+02
  0.33000000E+01  0.27000000E+01  0.29913802E+02
  0.33000000E+01  0.27500000E+01  0.29913802E+02
  0.33000000E+01  0.28000000E+01  0.29913802E+02
  0.33000000E+01  0.28499999E+01  0.29913802E+02
  0.33000000E+01  0.29000001E+01  0.29913802E+02
  0.33000000E+01  0.29500000E+01  0.29913802E+02
  0.33000000E+01  0.30000000E+01  0.29913802E+02
  0.33000000E+01  0.30500000E+01  0.29913802E+02
  0.33000000E+01  0.30999999E+01  0.29913802E+02
  0.33000000E+01  0.31500001E+01  0.29913802E+02
  0.33000000E+01  0.32000000E+01  0.29913802E+02
  0.33000000E+01  0.32500000E+01 -0.14530153E+02
  0.33000000E+01  0.33000000E+01 -0.15065650E+02
  0.33000000E+01  0.33499999E+01 -0.14258616E+02
  0.33000000E+01  0.34000001E+01  0.29913802E+02
  0.33000000E+01  0.34500000E+01  0.29913802E+02
  0.33000000E+01  0.35000000E+01  0.29913802E+02
  0.33000000E+01  0.35500000E+01  0.29913802E+02
  0.33000000E+01  0.35999999E+01  0.29913802E+02
  0.33000000E+01  0.36500001E+01  0.29913802E+02
  0.33000000E+01  0.37000000E+01  0.29913802E+02
  0.33000000E+01  0.37500000E+01  0.29913802E+02
  0.33000000E+01  0.38000000E+01  0.29913802E+02
  0.33000000E+01  0.38499999E+01  0.29913802E+02
  0.33000000E+01  0.39000001E+01  0.29913802E+02
  0.33000000E+01  0.39500000E+01  0.29913802E+02
  0.33000000E+01  0.40000000E+01  0.29913802E+02
  0.33000000E+01  0.40500002E+01  0.29913802E+02
  0.33000000E+01  0.40999999E+01  0.29913802E+02
  0.33000000E+01  0.41500001E+01  0.29913802E+02
  0.33000000E+01  0.41999998E+01  0.29913802E+02

  0.34000001E+01  0.12000000E+01  0.31455159E+02
  0.34000001E+01  0.12500000E+01  0.31455159E+02
  0.34000001E+01  0.13000000E+01  0.31455159E+02
  0.34000001E+01  0.13500000E+01  0.31455159E+02
  0.34000001E+01  0.14000000E+01  0.31455159E+02
  0.34000001E+01  0.14500000E+01  0.31455159E+02
  0.34000001E+01  0.15000000E+01  0.31455159E+02
  0.34000001E+01  0.15500000E+01  0.31455159E+02
  0.34000001E+01  0.16000000E+01  0.31455159E+02
  0.34000001E+01  0.16500000E+01  0.31455159E+02
  0.34000001E+01  0.17000000E+01  0.31455159E+02
  0.34000001E+01  0.17500000E+01  0.31455159E+02
  0.34000001E+01  0.18000000E+01  0.31455159E+02
  0.34000001E+01  0.18500000E+01  0.31455159E+02
  0.34000001E+01  0.19000000E+01  0.31455159E+02
  0.34000001E+01  0.19500000E+01  0.31455159E+02
  0.34000001E+01  0.20000000E+01  0.31455159E+02
  0.34000001E+01  0.20500000E+01  0.31455159E+02
  0.34000001E+01  0.20999999E+01  0.31455159E+02
  0.34000001E+01  0.21500001E+01  0.31455159E+02
  0.34000001E+01  0.22000000E+01  0.31455159E+02
  0.34000001E+01  0.22500000E+01  0.31455159E+02
  0.34000001E+01  0.23000000E+01  0.31455159E+02
  0.34000001E+01  0.23499999E+01  0.31455159E+02
  0.34000001E+01  0.24000001E+01  0.31455159E+02
  0.34000001E+01  0.24500000E+01  0.31455159E+02
  0.34000001E+01  0.25000000E+01  0.31455159E+02
  0.34000001E+01  0.25500000E+01  0.31455159E+02
  0.34000001E+01  0.25999999E+01  0.31455159E+02
  0.34000001E+01  0.26500001E+01  0.31455159E+02
  0.34000001E+01  0.27000000E+01  0.31455159E+02
  0.34000001E+01  0.27500000E+01  0.31455159E+02
  0.34000001E+01  0.28000000E+01  0.31455159E+02
  0.34000001E+01  0.28499999E+01  0.31455159E+02
  0.34000001E+01  0.29000001E+01  0.31455159E+02
  0.34000001E+01  0.29500000E+01  0.31455159E+02
  0.34000001E+01  0.30000000E+01  0.31455159E+02
  0.34000001E+01  0.30500000E+01  0.31455159E+02
  0.34000001E+01  0.30999999E+01  0.31455159E+02
  0.34000001E+01  0.31500001E+01  0.31455159E+02
  0.34000001E+01  0.32000000E+01  0.31455159E+02
  0.34000001E+01  0.32500000E+01  0.31455159E+02
  0.34000001E+01  0.33000000E+01  0.31455159E+02
  0.34000001E+01  0.33499999E+01 -0.12899864E+02
  0.34000001E+01  0.34000001E+01 -0.13423125E+02
  0.34000001E+01  0.34500000E+01 -0.12523094E+02
  0.34000001E+01  0.35000000E+01  0.31455159E+02
  0.34000001E+01  0.35500000E+01  0.31455159E+02
  0.34000001E+01  0.35999999E+01  0.31455159E+02
  0.34000001E+01  0.36500001E+01  0.31455159E+02
  0.34000001E+01  0.37000000E+01  0.31455159E+02
  0.34000001E+01  0.37500000E+01  0.31455159E+02
  0.34000001E+01  0.38000000E+01  0.31455159E+02
  0.34000001E+01  0.38499999E+01  0.31455159E+02
  0.34000001E+01  0.39000001E+01  0.31455159E+02
  0.34000001E+01  0.39500000E+01  0.31455159E+02
  0.34000001E+01  0.40000000E+01  0.31455159E+02
  0.34000001E+01  0.40500002E+01  0.31455159E+02
  0.34000001E+01  0.40999999E+01  0.31455159E+02
  0.34000001E+01  0.41500001E+01  0.31455159E+02
  0.34000001E+01  0.41999998E+01  0.31455159E+02

  0.35000000E+01  0.12000000E+01  0.30820217E+02
  0.35000000E+01  0.12500000E+01  0.30820217E+02
  0.35000000E+01  0.13000000E+01  0.30820217E+02
  0.35000000E+01  0.13500000E+01  0.30820217E+02
  0.35000000E+01  0.14000000E+01  0.30820217E+02
  0.35000000E+01  0.14500000E+01  0.30820217E+02
  0.35000000E+01  0.15000000E+01  0.30820217E+02
  0.35000000E+01  0.15500000E+01  0.30820217E+02
  0.35000000E+01  0.16000000E+01  0.30820217E+02
  0.35000000E+01  0.16500000E+01  0.30820217E+02
  0.35000000E+01  0.17000000E+01  0.30820217E+02
  0.35000000E+01  0.17500000E+01  0.30820217E+02
  0.35000000E+01  0.18000000E+01  0.30820217E+02
  0.35000000E+01  0.18500000E+01  0.30820217E+02
  0.35000000E+01  0.19000000E+01  0.30820217E+02
  0.35000000E+01  0.19500000E+01  0.30820217E+02
  0.35000000E+01  0.20000000E+01  0.30820217E+02
  0.35000000E+01  0.20500000E+01  0.30820217E+02
  0.35000000E+01  0.20999999E+01  0.30820217E+02
  0.35000000E+01  0.21500001E+01  0.30820217E+02
  0.35000000E+01  0.22000000E+01  0.30820217E+02
  0.35000000E+01  0.22500000E+01  0.30820217E+02
  0.35000000E+01  0.23000000E+01  0.30820217E+02
  0.35000000E+01  0.23499999E+01  0.30820217E+02
  0.35000000E+01  0.24000001E+01  0.30820217E+02
  0.35000000E+01  0.24500000E+01  0.30820217E+02
  0.35000000E+01  0.25000000E+01  0.30820217E+02
  0.35000000E+01  0.25500000E+01  0.30820217E+02
  0.35000000E+01  0.25999999E+01  0.30820217E+02
  0.35000000E+01  0.26500001E+01  0.30820217E+02
  0.35000000E+01  0.27000000E+01  0.30820217E+02
  0.35000000E+01  0.27500000E+01  0.30820217E+02
  0.35000000E+01  0.28000000E+01  0.30820217E+02
  0.35000000E+01  0.28499999E+01  0.30820217E+02
  0.35000000E+01  0.29000001E+01  0.30820217E+02
  0.35000000E+01  0.29500000E+01  0.30820217E+02
  0.35000000E+01  0.30000000E+01  0.30820217E+02
  0.35000000E+01  0.30500000E+01  0.30820217E+02
  0.35000000E+01  0.30999999E+01  0.30820217E+02
  0.35000000E+01  0.31500001E+01  0.30820217E+02
  0.35000000E+01  0.32000000E+01  0.30820217E+02
  0.35000000E+01  0.32500000E+01  0.30820217E+02
  0.35000000E+01  0.33000000E+01  0.30820217E+02
  0.35000000E+01  0.33499999E+01  0.30820217E+02
  0.35000000E+01  0.34000001E+01  0.30820217E+02
  0.35000000E+01  0.34500000E+01 -0.12687198E+02
  0.35000000E+01  0.35000000E+01 -0.13663477E+02
  0.35000000E+01  0.35500000E+01 -0.13715004E+02
  0.35000000E+01  0.35999999E+01  0.30820217E+02
  0.35000000E+01  0.36500001E+01  0.30820217E+02
  0.35000000E+01  0.37000000E+01  0.30820217E+02
  0.35000000E+01  0.37500000E+01  0.30820217E+02
  0.35000000E+01  0.38000000E+01  0.30820217E+02
  0.35000000E+01  0.38499999E+01  0.30820217E+02
  0.35000000E+01  0.39000001E+01  0.30820217E+02
  0.35000000E+01  0.39500000E+01  0.30820217E+02
  0.35000000E+01  0.40000000E+01  0.30820217E+02
  0.35000000E+01  0.40500002E+01  0.30820217E+02
  0.35000000E+01  0.40999999E+01  0.30820217E+02
  0.35000000E+01  0.41500001E+01  0.30820217E+02
  0.35000000E+01  0.41999998E+01  0.30820217E+02

  0.35999999E+01  0.12000000E+01  0.28677446E+02
  0.35999999E+01  0.12500000E+01  0.28677446E+02
  0.35999999E+01  0.13000000E+01  0.28677446E+02
  0.35999999E+01  0.13500000E+01  0.28677446E+02
  0.35999999E+01  0.14000000E+01  0.28677446E+02
  0.35999999E+01  0.14500000E+01  0.28677446E+02
  0.35999999E+01  0.15000000E+01  0.28677446E+02
  0.35999999E+01  0.15500000E+01  0.28677446E+02
  0.35999999E+01  0.16000000E+01  0.28677446E+02
  0.35999999E+01  0.16500000E+01  0.28677446E+02
  0.35999999E+01  0.17000000E+01  0.28677446E+02
  0.35999999E+01  0.17500000E+01  0.28677446E+02
  0.35999999E+01  0.18000000E+01  0.28677446E+02
  0.35999999E+01  0.18500000E+01  0.28677446E+02
  0.35999999E+01  0.19000000E+01  0.28677446E+02
  0.35999999E+01  0.19500000E+01  0.28677446E+02
  0.35999999E+01  0.20000000E+01  0.28677446E+02
  0.35999999E+01  0.20500000E+01  0.28677446E+02
  0.35999999E+01  0.20999999E+01  0.28677446E+02
  0.35999999E+01  0.21500001E+01  0.28677446E+02
  0.35999999E+01  0.22000000E+01  0.28677446E+02
  0.35999999E+01  0.22500000E+01  0.28677446E+02
  0.35999999E+01  0.23000000E+01  0.28677446E+02
  0.35999999E+01  0.23499999E+01  0.28677446E+02
  0.35999999E+01  0.24000001E+01  0.28677446E+02
  0.35999999E+01  0.24500000E+01  0.28677446E+02
  0.35999999E+01  0.25000000E+01  0.28677446E+02
  0.35999999E+01  0.25500000E+01  0.28677446E+02
  0.35999999E+01  0.25999999E+01  0.28677446E+02
  0.35999999E+01  0.26500001E+01  0.28677446E+02
  0.35999999E+01  0.27000000E+01  0.28677446E+02
  0.35999999E+01  0.27500000E+01  0.28677446E+02
  0.35999999E+01  0.28000000E+01  0.28677446E+02
  0.35999999E+01  0.28499999E+01  0.28677446E+02
  0.35999999E+01  0.29000001E+01  0.28677446E+02
  0.35999999E+01  0.29500000E+01  0.28677446E+02
  0.35999999E+01  0.30000000E+01  0.28677446E+02
  0.35999999E+01  0.30500000E+01  0.28677446E+02
  0.35999999E+01  0.30999999E+01  0.28677446E+02
  0.35999999E+01  0.31500001E+01  0.28677446E+02
  0.35999999E+01  0.32000000E+01  0.28677446E+02
  0.35999999E+01  0.32500000E+01  0.28677446E+02
  0.35999999E+01  0.33000000E+01  0.28677446E+02
  0.35999999E+01  0.33499999E+01  0.28677446E+02
  0.35999999E+01  0.34000001E+01  0.28677446E+02
  0.35999999E+01  0.34500000E+01  0.28677446E+02
  0.35999999E+01  0.35000000E+01  0.28677446E+02
  0.35999999E+01  0.35500000E+01 -0.15710657E+02
  0.35999999E+01  0.35999999E+01 -0.16214451E+02
  0.35999999E+01  0.36500001E+01 -0.15973728E+02
  0.35999999E+01  0.37000000E+01  0.28677446E+02
  0.35999999E+01  0.37500000E+01  0.28677446E+02
  0.35999999E+01  0.38000000E+01  0.28677446E+02
  0.35999999E+01  0.38499999E+01  0.28677446E+02
  0.35999999E+01  0.39000001E+01  0.28677446E+02
  0.35999999E+01  0.39500000E+01  0.28677446E+02
  0.35999999E+01  0.40000000E+01  0.28677446E+02
  0.35999999E+01  0.40500002E+01  0.28677446E+02
  0.35999999E+01  0.40999999E+01  0.28677446E+02
  0.35999999E+01  0.41500001E+01  0.28677446E+02
  0.35999999E+01  0.41999998E+01  0.28677446E+02

  0.37000000E+01  0.12000000E+01  0.28189381E+02
  0.37000000E+01  0.12500000E+01  0.28189381E+02
  0.37000000E+01  0.13000000E+01  0.28189381E+02
  0.37000000E+01  0.13500000E+01  0.28189381E+02
  0.37000000E+01  0.14000000E+01  0.28189381E+02
  0.37000000E+01  0.14500000E+01  0.28189381E+02
  0.37000000E+01  0.15000000E+01  0.28189381E+02
  0.37000000E+01  0.15500000E+01  0.28189381E+02
  0.37000000E+01  0.16000000E+01  0.28189381E+02
  0.37000000E+01  0.16500000E+01  0.28189381E+02
  0.37000000E+01  0.17000000E+01  0.28189381E+02
  0.37000000E+01  0.17500000E+01  0.28189381E+02
  0.37000000E+01  0.18000000E+01  0.28189381E+02
  0.37000000E+01  0.18500000E+01  0.28189381E+02
  0.37000000E+01  0.19000000E+01  0.28189381E+02
  0.37000000E+01  0.19500000E+01  0.28189381E+02
  0.37000000E+01  0.20000000E+01  0.28189381E+02
  0.37000000E+01  0.20500000E+01  0.28189381E+02
  0.37000000E+01  0.20999999E+01  0.28189381E+02
  0.37000000E+01  0.21500001E+01  0.28189381E+02
  0.37000000E+01  0.22000000E+01  0.28189381E+02
  0.37000000E+01  0.22500000E+01  0.28189381E+02
  0.37000000E+01  0.23000000E+01  0.28189381E+02
  0.37000000E+01  0.23499999E+01  0.28189381E+02
  0.37000000E+01  0.24000001E+01  0.28189381E+02
  0.37000000E+01  0.24500000E+01  0.28189381E+02
  0.37000000E+01  0.25000000E+01  0.28189381E+02
  0.37000000E+01  0.25500000E+01  0.28189381E+02
  0.37000000E+01  0.25999999E+01  0.28189381E+02
  0.37000000E+01  0.26500001E+01  0.28189381E+02
  0.37000000E+01  0.27000000E+01  0.28189381E+02
  0.37000000E+01  0.27500000E+01  0.28189381E+02
  0.37000000E+01  0.28000000E+01  0.28189381E+02
  0.37000000E+01  0.28499999E+01  0.28189381E+02
  0.37000000E+01  0.29000001E+01  0.28189381E+02
  0.37000000E+01  0.29500000E+01  0.28189381E+02
  0.37000000E+01  0.30000000E+01  0.28189381E+02
  0.37000000E+01  0.30500000E+01  0.28189381E+02
  0.37000000E+01  0.30999999E+01  0.28189381E+02
  0.37000000E+01  0.31500001E+01  0.28189381E+02
  0.37000000E+01  0.32000000E+01  0.28189381E+02
  0.37000000E+01  0.32500000E+01  0.28189381E+02
  0.37000000E+01  0.33000000E+01  0.28189381E+02
  0.37000000E+01  0.33499999E+01  0.28189381E+02
  0.37000000E+01  0.34000001E+01  0.28189381E+02
  0.37000000E+01  0.34500000E+01  0.28189381E+02
  0.37000000E+01  0.35000000E+01  0.28189381E+02
  0.37000000E+01  0.35500000E+01  0.28189381E+02
  0.37000000E+01  0.35999999E+01  0.28189381E+02
  0.37000000E+01  0.36500001E+01 -0.16094780E+02
  0.37000000E+01  0.37000000E+01 -0.16805582E+02
  0.37000000E+01  0.37500000E+01 -0.16067553E+02
  0.37000000E+01  0.38000000E+01  0.28189381E+02
  0.37000000E+01  0.38499999E+01  0.28189381E+02
  0.37000000E+01  0.39000001E+01  0.28189381E+02
  0.37000000E+01  0.39500000E+01  0.28189381E+02
  0.37000000E+01  0.40000000E+01  0.28189381E+02
  0.37000000E+01  0.40500002E+01  0.28189381E+02
  0.37000000E+01  0.40999999E+01  0.28189381E+02
  0.37000000E+01  0.41500001E+01  0.28189381E+02
  0.37000000E+01  0.41999998E+01  0.28189381E+02

  0.38000000E+01  0.12000000E+01  0.29698664E+02
  0.38000000E+01  0.12500000E+01  0.29698664E+02
  0.38000000E+01  0.13000000E+01  0.29698664E+02
  0.38000000E+01  0.13500000E+01  0.29698664E+02
  0.38000000E+01  0.14000000E+01  0.29698664E+02
  0.38000000E+01  0.14500000E+01  0.29698664E+02
  0.38000000E+01  0.15000000E+01  0.29698664E+02
  0.38000000E+01  0.15500000E+01  0.29698664E+02
  0.38000000E+01  0.16000000E+01  0.29698664E+02
  0.38000000E+01  0.16500000E+01  0.29698664E+02
  0.38000000E+01  0.17000000E+01  0.29698664E+02
  0.38000000E+01  0.17500000E+01  0.29698664E+02
  0.38000000E+01  0.18000000E+01  0.29698664E+02
  0.38000000E+01  0.18500000E+01  0.29698664E+02
  0.38000000E+01  0.19000000E+01  0.29698664E+02
  0.38000000E+01  0.19500000E+01  0.29698664E+02
  0.38000000E+01  0.20000000E+01  0.29698664E+02
  0.38000000E+01  0.20500000E+01  0.29698664E+02
  0.38000000E+01  0.20999999E+01  0.29698664E+02
  0.38000000E+01  0.21500001E+01  0.29698664E+02
  0.38000000E+01  0.22000000E+01  0.29698664E+02
  0.38000000E+01  0.22500000E+01  0.29698664E+02
  0.38000000E+01  0.23000000E+01  0.29698664E+02
  0.38000000E+01  0.23499999E+01  0.29698664E+02
  0.38000000E+01  0.24000001E+01  0.29698664E+02
  0.38000000E+01  0.24500000E+01  0.29698664E+02
  0.38000000E+01  0.25000000E+01  0.29698664E+02
  0.38000000E+01  0.25500000E+01  0.29698664E+02
  0.38000000E+01  0.25999999E+01  0.29698664E+02
  0.38000000E+01  0.26500001E+01  0.29698664E+02
  0.38000000E+01  0.27000000E+01  0.29698664E+02
  0.38000000E+01  0.27500000E+01  0.29698664E+02
  0.38000000E+01  0.28000000E+01  0.29698664E+02
  0.38000000E+01  0.28499999E+01  0.29698664E+02
  0.38000000E+01  0.29000001E+01  0.29698664E+02
  0.38000000E+01  0.29500000E+01  0.29698664E+02
  0.38000000E+01  0.30000000E+01  0.29698664E+02
  0.38000000E+01  0.30500000E+01  0.29698664E+02
  0.38000000E+01  0.30999999E+01  0.29698664E+02
  0.38000000E+01  0.31500001E+01  0.29698664E+02
  0.38000000E+01  0.32000000E+01  0.29698664E+02
  0.38000000E+01  0.32500000E+01  0.29698664E+02
  0.38000000E+01  0.33000000E+01  0.29698664E+02
  0.38000000E+01  0.33499999E+01  0.29698664E+02
  0.38000000E+01  0.34000001E+01  0.29698664E+02
  0.38000000E+01  0.34500000E+01  0.29698664E+02
  0.38000000E+01  0.35000000E+01  0.29698664E+02
  0.38000000E+01  0.35500000E+01  0.29698664E+02
  0.38000000E+01  0.35999999E+01  0.29698664E+02
  0.38000000E+01  0.36500001E+01  0.29698664E+02
  0.38000000E+01  0.37000000E+01  0.29698664E+02
  0.38000000E+01  0.37500000E+01 -0.14720161E+02
  0.38000000E+01  0.38000000E+01 -0.15200878E+02
  0.38000000E+01  0.38499999E+01 -0.14673463E+02
  0.38000000E+01  0.39000001E+01  0.29698664E+02
  0.38000000E+01  0.39500000E+01  0.29698664E+02
  0.38000000E+01  0.40000000E+01  0.29698664E+02
  0.38000000E+01  0.40500002E+01  0.29698664E+02
  0.38000000E+01  0.40999999E+01  0.29698664E+02
  0.38000000E+01  0.41500001E+01  0.29698664E+02
  0.38000000E+01  0.41999998E+01  0.29698664E+02

  0.39000001E+01  0.12000000E+01  0.33026311E+02
  0.39000001E+01  0.12500000E+01  0.33026311E+02
  0.39000001E+01  0.13000000E+01  0.33026311E+02
  0.39000001E+01  0.13500000E+01  0.33026311E+02
  0.39000001E+01  0.14000000E+01  0.33026311E+02
  0.39000001E+01  0.14500000E+01  0.33026311E+02
  0.39000001E+01  0.15000000E+01  0.33026311E+02
  0.39000001E+01  0.15500000E+01  0.33026311E+02
  0.39000001E+01  0.16000000E+01  0.33026311E+02
  0.39000001E+01  0.16500000E+01  0.33026311E+02
  0.39000001E+01  0.17000000E+01  0.33026311E+02
  0.39000001E+01  0.17500000E+01  0.33026311E+02
  0.39000001E+01  0.18000000E+01  0.33026311E+02
  0.39000001E+01  0.18500000E+01  0.33026311E+02
  0.39000001E+01  0.19000000E+01  0.33026311E+02
  0.39000001E+01  0.19500000E+01  0.33026311E+02
  0.39000001E+01  0.20000000E+01  0.33026311E+02
  0.39000001E+01  0.20500000E+01  0.33026311E+02
  0.39000001E+01  0.20999999E+01  0.33026311E+02
  0.39000001E+01  0.21500001E+01  0.33026311E+02
  0.39000001E+01  0.22000000E+01  0.33026311E+02
  0.39000001E+01  0.22500000E+01  0.33026311E+02
  0.39000001E+01  0.23000000E+01  0.33026311E+02
  0.39000001E+01  0.23499999E+01  0.33026311E+02
  0.39000001E+01  0.24000001E+01  0.33026311E+02
  0.39000001E+01  0.24500000E+01  0.33026311E+02
  0.39000001E+01  0.25000000E+01  0.33026311E+02
  0.39000001E+01  0.25500000E+01  0.33026311E+02
  0.39000001E+01  0.25999999E+01  0.33026311E+02
  0.39000001E+01  0.26500001E+01  0.33026311E+02
  0.39000001E+01  0.27000000E+01  0.33026311E+02
  0.39000001E+01  0.27500000E+01  0.33026311E+02
  0.39000001E+01  0.28000000E+01  0.33026311E+02
  0.39000001E+01  0.28499999E+01  0.33026311E+02
  0.39000001E+01  0.29000001E+01  0.33026311E+02
  0.39000001E+01  0.29500000E+01  0.33026311E+02
  0.39000001E+01  0.30000000E+01  0.33026311E+02
  0.39000001E+01  0.30500000E+01  0.33026311E+02
  0.39000001E+01  0.30999999E+01  0.33026311E+02
  0.39000001E+01  0.31500001E+01  0.33026311E+02
  0.39000001E+01  0.32000000E+01  0.33026311E+02
  0.39000001E+01  0.32500000E+01  0.33026311E+02
  0.39000001E+01  0.33000000E+01  0.33026311E+02
  0.39000001E+01  0.33499999E+01  0.33026311E+02
  0.39000001E+01  0.34000001E+01  0.33026311E+02
  0.39000001E+01  0.34500000E+01  0.33026311E+02
  0.39000001E+01  0.35000000E+01  0.33026311E+02
  0.39000001E+01  0.35500000E+01  0.33026311E+02
  0.39000001E+01  0.35999999E+01  0.33026311E+02
  0.39000001E+01  0.36500001E+01  0.33026311E+02
  0.39000001E+01  0.37000000E+01  0.33026311E+02
  0.39000001E+01  0.37500000E+01  0.33026311E+02
  0.39000001E+01  0.38000000E+01  0.33026311E+02
  0.39000001E+01  0.38499999E+01 -0.11442949E+02
  0.39000001E+01  0.39000001E+01 -0.11729884E+02
  0.39000001E+01  0.39500000E+01 -0.11563566E+02
  0.39000001E+01  0.40000000E+01 -0.88122100E+01
  0.39000001E+01  0.40500002E+01  0.33026311E+02
  0.39000001E+01  0.40999999E+01  0.33026311E+02
  0.39000001E+01  0.41500001E+01  0.33026311E+02
  0.39000001E+01  0.41999998E+01  0.33026311E+02

  0.40000000E+01  0.12000000E+01  0.38093597E+02
  0.40000000E+01  0.12500000E+01  0.38093597E+02
  0.40000000E+01  0.13000000E+01  0.38093597E+02
  0.40000000E+01  0.13500000E+01  0.38093597E+02
  0.40000000E+01  0.14000000E+01  0.38093597E+02
  0.40000000E+01  0.14500000E+01  0.38093597E+02
  0.40000000E+01  0.15000000E+01  0.38093597E+02
  0.40000000E+01  0.15500000E+01  0.38093597E+02
  0.40000000E+01  0.16000000E+01  0.38093597E+02
  0.40000000E+01  0.16500000E+01  0.38093597E+02
  0.40000000E+01  0.17000000E+01  0.38093597E+02
  0.40000000E+01  0.17500000E+01  0.38093597E+02
  0.40000000E+01  0.18000000E+01  0.38093597E+02
  0.40000000E+01  0.18500000E+01  0.38093597E+02
  0.40000000E+01  0.19000000E+01  0.38093597E+02
  0.40000000E+01  0.19500000E+01  0.38093597E+02
  0.40000000E+01  0.20000000E+01  0.38093597E+02
  0.40000000E+01  0.20500000E+01  0.38093597E+02
  0.40000000E+01  0.20999999E+01  0.38093597E+02
  0.40000000E+01  0.21500001E+01  0.38093597E+02
  0.40000000E+01  0.22000000E+01  0.38093597E+02
  0.40000000E+01  0.22500000E+01  0.38093597E+02
  0.40000000E+01  0.23000000E+01  0.38093597E+02
  0.40000000E+01  0.23499999E+01  0.38093597E+02
  0.40000000E+01  0.24000001E+01  0.38093597E+02
  0.40000000E+01  0.24500000E+01  0.38093597E+02
  0.40000000E+01  0.25000000E+01  0.38093597E+02
  0.40000000E+01  0.25500000E+01  0.38093597E+02
  0.40000000E+01  0.25999999E+01  0.38093597E+02
  0.40000000E+01  0.26500001E+01  0.38093597E+02
  0.40000000E+01  0.27000000E+01  0.38093597E+02
  0.40000000E+01  0.27500000E+01  0.38093597E+02
  0.40000000E+01  0.28000000E+01  0.38093597E+02
  0.40000000E+01  0.28499999E+01  0.38093597E+02
  0.40000000E+01  0.29000001E+01  0.38093597E+02
  0.40000000E+01  0.29500000E+01  0.38093597E+02
  0.40000000E+01  0.30000000E+01  0.38093597E+02
  0.40000000E+01  0.30500000E+01  0.38093597E+02
  0.40000000E+01  0.30999999E+01  0.38093597E+02
  0.40000000E+01  0.31500001E+01  0.38093597E+02
  0.40000000E+01  0.32000000E+01  0.38093597E+02
  0.40000000E+01  0.32500000E+01  0.38093597E+02
  0.40000000E+01  0.33000000E+01  0.38093597E+02
  0.40000000E+01  0.33499999E+01  0.38093597E+02
  0.40000000E+01  0.34000001E+01  0.38093597E+02
  0.40000000E+01  0.34500000E+01  0.38093597E+02
  0.40000000E+01  0.35000000E+01  0.38093597E+02
  0.40000000E+01  0.35500000E+01  0.38093597E+02
  0.40000000E+01  0.35999999E+01  0.38093597E+02
  0.40000000E+01  0.36500001E+01  0.38093597E+02
  0.40000000E+01  0.37000000E+01  0.38093597E+02
  0.40000000E+01  0.37500000E+01  0.38093597E+02
  0.40000000E+01  0.38000000E+01  0.38093597E+02
  0.40000000E+01  0.38499999E+01  0.38093597E+02
  0.40000000E+01  0.39000001E+01  0.38093597E+02
  0.40000000E+01  0.39500000E+01 -0.62644874E+01
  0.40000000E+01  0.40000000E+01 -0.54627046E+01
  0.40000000E+01  0.40500002E+01  0.38093597E+02
  0.40000000E+01  0.40999999E+01  0.38093597E+02
  0.40000000E+01  0.41500001E+01  0.38093597E+02
  0.40000000E+01  0.41999998E+01  0.38093597E+02

