#Position, DFT_FES_PMF, DPMD_FES_PMF
1.399999999999999911e+00 1.391160128115686412e+01 8.140384749874813863e+00
1.405210420841683350e+00 1.342527694874496369e+01 7.848329959134843214e+00
1.410420841683366566e+00 1.293895261633308458e+01 7.556275168394884112e+00
1.415631262525050005e+00 1.245262828392118415e+01 7.264220377654913463e+00
1.420841683366733443e+00 1.196630395150928372e+01 6.980767072268620588e+00
1.426052104208416660e+00 1.147997961909740461e+01 6.708453395455137525e+00
1.431262525050100098e+00 1.099365528668550418e+01 6.448877630338251343e+00
1.436472945891783537e+00 1.050733095427360553e+01 6.196053654481316286e+00
1.441683366733466753e+00 1.002100662186172464e+01 5.959994472441316304e+00
1.446893787575150192e+00 9.534682289449825987e+00 5.728104041268937685e+00
1.452104208416833631e+00 9.048357957037925559e+00 5.513505228415353621e+00
1.457314629258516847e+00 8.562033624626046446e+00 5.304660878904721599e+00
1.462525050100200286e+00 8.075709292214146018e+00 5.108797528097931639e+00
1.467735470941883724e+00 7.589384959802245589e+00 4.922638303056498188e+00
1.472945891783566941e+00 7.103060627390366477e+00 4.745259001326585846e+00
1.478156312625250379e+00 6.616736294978466049e+00 4.581423943561831358e+00
1.483366733466933818e+00 6.179462558055717203e+00 4.422277277938866824e+00
1.488577154308617256e+00 5.894103484228889300e+00 4.280405430258260147e+00
1.493787575150300473e+00 5.608744410402072944e+00 4.142406004812922760e+00
1.498997995991983911e+00 5.323385336575245042e+00 4.018970257754316933e+00
1.504208416833667350e+00 5.038026262748417139e+00 3.902456637285824481e+00
1.509418837675350566e+00 4.752667188921600783e+00 3.796482110454534098e+00
1.514629258517034005e+00 4.467308115094772880e+00 3.701047521478455948e+00
1.519839679358717444e+00 4.181949041267944978e+00 3.612231033016118253e+00
1.525050100200400660e+00 3.896589967441128621e+00 3.537436656715123640e+00
1.530260521042084099e+00 3.611230893614300275e+00 3.466297933912418472e+00
1.535470941883767537e+00 3.325871819787472372e+00 3.410875227748607852e+00
1.540681362725450754e+00 3.040512745960656460e+00 3.359801381565933998e+00
1.545891783567134192e+00 2.755153672133828113e+00 3.320614419331691991e+00
1.551102204408817631e+00 2.469794598307000211e+00 3.289164066001625031e+00
1.556312625250500847e+00 2.384888757167428430e+00 3.265905416217155910e+00
1.561523046092184286e+00 2.333336805999481012e+00 3.253637171972275421e+00
1.566733466933867724e+00 2.281784854831533149e+00 3.245999403157781238e+00
1.571943887775550941e+00 2.230232903663587951e+00 3.252471884230663690e+00
1.577154308617234379e+00 2.178680952495640533e+00 3.262237688843506955e+00
1.582364729458917818e+00 2.127129001327692670e+00 3.284919387529572798e+00
1.587575150300601035e+00 2.075577050159747472e+00 3.312850581405131667e+00
1.592785571142284473e+00 2.024025098991799609e+00 3.350230866621782599e+00
1.597995991983967912e+00 1.972473147823852191e+00 3.395885086887626692e+00
1.603206412825651128e+00 1.920921196655906993e+00 3.447654824363742154e+00
1.608416833667334567e+00 1.869369245487959352e+00 3.510550771830514005e+00
1.613627254509018005e+00 1.817817294320011712e+00 3.576499542801415021e+00
1.618837675350701222e+00 1.766265343152066514e+00 3.655926750488629029e+00
1.624048096192384660e+00 1.812634849463708120e+00 3.738374086979283195e+00
1.629258517034068099e+00 1.969154671533782652e+00 3.831014358181537460e+00
1.634468937875751315e+00 2.125674493603850745e+00 3.929369680484161798e+00
1.639679358717434754e+00 2.282194315673925278e+00 4.034811666151254528e+00
1.644889779559118193e+00 2.438714137743999810e+00 4.148484394558076715e+00
1.650100200400801409e+00 2.595233959814067681e+00 4.266316745639811892e+00
1.655310621242484848e+00 2.751753781884142214e+00 4.394716300443051615e+00
1.660521042084168286e+00 2.908273603954217190e+00 4.525684434620670160e+00
1.665731462925851503e+00 3.064793426024285061e+00 4.667063469381116825e+00
1.670941883767534941e+00 3.221313248094359594e+00 4.811988619589788740e+00
1.676152304609218380e+00 3.377833070164434126e+00 4.964523972614305336e+00
1.681362725450901596e+00 3.534352892234502441e+00 5.122815559146245867e+00
1.686573146292585035e+00 3.690872714304576974e+00 5.286095881384633266e+00
1.691783567134268473e+00 3.859382918927824591e+00 5.457163324532075421e+00
1.696993987975951690e+00 4.158844029089444838e+00 5.630777266934130054e+00
1.702204408817635128e+00 4.458305139251078408e+00 5.814043775450135954e+00
1.707414829659318567e+00 4.757766249412711090e+00 5.999428334298105625e+00
1.712625250501001783e+00 5.057227359574331338e+00 6.192668597893143279e+00
1.717835671342685222e+00 5.356688469735964908e+00 6.389790529410248610e+00
1.723046092184368661e+00 5.656149579897597590e+00 6.592564714217370003e+00
1.728256513026051877e+00 5.955610690059218726e+00 6.801200919312784698e+00
1.733466933867735316e+00 6.255071800220851408e+00 7.013354336581187454e+00
1.738677354709418754e+00 6.554532910382484090e+00 7.233282726405569463e+00
1.743887775551101971e+00 6.853994020544105226e+00 7.455211357149854834e+00
1.749098196392785409e+00 7.153455130705738796e+00 7.685659173088430052e+00
1.754308617234468848e+00 7.452916240867371478e+00 7.918590499613768152e+00
1.759519038076152286e+00 7.752377351029004160e+00 8.157953481761238024e+00
1.764729458917835503e+00 8.099747541354687996e+00 8.401665415218252164e+00
1.769939879759518941e+00 8.467929723230863459e+00 8.649788874823819640e+00
1.775150300601202380e+00 8.836111905107040698e+00 8.904059326363174875e+00
1.780360721442885596e+00 9.204294086983200174e+00 9.160788574676034912e+00
1.785571142284569035e+00 9.572476268859377413e+00 9.425395455448363435e+00
1.790781563126252474e+00 9.940658450735554652e+00 9.691820265398595424e+00
1.795991983967935690e+00 1.030884063261171413e+01 9.965297024873672527e+00
1.801202404809619129e+00 1.067702281448789137e+01 1.024174722200555543e+01
1.806412825651302567e+00 1.104520499636406683e+01 1.052330711297484811e+01
1.811623246492986006e+00 1.141338717824024407e+01 1.080930345098805567e+01
1.816833667334669222e+00 1.178156936011640354e+01 1.109843776373963209e+01
1.822044088176352661e+00 1.214975154199258078e+01 1.139317522531250049e+01
1.827254509018036099e+00 1.251793372386875802e+01 1.168941887032516291e+01
1.832464929859719316e+00 1.288875452936909127e+01 1.199189714965374876e+01
1.837675350701402754e+00 1.326543682606763852e+01 1.229575599051623946e+01
1.842885771543086193e+00 1.364211912276618754e+01 1.260400378073274652e+01
1.848096192384769410e+00 1.401880141946471880e+01 1.291461402243305479e+01
1.853306613226452848e+00 1.439548371616326783e+01 1.322802967527040430e+01
1.858517034068136287e+00 1.477216601286181508e+01 1.354452752279655670e+01
1.863727454909819503e+00 1.514884830956034634e+01 1.386250938998767346e+01
1.868937875751502942e+00 1.552553060625889536e+01 1.418403104832765571e+01
1.874148296593186380e+00 1.590221290295744438e+01 1.450634980464981716e+01
1.879358717434869597e+00 1.627889519965597742e+01 1.483165915574729610e+01
1.884569138276553035e+00 1.665557749635452467e+01 1.515787578112635359e+01
1.889779559118236474e+00 1.703225979305307192e+01 1.548594640177643100e+01
1.894989979959919690e+00 1.740894208975160495e+01 1.581519758726744662e+01
1.900200400801603129e+00 1.778562438645015220e+01 1.614542871873756624e+01
1.905410821643286567e+00 1.813192664741365689e+01 1.647713604232774287e+01
1.910621242484969784e+00 1.847571913786188702e+01 1.680929864012315633e+01
1.915831663326653223e+00 1.881951162831013136e+01 1.714406151245843191e+01
1.921042084168336661e+00 1.916330411875837925e+01 1.747957398941223417e+01
1.926252505010019878e+00 1.950709660920660937e+01 1.781789577396448010e+01
1.931462925851703316e+00 1.985088909965485371e+01 1.815804598301058448e+01
1.936673346693386755e+00 2.019468159010310160e+01 1.850074348430024429e+01
1.941883767535069971e+00 2.053847408055133172e+01 1.884677200065366165e+01
1.947094188376753410e+00 2.088226657099957606e+01 1.919470930092003869e+01
1.952304609218436848e+00 2.122605906144782395e+01 1.954785669979581897e+01
1.957515030060120065e+00 2.156985155189605408e+01 1.990239559295360294e+01
1.962725450901803503e+00 2.191364404234429841e+01 2.026340473789137775e+01
1.967935871743486942e+00 2.225743653279254630e+01 2.062667958176225369e+01
1.973146292585170158e+00 2.256683326255589961e+01 2.099552077239468773e+01
1.978356713426853597e+00 2.284656940040388662e+01 2.136877214219367005e+01
1.983567134268537036e+00 2.312630553825187718e+01 2.174630946076011995e+01
1.988777555110220252e+00 2.340604167609985353e+01 2.213077793170220886e+01
1.993987975951903691e+00 2.368577781394784409e+01 2.251787546044197796e+01
1.999198396793587129e+00 2.396551395179583466e+01 2.291475103932866375e+01
2.004408817635270346e+00 2.424525008964381101e+01 2.331364851281438533e+01
2.009619238476953562e+00 2.452498622749178736e+01 2.372001003279613940e+01
2.014829659318637223e+00 2.480472236533978858e+01 2.412800741918174552e+01
2.020040080160320439e+00 2.508445850318776849e+01 2.453869009570188453e+01
2.025250501002004100e+00 2.536419464103576615e+01 2.494909203307516421e+01
2.030460921843687316e+00 2.564393077888374606e+01 2.535930400922924832e+01
2.035671342685370533e+00 2.592366691673172241e+01 2.576523076017736358e+01
2.040881763527053749e+00 2.618925046181559679e+01 2.616985700146248206e+01
2.046092184368737410e+00 2.637478067187910469e+01 2.656475200617119015e+01
2.051302605210420626e+00 2.656031088194259837e+01 2.695593544311002177e+01
2.056513026052104287e+00 2.674584109200610627e+01 2.733598417673936254e+01
2.061723446893787504e+00 2.693137130206959995e+01 2.770684507191910839e+01
2.066933867735470720e+00 2.711690151213309363e+01 2.806725567756462425e+01
2.072144288577153937e+00 2.730243172219658732e+01 2.841091429357248899e+01
2.077354709418837597e+00 2.748796193226009521e+01 2.874689491432979338e+01
2.082565130260520814e+00 2.767349214232358889e+01 2.905647151375298165e+01
2.087775551102204474e+00 2.785902235238709679e+01 2.935910005787582122e+01
2.092985971943887691e+00 2.804455256245059047e+01 2.963184513814331567e+01
2.098196392785570907e+00 2.823008277251408416e+01 2.989148518710070945e+01
2.103406813627254124e+00 2.841561298257757784e+01 3.012560491192789058e+01
2.108617234468937784e+00 2.860114319264108573e+01 3.033704982948595941e+01
2.113827655310621001e+00 2.869353994936669849e+01 3.053047118229162038e+01
2.119038076152304662e+00 2.875708787155066304e+01 3.069219908612987879e+01
2.124248496993987878e+00 2.882063579373462758e+01 3.084472566607435695e+01
2.129458917835671095e+00 2.888418371591858858e+01 3.095649826063742083e+01
2.134669338677354755e+00 2.894773163810255667e+01 3.105929631968730575e+01
2.139879759519037972e+00 2.901127956028651766e+01 3.112957613393041356e+01
2.145090180360721188e+00 2.907482748247048221e+01 3.118213366552772570e+01
2.150300601202404849e+00 2.913837540465445031e+01 3.121106148693064597e+01
2.155511022044088065e+00 2.920192332683841130e+01 3.121315967865686858e+01
2.160721442885771282e+00 2.926547124902237584e+01 3.120058310055992479e+01
2.165931863727454942e+00 2.932901917120634039e+01 3.115200313999652337e+01
2.171142284569138159e+00 2.939256709339030493e+01 3.109433542754417701e+01
2.176352705410821375e+00 2.945611501557426593e+01 3.099829283046850037e+01
2.181563126252505036e+00 2.946844759193248109e+01 3.088966174754914817e+01
2.186773547094188253e+00 2.939606258317833465e+01 3.075165753099459209e+01
2.191983967935871469e+00 2.932367757442418821e+01 3.059184426518971733e+01
2.197194388777555130e+00 2.925129256567003466e+01 3.041172602249660528e+01
2.202404809619238346e+00 2.917890755691588822e+01 3.020089351162581792e+01
2.207615230460921563e+00 2.910652254816174178e+01 2.997902771995333282e+01
2.212825651302605223e+00 2.903413753940758824e+01 2.972086195421884725e+01
2.218036072144288440e+00 2.896175253065344180e+01 2.945525723528549733e+01
2.223246492985971656e+00 2.888936752189929535e+01 2.916224007915015548e+01
2.228456913827655317e+00 2.881698251314514181e+01 2.885828498923314100e+01
2.233667334669338533e+00 2.874459750439099537e+01 2.853717038852108701e+01
2.238877755511022194e+00 2.867221249563684182e+01 2.820202416192544703e+01
2.244088176352705410e+00 2.859982748688269538e+01 2.785779864799341610e+01
2.249298597194388627e+00 2.852744247812854894e+01 2.749862051902419680e+01
2.254509018036071843e+00 2.833142425969625577e+01 2.713570757249291177e+01
2.259719438877755504e+00 2.813416209670387147e+01 2.676021982619106154e+01
2.264929859719438721e+00 2.793689993371150138e+01 2.638260691453947260e+01
2.270140280561122381e+00 2.773963777071911707e+01 2.599896784908782266e+01
2.275350701402805598e+00 2.754237560772674698e+01 2.561381420662094399e+01
2.280561122244488814e+00 2.734511344473438044e+01 2.522701035337625086e+01
2.285771543086172031e+00 2.714785128174201034e+01 2.484147521439909667e+01
2.290981963927855691e+00 2.695058911874962604e+01 2.445649310471802096e+01
2.296192384769538908e+00 2.675332695575725594e+01 2.407773530086377889e+01
2.301402805611222568e+00 2.655606479276487164e+01 2.370096004434546089e+01
2.306613226452905785e+00 2.635880262977250510e+01 2.333337293743587892e+01
2.311823647294589001e+00 2.616154046678013501e+01 2.296947101635487343e+01
2.317034068136272218e+00 2.596427830378776491e+01 2.261241301181266294e+01
2.322244488977955879e+00 2.571406716760840894e+01 2.226086889256993118e+01
2.327454909819639095e+00 2.542904060163139235e+01 2.191352087471868160e+01
2.332665330661322756e+00 2.514401403565435444e+01 2.157315854123597276e+01
2.337875751503005972e+00 2.485898746967734141e+01 2.123473022209690342e+01
2.343086172344689189e+00 2.457396090370032482e+01 2.090434483059832615e+01
2.348296593186372405e+00 2.428893433772331178e+01 2.057556538073913188e+01
2.353507014028056066e+00 2.400390777174627033e+01 2.025243262890224472e+01
2.358717434869739282e+00 2.371888120576925729e+01 1.993212603224464274e+01
2.363927855711422943e+00 2.343385463979221583e+01 1.961542680439305997e+01
2.369138276553106159e+00 2.314882807381520280e+01 1.930241704485877463e+01
2.374348697394789376e+00 2.286380150783818621e+01 1.899133222531610343e+01
2.379559118236472592e+00 2.257877494186117318e+01 1.868444328682684841e+01
2.384769539078156253e+00 2.229374837588413527e+01 1.837852297634826115e+01
2.389979959919839470e+00 2.200066974683682730e+01 1.807620962639412454e+01
2.395190380761523130e+00 2.167846451239102734e+01 1.777487886351256208e+01
2.400400801603206347e+00 2.135625927794525580e+01 1.747572786275759427e+01
2.405611222444889563e+00 2.103405404349948782e+01 1.717802160640011522e+01
2.410821643286572780e+00 2.071184880905371628e+01 1.688160390585660764e+01
2.416032064128256440e+00 2.038964357460791632e+01 1.658738301774980428e+01
2.421242484969939657e+00 2.006743834016214478e+01 1.629390841520766031e+01
2.426452905811623317e+00 1.974523310571634482e+01 1.600353218657581422e+01
2.431663326653306534e+00 1.942302787127057684e+01 1.571390514506501290e+01
2.436873747494989750e+00 1.910082263682480530e+01 1.542712683002029372e+01
2.442084168336672967e+00 1.877861740237903376e+01 1.514184979077400328e+01
2.447294589178356627e+00 1.845641216793323380e+01 1.485882466522532930e+01
2.452505010020040288e+00 1.813420693348743384e+01 1.457828531488742208e+01
2.457715430861723505e+00 1.781200169904166586e+01 1.429928340933307673e+01
2.462925851703406721e+00 1.749773133678370485e+01 1.402386943454749790e+01
2.468136272545089938e+00 1.718508795280354562e+01 1.374940524096734151e+01
2.473346693386773154e+00 1.687244456882338994e+01 1.347925986689631550e+01
2.478557114228456815e+00 1.655980118484320585e+01 1.321042639165799848e+01
2.483767535070140475e+00 1.624715780086302175e+01 1.294511432907596316e+01
2.488977955911823692e+00 1.593451441688286430e+01 1.268229925882342712e+01
2.494188376753506908e+00 1.562187103290270684e+01 1.242209053822866593e+01
2.499398797595190125e+00 1.530922764892254939e+01 1.216567512150227159e+01
2.504609218436873341e+00 1.499658426494239194e+01 1.191083066900419318e+01
2.509819639278557002e+00 1.468394088096220784e+01 1.166102678616920052e+01
2.515030060120240663e+00 1.437129749698202374e+01 1.141239947433977875e+01
2.520240480961923879e+00 1.405865411300186629e+01 1.116837941951850866e+01
2.525450901803607096e+00 1.374601072902170884e+01 1.092626944368308450e+01
2.530661322645290312e+00 1.345101526870197972e+01 1.068754465733743331e+01
2.535871743486973529e+00 1.317819872436249362e+01 1.045183735460450514e+01
2.541082164328657189e+00 1.290538218002298265e+01 1.021832797203391330e+01
2.546292585170340850e+00 1.263256563568347346e+01 9.988908679511977695e+00
2.551503006012024066e+00 1.235974909134398736e+01 9.760607059935580310e+00
2.556713426853707283e+00 1.208693254700450126e+01 9.537288890813560016e+00
2.561923847695390499e+00 1.181411600266501516e+01 9.315125820365738107e+00
2.567134268537073716e+00 1.154129945832552906e+01 9.096783460917187369e+00
2.572344689378757376e+00 1.126848291398601809e+01 8.880644276706439300e+00
2.577555110220441037e+00 1.099566636964650890e+01 8.667197862230803906e+00
2.582765531062124253e+00 1.072284982530702280e+01 8.456967901365683105e+00
2.587975951903807470e+00 1.045003328096753670e+01 8.248337567162463912e+00
2.593186372745490686e+00 1.017721673662805060e+01 8.043902166751463412e+00
2.598396793587173903e+00 9.907294396955050431e+00 7.840491190417225198e+00
2.603607214428857564e+00 9.685806489361585392e+00 7.641261893964954588e+00
2.608817635270541224e+00 9.464318581768118577e+00 7.443531294856012615e+00
2.614028056112224441e+00 9.242830674174671302e+00 7.248964612360778048e+00
2.619238476953907657e+00 9.021342766581224026e+00 7.056929439100779078e+00
2.624448897795590874e+00 8.799854858987776751e+00 6.867056945915912536e+00
2.629659318637274090e+00 8.578366951394329476e+00 6.680762704868456581e+00
2.634869739478957751e+00 8.356879043800864437e+00 6.495616205072606952e+00
2.640080160320641411e+00 8.135391136207397622e+00 6.315108557807758594e+00
2.645290581162324628e+00 7.913903228613950347e+00 6.135643564349273049e+00
2.650501002004007844e+00 7.692415321020503072e+00 5.960044463567490958e+00
2.655711422845691061e+00 7.470927413427055797e+00 5.786425582953125257e+00
2.660921843687374722e+00 7.249439505833590758e+00 5.615647887796344051e+00
2.666132264529057938e+00 7.027951598240143483e+00 5.447920781596175210e+00
2.671342685370741599e+00 6.839071038494556554e+00 5.281996296143073977e+00
2.676553106212424815e+00 6.666275873408653574e+00 5.120206625927181676e+00
2.681763527054108032e+00 6.493480708322749706e+00 4.959483235404640311e+00
2.686973947895791248e+00 6.320685543236846726e+00 4.803360581594895429e+00
2.692184368737474909e+00 6.147890378150928647e+00 4.648634146118113541e+00
2.697394789579158125e+00 5.975095213065025668e+00 4.497460114248030827e+00
2.702605210420841786e+00 5.802300047979107589e+00 4.348770368753022808e+00
2.707815631262525002e+00 5.629504882893204609e+00 4.202564909633114354e+00
2.713026052104208219e+00 5.456709717807300741e+00 4.059906461970706815e+00
2.718236472945891435e+00 5.283914552721397762e+00 3.918642113338858923e+00
2.723446893787575096e+00 5.111119387635479683e+00 3.781964444274648507e+00
2.728657314629258313e+00 4.938324222549576703e+00 3.646348628512678047e+00
2.733867735470941973e+00 4.765529057463658624e+00 3.514848554266137626e+00
2.739078156312625190e+00 4.603913418850186012e+00 3.385139940895736110e+00
2.744288577154308406e+00 4.470632406526260816e+00 3.258463030546473682e+00
2.749498997995991623e+00 4.337351394202335619e+00 3.134605173699190228e+00
2.754709418837675283e+00 4.204070381878399765e+00 3.012712111716911778e+00
2.759919839679358500e+00 4.070789369554474568e+00 2.894648565524293282e+00
2.765130260521042160e+00 3.937508357230538270e+00 2.777617666811411201e+00
2.770340681362725377e+00 3.804227344906613517e+00 2.665174354972341675e+00
2.775551102204408593e+00 3.670946332582688321e+00 2.553864190707491932e+00
2.780761523046091810e+00 3.537665320258763124e+00 2.446086780644619818e+00
2.785971943887775470e+00 3.404384307934827270e+00 2.340440904959329327e+00
2.791182364729458687e+00 3.271103295610902073e+00 2.237290081142390807e+00
2.796392785571142348e+00 3.137822283286965774e+00 2.137252064096132109e+00
2.801603206412825564e+00 3.004541270963041022e+00 2.038688534467576918e+00
2.806813627254508781e+00 2.871260258639115825e+00 1.944205071815824137e+00
2.812024048096191997e+00 2.765908570073775330e+00 1.850709896370173357e+00
2.817234468937875658e+00 2.663791929035475903e+00 1.761220580026643834e+00
2.822444889779558874e+00 2.561675287997184469e+00 1.673224208797828627e+00
2.827655310621242535e+00 2.459558646958885042e+00 1.588229780971696536e+00
2.832865731462925751e+00 2.357442005920594053e+00 1.505692221233544403e+00
2.838076152304608968e+00 2.255325364882303063e+00 1.425164826294642584e+00
2.843286573146292184e+00 2.153208723844012074e+00 1.348046085320982135e+00
2.848496993987975845e+00 2.051092082805712202e+00 1.271957867639132544e+00
2.853707414829659506e+00 1.948975441767412553e+00 1.200217952703789726e+00
2.858917835671342722e+00 1.846858800729121564e+00 1.129433405083883235e+00
2.864128256513025939e+00 1.744742159690830574e+00 1.062139975025648830e+00
2.869338677354709155e+00 1.642625518652539363e+00 9.966821236218900149e-01
2.874549098196392372e+00 1.540508877614248373e+00 9.337443039302077974e-01
2.879759519038076032e+00 1.453243518637878928e+00 8.735731560164229359e-01
2.884969939879759693e+00 1.380277706232280632e+00 8.149630910611196377e-01
2.890180360721442909e+00 1.307311893826688776e+00 7.600386539111464446e-01
2.895390781563126126e+00 1.234346081421096697e+00 7.060488526917496621e-01
2.900601202404809342e+00 1.161380269015504840e+00 6.560102152385172136e-01
2.905811623246492559e+00 1.088414456609912762e+00 6.072100301770241293e-01
2.911022044088176219e+00 1.015448644204314688e+00 5.614002545492402518e-01
2.916232464929859880e+00 9.424828317987165027e-01 5.177203566325888628e-01
2.921442885771543096e+00 8.695170193931245350e-01 4.760809709287038283e-01
2.926653306613226313e+00 7.965512069875325674e-01 4.374368152933487686e-01
2.931863727454909530e+00 7.235853945819405997e-01 3.999085296835241943e-01
2.937074148296592746e+00 6.506195821763486320e-01 3.662149930737761405e-01
2.942284569138276407e+00 5.776537697707504471e-01 3.333944317995466422e-01
2.947494989979960067e+00 5.089340524699883517e-01 3.039104768883529317e-01
2.952705410821643284e+00 4.705644700653467405e-01 2.759295779581936725e-01
2.957915831663326500e+00 4.321948876607051848e-01 2.503788536515715868e-01
2.963126252505009717e+00 3.938253052560636291e-01 2.271524938097901902e-01
2.968336673346692933e+00 3.554557228514220735e-01 2.054757102779027345e-01
2.973547094188376594e+00 3.170861404467772426e-01 1.869187662688133467e-01
2.978757515030060254e+00 2.787165580421324118e-01 1.691907537216566781e-01
2.983967935871743471e+00 2.403469756374908561e-01 1.550839822497512288e-01
2.989178356713426687e+00 2.019773932328493005e-01 1.419144288537465826e-01
2.994388777555109904e+00 1.636078108282077448e-01 1.315037286670844574e-01
2.999599198396793120e+00 1.252382284235661891e-01 1.228077532547993261e-01
3.004809619238476781e+00 8.686864601892135829e-02 1.160343480440887004e-01
3.010020040080160442e+00 4.849906361427652746e-02 1.117313188632389626e-01
3.015230460921843658e+00 1.012948120963497178e-02 1.085418788771975729e-01
3.020440881763526875e+00 3.493147260584535986e-03 1.085582055000677559e-01
3.025651302605210091e+00 8.239256374748954448e-03 1.093381704298243967e-01
3.030861723446893752e+00 1.298536548891377797e-02 1.131665581423476896e-01
3.036072144288576968e+00 1.773147460307819556e-02 1.181722855885744272e-01
3.041282565130260629e+00 2.247758371724301735e-02 1.254345808577341792e-01
3.046492985971943845e+00 2.722369283140743668e-02 1.345942790831806679e-01
3.051703406813627062e+00 3.196980194557185601e-02 1.452404777138713299e-01
3.056913827655310278e+00 3.671591105973627533e-02 1.584823549812851284e-01
3.062124248496993939e+00 4.146202017390109712e-02 1.724624527784105743e-01
3.067334669338677156e+00 4.620812928806551645e-02 1.897147173505464302e-01
3.072545090180360816e+00 5.095423840223033823e-02 2.076716867139163647e-01
3.077755511022044033e+00 5.570034751639475756e-02 2.281695702586079566e-01
3.082965931863727249e+00 6.044645663055917689e-02 2.500433476472909144e-01
3.088176352705410466e+00 8.099274596612918153e-02 2.737251177731194751e-01
3.093386773547094126e+00 1.309763559413314460e-01 2.994439114498700372e-01
3.098597194388777343e+00 1.809599659165294083e-01 3.262595639617290599e-01
3.103807615230461003e+00 2.309435758917317005e-01 3.557461704456987839e-01
3.109018036072144220e+00 2.809271858669296629e-01 3.858957477048280960e-01
3.114228456913827436e+00 3.309107958421276807e-01 4.187790029402045366e-01
3.119438877755510653e+00 3.808944058173256431e-01 4.525403052686905458e-01
3.124649298597194313e+00 4.308780157925279353e-01 4.883159509284318300e-01
3.129859719438877530e+00 4.808616257677258976e-01 5.255488939996615372e-01
3.135070140280561191e+00 5.308452357429280788e-01 5.641193566129486525e-01
3.140280561122244407e+00 5.808288457181260966e-01 6.046838528009681468e-01
3.145490981963927624e+00 6.308124556933241145e-01 6.459515588969864108e-01
3.150701402805610840e+00 6.807960656685220213e-01 6.897075205758412819e-01
3.155911823647294501e+00 7.307796756437243690e-01 7.340127635784758908e-01
3.161122244488977717e+00 8.125779633943872593e-01 7.803822362275204538e-01
3.166332665330661378e+00 8.956143707989171476e-01 8.276963429398965788e-01
3.171543086172344594e+00 9.786507782034399305e-01 8.764703386592296308e-01
3.176753507014027811e+00 1.061687185607962824e+00 9.266532214553875324e-01
3.181963927855711027e+00 1.144723593012485496e+00 9.777341667742001086e-01
3.187174348697394688e+00 1.227760000417015274e+00 1.030645738028195035e+00
3.192384769539077904e+00 1.310796407821538168e+00 1.084034116228543398e+00
3.197595190380761565e+00 1.393832815226068167e+00 1.139436429276359464e+00
3.202805611222444782e+00 1.476869222630591061e+00 1.195392040697736302e+00
3.208016032064127998e+00 1.559905630035113733e+00 1.252887915159040411e+00
3.213226452905811215e+00 1.642942037439636405e+00 1.311481090168501451e+00
3.218436873747494875e+00 1.725978444844166404e+00 1.371252847248210394e+00
3.223647294589178536e+00 1.809014852248696181e+00 1.432767351718549298e+00
3.228857715430861752e+00 1.895444385512963681e+00 1.495028747927724000e+00
3.234068136272544969e+00 1.984373574321183664e+00 1.559771475135537822e+00
3.239278557114228185e+00 2.073302763129403647e+00 1.625132166205829565e+00
3.244488977955911402e+00 2.162231951937623631e+00 1.693014110207161416e+00
3.249699398797595062e+00 2.251161140745851164e+00 1.762003054057092344e+00
3.254909819639278723e+00 2.340090329554079140e+00 1.833015906721118471e+00
3.260120240480961940e+00 2.429019518362299124e+00 1.905939996627286748e+00
3.265330661322645156e+00 2.517948707170519107e+00 1.980297514465066078e+00
3.270541082164328373e+00 2.606877895978739090e+00 2.057463643704089407e+00
3.275751503006011589e+00 2.695807084786959074e+00 2.135406527356673134e+00
3.280961923847695250e+00 2.784736273595187050e+00 2.217094645075197601e+00
3.286172344689378910e+00 2.873665462403414583e+00 2.299679598102791989e+00
3.291382765531062127e+00 2.962594651211634567e+00 2.385353650528286185e+00
3.296593186372745343e+00 3.046348921959864509e+00 2.472879417805678326e+00
3.301803607214428560e+00 3.107909176666162843e+00 2.562734761832231811e+00
3.307014028056111776e+00 3.169469431372460733e+00 2.654963255751836559e+00
3.312224448897795437e+00 3.231029686078764396e+00 2.748410394211124874e+00
3.317434869739479097e+00 3.292589940785068059e+00 2.843562458307238749e+00
3.322645290581162314e+00 3.354150195491366393e+00 2.938970795572048988e+00
3.327855711422845530e+00 3.415710450197664727e+00 3.034572472063881143e+00
3.333066132264528747e+00 3.477270704903962617e+00 3.129698753311565884e+00
3.338276553106211963e+00 3.538830959610260951e+00 3.223787808572020186e+00
3.343486973947895624e+00 3.600391214316564614e+00 3.316153138851261950e+00
3.348697394789579285e+00 3.661951469022867833e+00 3.407002979381912766e+00
3.353907815631262501e+00 3.723511723729166611e+00 3.494128463741373647e+00
3.359118236472945718e+00 3.785071978435464501e+00 3.580012496043774028e+00
3.364328657314628934e+00 3.846632233141762836e+00 3.659419239532136991e+00
3.369539078156312151e+00 3.866909077378709370e+00 3.737047342423193363e+00
3.374749498997995811e+00 3.877016175540022314e+00 3.807819977773807985e+00
3.379959919839679472e+00 3.887123273701334814e+00 3.874498143389559779e+00
3.385170340681362688e+00 3.897230371862646869e+00 3.935125190016616870e+00
3.390380761523045905e+00 3.907337470023958481e+00 3.988374523405727956e+00
3.395591182364729121e+00 3.917444568185270093e+00 4.037129387810803216e+00
3.400801603206412782e+00 3.927551666346583037e+00 4.074538799722411397e+00
3.406012024048095999e+00 3.937658764507894649e+00 4.108974213479337223e+00
3.411222444889779215e+00 3.947765862669206705e+00 4.130185459711310791e+00
3.416432865731462876e+00 3.957872960830519204e+00 4.147631425530086346e+00
3.421643286573146092e+00 3.967980058991830816e+00 4.155150742986788437e+00
3.426853707414829309e+00 3.978087157153142872e+00 4.156096084821517600e+00
3.432064128256512969e+00 3.988194255314455372e+00 4.150276901016243691e+00
3.437274549098196186e+00 3.975189604345650274e+00 4.135229039796724848e+00
3.442484969939879402e+00 3.929688663208461108e+00 4.116424782242765090e+00
3.447695390781563063e+00 3.884187722071268389e+00 4.085891138898793074e+00
3.452905811623246279e+00 3.838686780934079223e+00 4.052657353082272707e+00
3.458116232464929496e+00 3.793185839796890058e+00 4.008943230570809924e+00
3.463326653306613157e+00 3.747684898659697339e+00 3.960885076976132790e+00
3.468537074148296373e+00 3.702183957522508173e+00 3.905246163255859049e+00
3.473747494989979590e+00 3.656683016385319007e+00 3.842871062812834193e+00
3.478957915831663250e+00 3.611182075248126289e+00 3.775660785397030761e+00
3.484168336673346467e+00 3.565681134110937123e+00 3.699476159035448131e+00
3.489378757515029683e+00 3.520180192973747957e+00 3.620853936354045732e+00
3.494589178356713344e+00 3.474679251836555238e+00 3.531561214087066247e+00
3.499799599198396560e+00 3.429178310699366072e+00 3.439832801391721873e+00
3.505010020040080221e+00 3.382616515034047033e+00 3.340206847004370427e+00
3.510220440881763437e+00 3.300392898694338495e+00 3.236650160808481225e+00
3.515430861723446654e+00 3.218169282354629956e+00 3.128358026055838792e+00
3.520641282565130314e+00 3.135945666014914313e+00 3.015666399297206368e+00
3.525851703406813531e+00 3.053722049675205774e+00 2.900821829642039162e+00
3.531062124248496747e+00 2.971498433335497236e+00 2.782030947493149942e+00
3.536272545090180408e+00 2.889274816995781592e+00 2.662499885286619072e+00
3.541482965931863625e+00 2.807051200656073497e+00 2.540894889109387211e+00
3.546693386773546841e+00 2.724827584316364515e+00 2.419222295655807375e+00
3.551903807615230502e+00 2.642603967976649315e+00 2.297409307859032968e+00
3.557114228456913718e+00 2.560380351636940777e+00 2.176631452443827275e+00
3.562324649298596935e+00 2.478156735297232238e+00 2.056725287455196671e+00
3.567535070140280595e+00 2.395933118957516594e+00 1.939878439363792229e+00
3.572745490981963812e+00 2.313709502617808056e+00 1.823993911610965135e+00
3.577955911823647028e+00 2.230096076760232471e+00 1.714114340128813474e+00
3.583166332665330689e+00 2.145708179692409345e+00 1.605987048450199239e+00
3.588376753507013905e+00 2.061320282624593769e+00 1.504490238451969164e+00
3.593587174348697122e+00 1.976932385556777971e+00 1.407287872016790731e+00
3.598797595190380783e+00 1.892544488488955068e+00 1.316156960274194931e+00
3.604008016032063999e+00 1.808156591421139270e+00 1.232599833883103457e+00
3.609218436873747216e+00 1.723768694353323472e+00 1.153450051510113816e+00
3.614428857715430876e+00 1.639380797285500346e+00 1.084507325493245133e+00
3.619639278557114093e+00 1.554992900217684770e+00 1.018161165925089540e+00
3.624849699398797309e+00 1.470605003149868972e+00 9.627402082332980893e-01
3.630060120240480970e+00 1.386217106082046069e+00 9.105857489918058878e-01
3.635270541082164186e+00 1.301829209014230271e+00 8.665975358760776848e-01
3.640480961923847403e+00 1.217441311946414473e+00 8.282216092437756361e-01
3.645691382765531063e+00 1.142074591485321866e+00 7.953783621944238158e-01
3.650901803607214280e+00 1.093004701251453881e+00 7.703678004538309088e-01
3.656112224448897496e+00 1.043934811017585895e+00 7.483817409611738247e-01
3.661322645290581157e+00 9.948649207837136910e-01 7.363233763948012767e-01
3.666533066132264373e+00 9.457950305498455945e-01 7.265224107478616133e-01
3.671743486973947590e+00 8.967251403159774981e-01 7.253873908395179759e-01
3.676953907815631251e+00 8.476552500821052938e-01 7.280000654415347272e-01
3.682164328657314467e+00 7.985853598482373084e-01 7.368588975608176828e-01
3.687374749498997684e+00 7.495154696143691009e-01 7.514720446943050636e-01
3.692585170340681344e+00 7.004455793804968966e-01 7.700369503315249720e-01
3.697795591182364561e+00 6.513756891466289112e-01 7.962383772940633264e-01
3.703006012024047777e+00 6.023057989127608147e-01 8.244862215800202732e-01
3.708216432865731438e+00 5.532359086788886104e-01 8.616910591431761191e-01
3.713426853707414654e+00 5.041660184450205140e-01 9.011548254620447285e-01
3.718637274549097871e+00 5.123286918048819416e-01 9.475263304396981390e-01
3.723847695390781531e+00 5.291420658178028757e-01 9.981351852511650691e-01
3.729058116232464748e+00 5.459554398307223666e-01 1.053633289870870016e+00
3.734268537074147964e+00 5.627688138436418575e-01 1.115329707301629281e+00
3.739478957915831625e+00 5.795821878565627916e-01 1.179914343790949172e+00
3.744689378757514842e+00 5.963955618694822824e-01 1.252640797967708775e+00
3.749899799599198058e+00 6.132089358824017733e-01 1.327333366692454275e+00
3.755110220440881719e+00 6.300223098953228185e-01 1.409970863603654312e+00
3.760320641282564935e+00 6.468356839082423093e-01 1.495618485100252748e+00
3.765531062124248152e+00 6.636490579211618002e-01 1.587222310563716432e+00
3.770741482965931812e+00 6.804624319340827343e-01 1.683767458958880470e+00
3.775951903807615029e+00 6.972758059470022252e-01 1.784297545202175428e+00
3.781162324649298245e+00 7.140891799599217160e-01 1.891682694622589755e+00
3.786372745490981906e+00 7.714203240133071793e-01 2.001098973873271181e+00
3.791583166332665122e+00 8.723013983906451330e-01 2.119266598445650462e+00
3.796793587174348339e+00 9.731824727679829756e-01 2.239353145236122611e+00
3.802004008016032000e+00 1.074063547145329478e+00 2.366421753952112184e+00
3.807214428857715216e+00 1.174944621522667321e+00 2.497217238375621484e+00
3.812424849699398433e+00 1.275825695900005163e+00 2.633054966403438613e+00
3.817635270541082093e+00 1.376706770277351666e+00 2.774507794188254106e+00
3.822845691382765310e+00 1.477587844654689508e+00 2.919080121838052211e+00
3.828056112224448526e+00 1.578468919032027351e+00 3.071140812124033559e+00
3.833266533066132187e+00 1.679349993409373631e+00 3.225094192102812674e+00
3.838476953907815403e+00 1.780231067786711474e+00 3.387032437202793567e+00
3.843687374749498620e+00 1.881112142164049317e+00 3.551529251516132302e+00
3.848897795591182280e+00 1.981993216541396041e+00 3.722098814444326109e+00
3.854108216432865497e+00 2.091650708603837838e+00 3.897089635376643102e+00
3.859318637274548713e+00 2.284686791548138363e+00 4.076256088868422722e+00
3.864529058116232374e+00 2.477722874492454874e+00 4.261691488704135722e+00
3.869739478957915590e+00 2.670758957436755399e+00 4.449420405494925568e+00
3.874949899799598807e+00 2.863795040381055479e+00 4.645250956518401253e+00
3.880160320641282468e+00 3.056831123325372435e+00 4.842933622244261826e+00
3.885370741482965684e+00 3.249867206269672515e+00 5.047684183839274752e+00
3.890581162324649345e+00 3.442903289213989027e+00 5.255697572586319311e+00
3.895791583166332561e+00 3.635939372158289551e+00 5.468907315686553083e+00
3.901002004008015778e+00 3.828975455102590075e+00 5.687201999739162517e+00
3.906212424849699438e+00 4.022011538046906587e+00 5.908836497080037553e+00
3.911422845691382655e+00 4.215047620991207111e+00 6.137363048722631831e+00
3.916633266533065871e+00 4.408083703935506747e+00 6.367716140528179025e+00
3.921843687374749532e+00 4.601119786879824147e+00 6.606096864556516124e+00
3.927054108216432748e+00 4.859620251748823172e+00 6.846617395785449034e+00
3.932264529058115965e+00 5.145054270760666348e+00 7.093319592260604267e+00
3.937474949899799626e+00 5.430488289772534394e+00 7.343958135197344639e+00
3.942685370741482842e+00 5.715922308784377570e+00 7.598947376854741087e+00
3.947895791583166059e+00 6.001356327796221635e+00 7.859654503783647606e+00
3.953106212424849719e+00 6.286790346808088792e+00 8.122896363358711014e+00
3.958316633266532936e+00 6.572224365819932856e+00 8.393622646564207201e+00
3.963527054108216152e+00 6.857658384831776033e+00 8.666134894942242539e+00
3.968737474949899813e+00 7.143092403843644078e+00 8.945778708558812298e+00
3.973947895791583029e+00 7.428526422855487255e+00 9.228245685046836400e+00
3.979158316633266246e+00 7.713960441867330431e+00 9.516038834787241996e+00
3.984368737474949906e+00 7.999394460879198476e+00 9.808411111669682825e+00
3.989579158316633123e+00 8.284828479891041653e+00 1.010431917026935089e+01
3.994789579158316339e+00 8.570262498902884829e+00 1.040654731983056180e+01
4.000000000000000000e+00 8.855696517914752874e+00 1.071053586002492430e+01
