   1.4092857142857143       -8.9238222961600862     
   1.4185714285714286       -9.4443056553716733     
   1.4278571428571427       -9.9296075294071358     
   1.4371428571428571       -10.380175972095028     
   1.4464285714285714       -10.796459037263880     
   1.4557142857142855       -11.178904778742220     
   1.4649999999999999       -11.527961250358604     
   1.4742857142857142       -11.844076505941567     
   1.4835714285714285       -12.127698599319634     
   1.4928571428571429       -12.379275584321357     
   1.5021428571428570       -12.599255719257936     
   1.5114285714285713       -12.788117465289421     
   1.5207142857142857       -12.946401135799086     
   1.5299999999999998       -13.074654617602702     
   1.5392857142857141       -13.173425797516064     
   1.5485714285714285       -13.243262562354944     
   1.5578571428571428       -13.284712798935125     
   1.5671428571428572       -13.298324394072385     
   1.5764285714285713       -13.284645234582507     
   1.5857142857142856       -13.244223207281269     
   1.5950000000000000       -13.177606198984453     
   1.6042857142857141       -13.085345131125232     
   1.6135714285714284       -12.968075149818548     
   1.6228571428571428       -12.826524518975972     
   1.6321428571428571       -12.661426321369099     
   1.6414285714285715       -12.473513639769532     
   1.6507142857142856       -12.263519556948866     
   1.6599999999999999       -12.032177155678689     
   1.6692857142857143       -11.780219518730599     
   1.6785714285714284       -11.508379728876202     
   1.6878571428571427       -11.217390868887078     
   1.6971428571428571       -10.907986021534834     
   1.7064285714285714       -10.580872973848553     
   1.7157142857142857       -10.236491218370242     
   1.7249999999999999       -9.8751186533032751     
   1.7342857142857142       -9.4970309560999446     
   1.7435714285714285       -9.1025038042125761     
   1.7528571428571427       -8.6918128750934862     
   1.7621428571428570       -8.2652338461949633     
   1.7714285714285714       -7.8230423949693302     
   1.7807142857142857       -7.3655141988688966     
   1.7900000000000000       -6.8929249353459756     
   1.7992857142857142       -6.4055502818528884     
   1.8085714285714285       -5.9037703333040472     
   1.8178571428571428       -5.3884916830789003     
   1.8271428571428570       -4.8607864939123475     
   1.8364285714285713       -4.3217269889660272     
   1.8457142857142856       -3.7723853914016132     
   1.8550000000000000       -3.2138339243807676     
   1.8642857142857143       -2.6471448110651510     
   1.8735714285714284       -2.0733902746164401     
   1.8828571428571428       -1.4936425381962692     
   1.8921428571428571      -0.90897382496631340     
   1.9014285714285712      -0.32045477281065643     
   1.9107142857142856       0.27150642826047527     
   1.9199999999999999       0.86818594567846474     
   1.9292857142857143        1.4711236974340991     
   1.9385714285714286        2.0818596015181678     
   1.9478571428571427        2.7019335759214433     
   1.9571428571428571        3.3328855386347431     
   1.9664285714285714        3.9762554076488419     
   1.9757142857142855        4.6335831009545121     
   1.9849999999999999        5.3064085365425724     
   1.9942857142857142        5.9962716324037961     
   2.0035714285714286        6.7046167245654473     
   2.0128571428571429        7.4288110048186695     
   2.0221428571428568        8.1607062033313351     
   2.0314285714285711        8.8917625465488221     
   2.0407142857142855        9.6134402609164002     
   2.0499999999999998        10.317199572879380     
   2.0592857142857142        10.994500708883068     
   2.0685714285714285        11.636803895372770     
   2.0778571428571428        12.235569358793795     
   2.0871428571428572        12.782257325591450     
   2.0964285714285715        13.268328022211042     
   2.1057142857142859        13.685562817528071     
   2.1150000000000002        14.030267299849596     
   2.1242857142857141        14.302091454822072     
   2.1335714285714285        14.500763672005622     
   2.1428571428571428        14.626012340960308     
   2.1521428571428571        14.677565851246221     
   2.1614285714285715        14.655152592423454     
   2.1707142857142854        14.558500954052088     
   2.1799999999999997        14.387339325692208     
   2.1892857142857141        14.141396096903906     
   2.1985714285714284        13.820399657247265     
   2.2078571428571427        13.425003121373789     
   2.2171428571428571        12.961765060942524     
   2.2264285714285714        12.439566629115596     
   2.2357142857142858        11.867294537132311     
   2.2450000000000001        11.253835496231989     
   2.2542857142857144        10.608076217653933     
   2.2635714285714288        9.9389034126374511     
   2.2728571428571427        9.2552037924218951     
   2.2821428571428570        8.5658640682465048     
   2.2914285714285714        7.8797709513506238     
   2.3007142857142857        7.2058103680780698     
   2.3100000000000001        6.5507176311213229     
   2.3192857142857140        5.9143892587407487     
   2.3285714285714283        5.2953654697843895     
   2.3378571428571426        4.6921864831003814     
   2.3471428571428570        4.1033925175368298     
   2.3564285714285713        3.5275237919418356     
   2.3657142857142857        2.9631205251635060     
   2.3750000000000000        2.4087229360499443     
   2.3842857142857143        1.8628712434492551     
   2.3935714285714287        1.3241056662095432     
   2.4028571428571430       0.79097584700692303     
   2.4121428571428574       0.26271715925258637     
   2.4214285714285713      -0.26029650742073168     
   2.4307142857142856      -0.77758392008943789     
   2.4399999999999999       -1.2886638458298643     
   2.4492857142857143       -1.7930550517183690     
   2.4585714285714286       -2.2902763048313082     
   2.4678571428571425       -2.7798463722450175     
   2.4771428571428569       -3.2612840210359000     
   2.4864285714285712       -3.7341080182802893     
   2.4957142857142856       -4.1978371310545421     
   2.5049999999999999       -4.6520063517564898     
   2.5142857142857142       -5.0964642046519133     
   2.5235714285714286       -5.5313428023512632     
   2.5328571428571429       -5.9567844751601378     
   2.5421428571428573       -6.3729315533841344     
   2.5514285714285716       -6.7799263673288532     
   2.5607142857142859       -7.1779112472998952     
   2.5699999999999998       -7.5670285236028425     
   2.5792857142857142       -7.9474205265433282     
   2.5885714285714285       -8.3192295864269354     
   2.5978571428571429       -8.6825980335592643     
   2.6071428571428572       -9.0376531011652563     
   2.6164285714285711       -9.3843987246121152     
   2.6257142857142854       -9.7227786321094420     
   2.6349999999999998       -10.052736144245600     
   2.6442857142857141       -10.374214581608976     
   2.6535714285714285       -10.687157264787949     
   2.6628571428571428       -10.991507514370912     
   2.6721428571428572       -11.287208650946246     
   2.6814285714285715       -11.574203995102339     
   2.6907142857142858       -11.852436867427572     
   2.7000000000000002       -12.121850588510336     
   2.7092857142857145       -12.382409603156182     
   2.7185714285714284       -12.634162853039363     
   2.7278571428571428       -12.877180404051348     
   2.7371428571428571       -13.111532322083564     
   2.7464285714285714       -13.337288673027436     
   2.7557142857142858       -13.554519522774413     
   2.7649999999999997       -13.763294937215916     
   2.7742857142857140       -13.963684982243407     
   2.7835714285714284       -14.155759723748318     
   2.7928571428571427       -14.339589227622083     
   2.8021428571428570       -14.515243517924407     
   2.8114285714285714       -14.682786440013885     
   2.8207142857142857       -14.842269185926096     
   2.8300000000000001       -14.993741398373373     
   2.8392857142857144       -15.137252720068064     
   2.8485714285714288       -15.272852793722496     
   2.8578571428571431       -15.400591262049005     
   2.8671428571428570       -15.520517767759928     
   2.8764285714285713       -15.632681953567609     
   2.8857142857142857       -15.737133462184376     
   2.8950000000000000       -15.833921936322572     
   2.9042857142857144       -15.923097936641014     
   2.9135714285714283       -16.004737501063378     
   2.9228571428571426       -16.078944834871375     
   2.9321428571428569       -16.145825601011744     
   2.9414285714285713       -16.205485462431213     
   2.9507142857142856       -16.258030082076516     
   2.9600000000000000       -16.303565122894391     
   2.9692857142857143       -16.342196247831577     
   2.9785714285714286       -16.374029119834802     
   2.9878571428571430       -16.399169401850806     
   2.9971428571428573       -16.417722756826322     
   3.0064285714285717       -16.429793932541124     
   3.0157142857142856       -16.435477970230533     
   3.0249999999999999       -16.434864064857553     
   3.0342857142857143       -16.428041331041307     
   3.0435714285714286       -16.415098883400912     
   3.0528571428571429       -16.396125836555502     
   3.0621428571428568       -16.371211305124199     
   3.0714285714285712       -16.340444403726117     
   3.0807142857142855       -16.303914246980398     
   3.0899999999999999       -16.261709949506152     
   3.0992857142857142       -16.213920625922515     
   3.1085714285714285       -16.160646503852945     
   3.1178571428571429       -16.102043845415611     
   3.1271428571428572       -16.038286534043433     
   3.1364285714285716       -15.969548459600471     
   3.1457142857142859       -15.896003511950779     
   3.1550000000000002       -15.817825580958417     
   3.1642857142857141       -15.735188556487442     
   3.1735714285714285       -15.648266328401913     
   3.1828571428571428       -15.557232786565883     
   3.1921428571428572       -15.462261820843414     
   3.2014285714285715       -15.363526984376062     
   3.2107142857142854       -15.261061122389668     
   3.2199999999999998       -15.154539312451192     
   3.2292857142857141       -15.043580609921266     
   3.2385714285714284       -14.927804070160519     
   3.2478571428571428       -14.806828748529570     
   3.2571428571428571       -14.680273700389044     
   3.2664285714285715       -14.547757981099569     
   3.2757142857142858       -14.408900646021763     
   3.2850000000000001       -14.263320750516257     
   3.2942857142857145       -14.110637349943675     
   3.3035714285714288       -13.950502290410633     
   3.3128571428571427       -13.783966140084988     
   3.3221428571428571       -13.613971624341549     
   3.3314285714285714       -13.443595779450742     
   3.3407142857142857       -13.275915641682998     
   3.3500000000000001       -13.114008247308739     
   3.3592857142857140       -12.960950632598392     
   3.3685714285714283       -12.819819833822372     
   3.3778571428571427       -12.693692887251105     
   3.3871428571428570       -12.585646829155024     
   3.3964285714285714       -12.498758695804549     
   3.4057142857142857       -12.435961544557230     
   3.4150000000000000       -12.398160073593820     
   3.4242857142857144       -12.384759575697768     
   3.4335714285714287       -12.395130192550738     
   3.4428571428571426       -12.428642065834403     
   3.4521428571428570       -12.484665337230433     
   3.4614285714285713       -12.562570148420507     
   3.4707142857142856       -12.661726641086284     
   3.4800000000000000       -12.781504956909442     
   3.4892857142857143       -12.921275237571649     
   3.4985714285714287       -13.080407624754580     
   3.5078571428571430       -13.257955307752029     
   3.5171428571428573       -13.450947362186209     
   3.5264285714285712       -13.655616791678808     
   3.5357142857142856       -13.868194694803414     
   3.5449999999999999       -14.084912170133560     
   3.5542857142857143       -14.302000316242800     
   3.5635714285714286       -14.515690231704689     
   3.5728571428571430       -14.722213015092770     
   3.5821428571428573       -14.917799764980606     
   3.5914285714285712       -15.098681579941735     
   3.6007142857142855       -15.261089883368710     
   3.6099999999999999       -15.402146102669150     
   3.6192857142857142       -15.521801813054852     
   3.6285714285714286       -15.620569876941298     
   3.6378571428571429       -15.698963156743973     
   3.6471428571428572       -15.757494514878351     
   3.6564285714285716       -15.796676813759909     
   3.6657142857142859       -15.817022915804140     
   3.6749999999999998       -15.819045683426509     
   3.6842857142857142       -15.803257979042501     
   3.6935714285714285       -15.770172665067600     
   3.7028571428571428       -15.720300460602237     
   3.7121428571428572       -15.653996125087902     
   3.7214285714285715       -15.571355478717010     
   3.7307142857142859       -15.472449927984032     
   3.7399999999999998       -15.357350879383434     
   3.7492857142857141       -15.226129739409675     
   3.7585714285714285       -15.078857914557222     
   3.7678571428571428       -14.915606811320544     
   3.7771428571428571       -14.736447836194094     
   3.7864285714285715       -14.541452395672353     
   3.7957142857142858       -14.330691896249775     
   3.8050000000000002       -14.104237482859505     
   3.8142857142857145       -13.862155246124209     
   3.8235714285714284       -13.604506705062608     
   3.8328571428571427       -13.331353213978357     
   3.8421428571428571       -13.042756127175167     
   3.8514285714285714       -12.738776798956723     
   3.8607142857142858       -12.419476583626718     
   3.8700000000000001       -12.084916835488835     
   3.8792857142857144       -11.735158908846776     
   3.8885714285714283       -11.370264158004240     
   3.8978571428571427       -10.990293937264882     
   3.9071428571428570       -10.595309600932413     
   3.9164285714285714       -10.185372503310523     
   3.9257142857142857       -9.7605439987029001     
   3.9350000000000001       -9.3208854414132336     
   3.9442857142857144       -8.8664581857452145     
   3.9535714285714287       -8.3973235860025373     
   3.9628571428571431       -7.9135429964888866     
   3.9721428571428570       -7.4151777715079774     
   3.9814285714285713       -6.9022892653634527     
   3.9907142857142857       -6.3749388323590273     
   4.0000000000000000       -5.8331878267983885     
