#! FIELDS time d1 d2 d3 d4 rest.bias
 0.000000 3.771185 1.315132 1.485497 1.391443 23.466043
 0.100000 3.986619 1.408961 1.455906 1.521851 0.080251
 0.200000 3.938550 1.312888 1.579118 1.345138 1.692476
 0.300000 4.002582 1.396825 1.527626 1.422818 0.002987
 0.400000 3.885471 1.381533 1.439175 1.385542 5.879034
 0.500000 3.942742 1.426940 1.504615 1.403428 1.469392
 0.600000 3.957916 1.364802 1.609059 1.332431 0.793783
 0.700000 3.967770 1.446384 1.478892 1.361817 0.465568
 0.800000 3.906302 1.428242 1.467818 1.358664 3.934881
 0.900000 3.946852 1.431872 1.515250 1.360352 1.266019
 1.000000 3.955351 1.395961 1.582427 1.346679 0.893521
 1.100000 3.947957 1.426046 1.477393 1.373691 1.213958
 1.200000 3.927072 1.414401 1.437547 1.380551 2.383764
 1.300000 3.949255 1.382869 1.575257 1.368576 1.154126
 1.400000 3.962401 1.395268 1.580790 1.390115 0.633604
 1.500000 3.915200 1.373855 1.476574 1.401462 3.223009
 1.600000 3.952712 1.376034 1.469310 1.430665 1.002250
 1.700000 3.957494 1.333806 1.564693 1.368742 0.809775
 1.800000 3.975419 1.383672 1.526776 1.435764 0.270805
 1.900000 3.863824 1.365854 1.474312 1.428069 8.311405
 2.000000 3.970546 1.370343 1.503482 1.458889 0.388837
 2.100000 3.957822 1.327087 1.569005 1.351319 0.797358
 2.200000 3.982517 1.390056 1.491056 1.442296 0.137000
 2.300000 3.859108 1.350221 1.471925 1.392784 8.897061
 2.400000 3.992799 1.424617 1.521830 1.448315 0.023241
 2.500000 3.915655 1.332257 1.616838 1.337178 3.188509
 2.600000 3.978686 1.419558 1.457162 1.417805 0.203602
 2.700000 3.897275 1.372216 1.465315 1.362138 4.729628
 2.800000 3.983442 1.420714 1.517999 1.395198 0.122883
 2.900000 3.912931 1.380320 1.604105 1.346961 3.397790
 3.000000 3.955820 1.458492 1.450590 1.385477 0.874843
 3.100000 3.895264 1.399295 1.481145 1.329820 4.916604
 3.200000 3.998551 1.442682 1.526702 1.359407 0.000941
 3.300000 3.920220 1.385158 1.539148 1.339361 2.852702
 3.400000 3.953891 1.455413 1.474509 1.407677 0.952871
 3.500000 3.900884 1.387955 1.514108 1.348176 4.403121
 3.600000 4.005703 1.411743 1.532603 1.395902 0.014580
 3.700000 3.916055 1.373097 1.493356 1.381223 3.158334
 3.800000 3.940783 1.412891 1.462130 1.438720 1.571667
 3.900000 3.949535 1.362098 1.529747 1.395040 1.141450
 4.000000 3.972535 1.359482 1.570116 1.401318 0.338081
 4.100000 3.919509 1.366726 1.467309 1.431974 2.903771
 4.200000 3.905312 1.368003 1.455638 1.441266 4.018517
 4.300000 3.968166 1.347344 1.576873 1.422516 0.454221
 4.400000 3.970683 1.340239 1.542179 1.402034 0.385226
 4.500000 3.941094 1.367490 1.470874 1.425069 1.555235
 4.600000 3.917015 1.369983 1.491729 1.404134 3.086536
 4.700000 3.964483 1.378569 1.548947 1.429072 0.565377
 4.800000 3.914667 1.369858 1.534084 1.370474 3.263676
 4.900000 3.970660 1.406950 1.464834 1.431782 0.385836
 5.000000 3.921032 1.359178 1.522663 1.353720 2.794980
 5.100000 3.994812 1.406325 1.501973 1.410866 0.012061
 5.200000 3.890573 1.390003 1.537566 1.356936 5.366849
 5.300000 3.956705 1.447790 1.488543 1.396996 0.840139
 5.400000 3.912969 1.376034 1.518855 1.341025 3.394853
 5.500000 4.001441 1.442568 1.504365 1.379682 0.000931
 5.600000 3.912048 1.394841 1.529612 1.332074 3.467062
 5.700000 3.968061 1.444623 1.494848 1.378162 0.457206
 5.800000 3.904415 1.372754 1.542456 1.349366 4.094991
 5.900000 3.978785 1.453595 1.485426 1.408533 0.201730
 6.000000 3.899665 1.345634 1.515499 1.351474 4.512090
 6.100000 3.998509 1.425605 1.496118 1.405017 0.000996
 6.200000 3.902868 1.340054 1.543067 1.377115 4.228622
 6.300000 3.959910 1.396335 1.490891 1.435110 0.720345
 6.400000 3.924301 1.357245 1.499385 1.393323 2.568335
 6.500000 3.966861 1.361503 1.543395 1.420694 0.492224
 6.600000 3.931919 1.350551 1.513862 1.420820 2.077429
 6.700000 3.948214 1.385439 1.479066 1.413010 1.201988
 6.800000 3.926612 1.366852 1.546648 1.393031 2.413901
 6.900000 3.957600 1.389958 1.508689 1.388149 0.805745
 7.000000 3.937641 1.384604 1.495211 1.382544 1.742892
 7.100000 3.948049 1.408484 1.495409 1.398649 1.209651
 7.200000 3.918487 1.390446 1.559676 1.357293 2.978013
 7.300000 3.959281 1.425305 1.509000 1.375629 0.743119
 7.400000 3.939477 1.392003 1.488807 1.356175 1.641777
 7.500000 3.952785 1.429572 1.511266 1.381152 0.999147
 7.600000 3.919470 1.406967 1.508038 1.351576 2.906634
 7.700000 3.954131 1.413835 1.516093 1.390499 0.942977
 7.800000 3.927592 1.387480 1.524318 1.356675 2.349853
 7.900000 3.958086 1.396724 1.481569 1.409758 0.787395
 8.000000 3.950892 1.389170 1.504381 1.371218 1.080866
 8.100000 3.945568 1.374376 1.541633 1.392423 1.327955
 8.200000 3.925496 1.396524 1.515213 1.421404 2.487880
 8.300000 3.924384 1.358705 1.469875 1.413702 2.562688
 8.400000 3.990162 1.385005 1.529559 1.409260 0.043377
 8.500000 3.928902 1.333846 1.519230 1.382423 2.265625
 8.600000 3.939705 1.386661 1.489903 1.442438 1.629401
 8.700000 3.906717 1.368756 1.511858 1.396812 3.900091
 8.800000 3.963323 1.370359 1.532790 1.406580 0.602913
 8.900000 3.944336 1.381285 1.507711 1.372963 1.388724
 9.000000 3.952562 1.396899 1.464005 1.400724 1.008617
 9.100000 3.909868 1.407382 1.555456 1.374876 3.641059
 9.200000 3.952470 1.415617 1.505812 1.367840 1.012526
 9.300000 3.943594 1.405380 1.522574 1.353669 1.425988
 9.400000 3.952841 1.399346 1.512981 1.369049 0.996787
 9.500000 3.925340 1.407107 1.510117 1.363708 2.498304
 9.600000 3.937344 1.412808 1.496300 1.388134 1.759514
 9.700000 3.938170 1.390878 1.508883 1.352664 1.713421
 9.800000 3.967808 1.388302 1.556750 1.399203 0.464477
 9.900000 3.928766 1.377663 1.484813 1.375622 2.274280
 10.000000 3.954823 1.405992 1.501908 1.429676 0.914739
 10.100000 3.912476 1.346817 1.537635 1.381268 3.433414
 10.200000 3.983345 1.379195 1.513840 1.429646 0.124332
 10.300000 3.918444 1.341428 1.502079 1.390778 2.981138
 10.400000 3.965420 1.358279 1.501943 1.443278 0.535962
 10.500000 3.919051 1.364208 1.523351 1.402220 2.936931
 10.600000 3.940959 1.383943 1.497236 1.414010 1.562341
 10.700000 3.936263 1.367126 1.517182 1.403707 1.820775
 10.800000 3.965358 1.387934 1.507509 1.379543 0.537863
 10.900000 3.946567 1.387054 1.502674 1.376011 1.279644
 11.000000 3.936534 1.434267 1.505406 1.387099 1.805324
 11.100000 3.912753 1.412224 1.528454 1.349773 3.411730
 11.200000 3.952191 1.421831 1.498357 1.368759 1.024462
 11.300000 3.951992 1.398748 1.518174 1.340027 1.032976
 11.400000 3.961398 1.422799 1.508641 1.363417 0.667877
 11.500000 3.927859 1.391896 1.496416 1.378551 2.332550
 11.600000 3.924129 1.421364 1.517904 1.388432 2.580008
 11.700000 3.941648 1.382012 1.528174 1.399048 1.526112
 11.800000 3.968875 1.369463 1.510000 1.395583 0.434196
 11.900000 3.943716 1.373828 1.516900 1.399588 1.419865
 12.000000 3.925102 1.359317 1.491629 1.404233 2.514248
 12.100000 3.944763 1.378400 1.510438 1.438931 1.367491
 12.200000 3.914650 1.362349 1.521473 1.380798 3.264965
 12.300000 3.967652 1.378844 1.494588 1.412019 0.469007
 12.400000 3.930850 1.364761 1.521187 1.370803 2.143193
 12.500000 3.965290 1.395297 1.513801 1.403407 0.539990
 12.600000 3.909386 1.373936 1.531149 1.384145 3.680108
 12.700000 3.958268 1.430750 1.475299 1.381816 0.780566
 12.800000 3.916616 1.388552 1.507565 1.361983 3.116267
 12.900000 3.980557 1.413877 1.539722 1.372118 0.169427
 13.000000 3.915848 1.396264 1.531731 1.338688 3.173933
 13.100000 3.942764 1.444441 1.478712 1.365823 1.468304
 13.200000 3.929636 1.401250 1.492015 1.362558 2.219049
 13.300000 3.969831 1.403566 1.554061 1.360280 0.407931
 13.400000 3.950733 1.393342 1.530281 1.373862 1.087870
 13.500000 3.902045 1.420809 1.496895 1.379002 4.300568
 13.600000 3.963418 1.379747 1.499771 1.401905 0.599808
 13.700000 3.968041 1.355093 1.549118 1.380900 0.457784
 13.800000 3.947007 1.376848 1.499497 1.392375 1.258670
 13.900000 3.926448 1.389826 1.490800 1.419083 2.424708
 14.000000 3.923331 1.352055 1.544808 1.403927 2.634609
 14.100000 3.964755 1.386120 1.502827 1.391535 0.556758
 14.200000 3.916193 1.366684 1.489061 1.393964 3.148009
 14.300000 3.968965 1.392456 1.498190 1.388648 0.431688
 14.400000 3.935797 1.388121 1.560321 1.372472 1.847493
 14.500000 3.937654 1.391495 1.522529 1.390633 1.742189
 14.600000 3.929338 1.415618 1.482308 1.364968 2.237904
 14.700000 3.977670 1.392784 1.504943 1.385076 0.223479
 14.800000 3.944852 1.368221 1.530962 1.367343 1.363133
 14.900000 3.920735 1.416760 1.493477 1.405460 2.815996
 15.000000 3.924618 1.392278 1.487485 1.385415 2.546867
 15.100000 3.949052 1.367278 1.544171 1.389294 1.163402
 15.200000 3.967209 1.390633 1.520551 1.369115 0.481918
 15.300000 3.917600 1.368103 1.467550 1.410644 3.043188
 15.400000 3.930608 1.422027 1.489735 1.408878 2.158201
 15.500000 3.937576 1.366857 1.582298 1.371443 1.746505
 15.600000 3.954646 1.393419 1.527831 1.384721 0.921952
 15.700000 3.940170 1.396406 1.464263 1.368558 1.604377
 15.800000 3.937103 1.400967 1.505136 1.382986 1.773112
 15.900000 3.945142 1.403495 1.518251 1.370433 1.348808
 16.000000 3.929491 1.418702 1.518050 1.355086 2.228220
 16.100000 3.955798 1.408335 1.521498 1.369970 0.875714
 16.200000 3.941466 1.401004 1.490437 1.366583 1.535646
 16.300000 3.932972 1.420239 1.486506 1.372337 2.013632
 16.400000 3.938937 1.375837 1.523029 1.385399 1.671194
 16.500000 3.956091 1.391726 1.564916 1.371928 0.864141
 16.600000 3.941068 1.375911 1.484760 1.404354 1.556608
 16.700000 3.921498 1.376883 1.448703 1.416674 2.762033
 16.800000 3.951100 1.361112 1.537597 1.418832 1.071730
 16.900000 3.951716 1.349733 1.559444 1.404501 1.044892
 17.000000 3.931474 1.359332 1.486349 1.441723 2.104655
 17.100000 3.925794 1.377608 1.462876 1.396621 2.468006
 17.200000 3.967990 1.350418 1.556054 1.407329 0.459257
 17.300000 3.954780 1.391814 1.531663 1.383388 0.916482
 17.400000 3.901243 1.436493 1.453688 1.397372 4.371293
 17.500000 3.937480 1.433877 1.522759 1.350889 1.751890
 17.600000 3.985393 1.404363 1.550494 1.331200 0.095631
 17.700000 3.937309 1.441294 1.489894 1.346730 1.761526
 17.800000 3.900249 1.446728 1.462813 1.350809 4.459677
 17.900000 3.965045 1.447947 1.566314 1.338796 0.547637
 18.000000 3.946025 1.380304 1.558385 1.348468 1.305744
 18.100000 3.945483 1.419202 1.454635 1.384828 1.332100
 18.200000 3.927064 1.386926 1.491263 1.373231 2.384244
 18.300000 3.976587 1.367482 1.559471 1.413621 0.245699
 18.400000 3.914161 1.376149 1.537635 1.392220 3.302468
 18.500000 3.936210 1.366648 1.447789 1.448774 1.823775
 18.600000 3.929939 1.347886 1.503189 1.409335 2.200029
 18.700000 3.989997 1.346745 1.556925 1.418600 0.044849
 18.800000 3.923566 1.352502 1.528446 1.401963 2.618456
 18.900000 3.928454 1.385688 1.469898 1.448170 2.294239
 19.000000 3.921706 1.366913 1.507509 1.383925 2.747471
 19.100000 3.998712 1.360892 1.554519 1.409432 0.000743
 19.200000 3.942393 1.367910 1.511933 1.375114 1.487376
 19.300000 3.914394 1.407994 1.463656 1.425866 3.284592
 19.400000 3.925721 1.390338 1.506710 1.373460 2.472863
 19.500000 3.970132 1.397835 1.549238 1.379615 0.399827
 19.600000 3.934030 1.384733 1.516297 1.355959 1.950569
 19.700000 3.947609 1.407999 1.470955 1.394217 1.230237
 19.800000 3.920630 1.407299 1.519764 1.356544 2.823450
 19.900000 3.953235 1.398441 1.534961 1.389496 0.980203
 20.000000 3.929063 1.406387 1.524247 1.358351 2.255369
 20.100000 3.951487 1.403082 1.492441 1.361948 1.054857
 20.200000 3.942620 1.393838 1.511992 1.377220 1.475678
 20.300000 3.940245 1.414800 1.531422 1.359554 1.600351
 20.400000 3.936999 1.402298 1.512675 1.372450 1.778964
 20.500000 3.940786 1.416969 1.506650 1.372675 1.571510
 20.600000 3.944842 1.401621 1.499356 1.371525 1.363630
 20.700000 3.944893 1.407826 1.512098 1.379784 1.361090
 20.800000 3.939367 1.376129 1.513029 1.411924 1.647758
 20.900000 3.941354 1.380226 1.532174 1.394895 1.541533
 21.000000 3.958879 1.351668 1.517200 1.432914 0.757880
 21.100000 3.927610 1.345480 1.470445 1.412091 2.348707
 21.200000 3.959234 1.341293 1.519317 1.453547 0.744856
 21.300000 3.931817 1.333519 1.552324 1.436190 2.083650
 21.400000 3.933420 1.341926 1.487938 1.464011 1.986840
 21.500000 3.923159 1.358631 1.487959 1.415990 2.646433
 21.600000 3.982968 1.359533 1.522513 1.417942 0.130012
 21.700000 3.947764 1.385651 1.526029 1.373866 1.222946
 21.800000 3.926753 1.415857 1.498367 1.394761 2.404647
 21.900000 3.926525 1.422788 1.541437 1.353059 2.419644
 22.000000 3.968085 1.431759 1.517571 1.350806 0.456530
 22.100000 3.929946 1.410762 1.500690 1.350603 2.199548
 22.200000 3.943039 1.440222 1.486825 1.361658 1.454185
 22.300000 3.929760 1.402810 1.529815 1.342019 2.211282
 22.400000 3.959310 1.421797 1.525599 1.383327 0.742092
 22.500000 3.899038 1.394068 1.473057 1.360058 4.568658
 22.600000 3.964983 1.428377 1.503622 1.385903 0.549591
 22.700000 3.933072 1.359633 1.594769 1.362289 2.007632
 22.800000 3.961775 1.432652 1.491772 1.380592 0.654898
 22.900000 3.899488 1.378994 1.474430 1.402902 4.528051
 23.000000 3.950738 1.405550 1.499457 1.373225 1.087654
 23.100000 3.964026 1.370510 1.569100 1.372592 0.580040
 23.200000 3.929990 1.390089 1.516251 1.383140 2.196815
 23.300000 3.930247 1.417339 1.440475 1.401949 2.180682
 23.400000 3.933334 1.395204 1.527501 1.362341 1.991984
 23.500000 3.989069 1.374161 1.541786 1.384365 0.053551
 23.600000 3.913687 1.395525 1.496476 1.378545 3.339061
 23.700000 3.923315 1.405276 1.466677 1.426874 2.635708
 23.800000 3.937833 1.361609 1.556391 1.378962 1.732198
 23.900000 3.990740 1.370419 1.549698 1.399200 0.038435
 24.000000 3.923311 1.352961 1.473129 1.398985 2.635934
 24.100000 3.925287 1.379863 1.480326 1.436380 2.501882
 24.200000 3.944811 1.361445 1.541433 1.389321 1.365147
 24.300000 3.940648 1.367508 1.533981 1.421223 1.578862
 24.400000 3.921716 1.366751 1.476551 1.400847 2.746727
 24.500000 3.953889 1.387458 1.475769 1.393360 0.952991
 24.600000 3.954167 1.356902 1.572562 1.385903 0.941501
 24.700000 3.957538 1.415842 1.514567 1.392833 0.808098
 24.800000 3.887476 1.396488 1.482709 1.376904 5.674931
 24.900000 3.974386 1.441409 1.491880 1.371597 0.294047
 25.000000 3.928888 1.386310 1.567625 1.333778 2.266532
 25.100000 3.982382 1.468506 1.468854 1.360571 0.139114
 25.200000 3.875831 1.399208 1.495916 1.349088 6.910317
 25.300000 3.979458 1.430930 1.546577 1.367008 0.189131
 25.400000 3.937914 1.365014 1.534910 1.369622 1.727642
 25.500000 3.934623 1.414858 1.490033 1.403913 1.915679
 25.600000 3.924363 1.367700 1.486437 1.383999 2.564105
 25.700000 3.979935 1.369404 1.565697 1.410721 0.180450
 25.800000 3.936844 1.359373 1.508420 1.395966 1.787726
 25.900000 3.917394 1.396911 1.449466 1.422799 3.058427
 26.000000 3.936422 1.363091 1.541925 1.390279 1.811696
 26.100000 3.967437 1.385452 1.560857 1.379688 0.475235
 26.200000 3.931784 1.389631 1.493853 1.396646 2.085639
 26.300000 3.927263 1.396060 1.456331 1.376520 2.371291
 26.400000 3.968880 1.406600 1.558045 1.367679 0.434057
 26.500000 3.947595 1.385754 1.537174 1.372449 1.230899
 26.600000 3.912227 1.423219 1.480319 1.382283 3.452994
 26.700000 3.950704 1.396342 1.521240 1.379480 1.089153
 26.800000 3.950054 1.380076 1.527651 1.371641 1.118092
 26.900000 3.952954 1.396837 1.496422 1.400506 0.992003
 27.000000 3.915559 1.377511 1.488778 1.379506 3.195804
 27.100000 3.959777 1.363487 1.554269 1.418538 0.725155
 27.200000 3.939579 1.375083 1.510166 1.394327 1.636264
 27.300000 3.917006 1.346001 1.449266 1.446411 3.087176
 27.400000 3.953110 1.364312 1.515181 1.419640 0.985429
 27.500000 3.953098 1.345002 1.563227 1.395381 0.985932
 27.600000 3.948721 1.371821 1.516079 1.424587 1.178543
 27.700000 3.909882 1.367703 1.461497 1.414041 3.639965
 27.800000 3.939813 1.392310 1.529779 1.403367 1.623584
 27.900000 3.975903 1.357660 1.523620 1.380513 0.260252
 28.000000 3.933582 1.405236 1.526951 1.376791 1.977163
 28.100000 3.911533 1.420661 1.464613 1.393074 3.507800
 28.200000 3.936223 1.411669 1.507176 1.359240 1.823070
 28.300000 3.973449 1.410579 1.570654 1.354601 0.315964
 28.400000 3.926729 1.399655 1.488735 1.361851 2.406226
 28.500000 3.927971 1.419210 1.475749 1.388249 2.325318
 28.600000 3.966085 1.385647 1.529465 1.376960 0.515544
 28.700000 3.936559 1.374643 1.569584 1.388397 1.803891
 28.800000 3.932702 1.394335 1.453428 1.415541 2.029908
 28.900000 3.935471 1.369470 1.514240 1.390564 1.866274
 29.000000 3.973545 1.370153 1.550654 1.418568 0.313681
 29.100000 3.913566 1.376390 1.492147 1.370110 3.348437
 29.200000 3.942932 1.396671 1.486758 1.423058 1.459698
 29.300000 3.953768 1.392030 1.530807 1.359469 0.958000
 29.400000 3.949568 1.398237 1.550399 1.389868 1.139936
 29.500000 3.915568 1.411590 1.465634 1.371801 3.195104
 29.600000 3.953910 1.408908 1.513788 1.364951 0.952102
 29.700000 3.965476 1.406242 1.562398 1.363058 0.534211
 29.800000 3.936408 1.382262 1.489633 1.368469 1.812477
 29.900000 3.930713 1.441207 1.495449 1.377420 2.151644
 30.000000 3.931336 1.379583 1.532032 1.377609 2.113138
 30.100000 3.968799 1.404184 1.543467 1.376680 0.436333
 30.200000 3.926270 1.392979 1.478899 1.362654 2.436454
 30.300000 3.940511 1.380522 1.509966 1.389378 1.586155
 30.400000 3.966078 1.400290 1.526110 1.385485 0.515730
 30.500000 3.903659 1.378941 1.528049 1.365093 4.160031
 30.600000 3.959957 1.423516 1.499652 1.428360 0.718666
 30.700000 3.920306 1.351637 1.517030 1.366227 2.846594
 30.800000 3.985831 1.404326 1.503904 1.403122 0.089987
 30.900000 3.908562 1.338567 1.507263 1.402671 3.747329
 31.000000 3.952249 1.391612 1.509241 1.409351 1.021952
 31.100000 3.941558 1.353902 1.561019 1.407944 1.530795
 31.200000 3.935299 1.366918 1.507538 1.401592 1.876259
 31.300000 3.937767 1.405976 1.484264 1.398652 1.735846
 31.400000 3.946594 1.372804 1.507229 1.370891 1.278341
 31.500000 3.968893 1.405606 1.554985 1.373802 0.433704
 31.600000 3.913353 1.412411 1.494402 1.356825 3.364961
 31.700000 3.928964 1.428884 1.458717 1.387123 2.261673
 31.800000 3.957230 1.417884 1.563309 1.332628 0.819873
 31.900000 3.968738 1.390482 1.553923 1.353785 0.438025
 32.000000 3.934980 1.408909 1.466835 1.403954 1.894821
 32.100000 3.911491 1.378996 1.490335 1.377896 3.511094
 32.200000 3.981339 1.382439 1.557668 1.406925 0.156083
 32.300000 3.922302 1.343351 1.518816 1.387768 2.705783
 32.400000 3.933126 1.401689 1.446945 1.443296 2.004386
 32.500000 3.928845 1.346969 1.548497 1.390958 2.269238
 32.600000 3.995493 1.378838 1.558256 1.389977 0.009104
 32.700000 3.909302 1.403087 1.493631 1.378163 3.686933
 32.800000 3.926453 1.399992 1.460487 1.389152 2.424400
 32.900000 3.959082 1.407307 1.564442 1.351520 0.750428
 33.000000 3.947311 1.403146 1.540370 1.356327 1.244262
 33.100000 3.898221 1.429664 1.446196 1.378116 4.642876
 33.200000 3.957196 1.416915 1.518706 1.363607 0.821181
 33.300000 3.970427 1.368741 1.563043 1.364533 0.391967
 33.400000 3.929031 1.402011 1.506537 1.404379 2.257407
 33.500000 3.903822 1.397351 1.447566 1.387437 4.145941
 33.600000 3.952454 1.369381 1.556028 1.418119 1.013203
 33.700000 3.977596 1.358802 1.560127 1.361736 0.224972
 33.800000 3.928231 1.391540 1.473653 1.409104 2.308578
 33.900000 3.927096 1.385978 1.459686 1.420189 2.382204
 34.000000 3.934377 1.378522 1.545728 1.383399 1.930142
 34.100000 3.963487 1.377942 1.557434 1.392308 0.597538
 34.200000 3.918157 1.360217 1.458044 1.415279 3.002161
 34.300000 3.931925 1.395827 1.484053 1.402801 2.077059
 34.400000 3.969415 1.352695 1.552409 1.396195 0.419271
 34.500000 3.927130 1.359067 1.540486 1.404521 2.379935
 34.600000 3.933497 1.410700 1.459940 1.409854 1.982202
 34.700000 3.922558 1.358583 1.518693 1.392731 2.687974
 34.800000 3.990851 1.388264 1.542972 1.384380 0.037518
 34.900000 3.911834 1.378417 1.490589 1.368608 3.483998
 35.000000 3.918044 1.419611 1.473306 1.417333 3.010463
 35.100000 3.959177 1.386650 1.541234 1.359830 0.746925
 35.200000 3.950333 1.380535 1.570599 1.368885 1.105616
 35.300000 3.934443 1.387676 1.451218 1.419903 1.926258
 35.400000 3.914831 1.380349 1.504324 1.374473 3.251099
 35.500000 3.994906 1.360377 1.559302 1.426013 0.011629
 35.600000 3.899845 1.338494 1.528889 1.394776 4.495874
 35.700000 3.947702 1.381802 1.464059 1.449916 1.225851
 35.800000 3.943018 1.350522 1.536495 1.391203 1.455263
 35.900000 3.960253 1.364279 1.559618 1.414614 0.708060
 36.000000 3.925105 1.399889 1.459212 1.399315 2.514054
 36.100000 3.931791 1.380651 1.512541 1.389351 2.085226
 36.200000 3.991736 1.418391 1.570246 1.367979 0.030609
 36.300000 3.935148 1.397155 1.509320 1.344026 1.885032
 36.400000 3.920967 1.424983 1.510027 1.380198 2.799535
 36.500000 3.945782 1.415143 1.501876 1.364268 1.317511
 36.600000 3.948525 1.390557 1.551198 1.366024 1.187607
 36.700000 3.952436 1.411449 1.483012 1.381017 1.013981
 36.800000 3.915645 1.381448 1.505921 1.381086 3.189282
 36.900000 3.957929 1.397683 1.517408 1.421499 0.793315
 37.000000 3.927423 1.355822 1.524910 1.397819 2.360856
 37.100000 3.957016 1.392386 1.538469 1.395121 0.828095
 37.200000 3.939354 1.359996 1.480799 1.398793 1.648431
 37.300000 3.952004 1.402830 1.506108 1.399194 1.032480
 37.400000 3.930488 1.366224 1.540124 1.389316 2.165695
 37.500000 3.934667 1.398660 1.513574 1.407026 1.913093
 37.600000 3.939048 1.387801 1.505077 1.389911 1.665121
 37.700000 3.952416 1.393677 1.510562 1.375141 1.014828
 37.800000 3.952880 1.370997 1.532367 1.394087 0.995147
 37.900000 3.927226 1.389615 1.498237 1.380220 2.373678
 38.000000 3.942335 1.398345 1.524556 1.412566 1.490369
 38.100000 3.939594 1.378895 1.516263 1.396061 1.635406
 38.200000 3.957510 1.371154 1.525328 1.391048 0.809163
 38.300000 3.936438 1.364610 1.526817 1.390063 1.810813
 38.400000 3.944930 1.396794 1.506270 1.404495 1.359247
 38.500000 3.923254 1.379179 1.527949 1.393972 2.639867
 38.600000 3.957492 1.386745 1.482055 1.405176 0.809860
 38.700000 3.932539 1.351966 1.568221 1.371992 2.039757
 38.800000 3.968037 1.414031 1.485218 1.400963 0.457883
 38.900000 3.914031 1.370216 1.510627 1.387283 3.312519
 39.000000 3.955016 1.421588 1.533205 1.373439 0.906969
 39.100000 3.939146 1.376646 1.526165 1.367702 1.659760
 39.200000 3.946143 1.429512 1.494664 1.387688 1.300062
 39.300000 3.938901 1.397274 1.521191 1.362291 1.673160
 39.400000 3.944421 1.408019 1.536239 1.369235 1.384521
 39.500000 3.945246 1.394527 1.490863 1.383971 1.343699
 39.600000 3.944584 1.415354 1.506155 1.374288 1.376389
 39.700000 3.937815 1.369871 1.537425 1.379494 1.733184
 39.800000 3.956055 1.406070 1.537444 1.386379 0.865555
 39.900000 3.923907 1.382032 1.528365 1.387017 2.595147
 40.000000 3.958490 1.375458 1.501755 1.408044 0.772271
 40.100000 3.925739 1.378326 1.495244 1.380307 2.471681
 40.200000 3.960946 1.363180 1.537404 1.409197 0.683592
 40.300000 3.939695 1.375313 1.520373 1.406172 1.629981
 40.400000 3.924335 1.398698 1.493218 1.411202 2.566033
 40.500000 3.931111 1.378293 1.502918 1.377198 2.127041
 40.600000 3.973114 1.382887 1.547812 1.391745 0.323984
 40.700000 3.932800 1.400931 1.502101 1.364984 2.024002
 40.800000 3.919992 1.404756 1.471803 1.419422 2.869073
 40.900000 3.946467 1.391464 1.579137 1.340013 1.284423
 41.000000 3.980005 1.389940 1.532961 1.397141 0.179190
 41.100000 3.918370 1.394294 1.462118 1.389863 2.986547
 41.200000 3.929809 1.389458 1.500926 1.385201 2.208179
 41.300000 3.969933 1.376429 1.577602 1.374180 0.405194
 41.400000 3.930620 1.385444 1.508419 1.405498 2.157462
 41.500000 3.909759 1.414053 1.449205 1.388665 3.649919
 41.600000 3.959251 1.372682 1.537886 1.378348 0.744233
 41.700000 3.961776 1.369267 1.567904 1.375293 0.654858
 41.800000 3.937421 1.418495 1.479915 1.394860 1.755220
 41.900000 3.908151 1.381957 1.474856 1.390668 3.781134
 42.000000 3.971794 1.404486 1.544020 1.374798 0.356583
 42.100000 3.946407 1.368204 1.546082 1.369007 1.287308
 42.200000 3.936391 1.407463 1.475994 1.409876 1.813487
 42.300000 3.914494 1.391514 1.468270 1.403175 3.276877
 42.400000 3.956534 1.374350 1.549873 1.380355 0.846776
 42.500000 3.973730 1.374843 1.553759 1.396536 0.309298
 42.600000 3.911938 1.389293 1.463736 1.386498 3.475740
 42.700000 3.924425 1.381761 1.493920 1.432004 2.559939
 42.800000 3.968109 1.373206 1.578725 1.354644 0.455835
 42.900000 3.953670 1.379366 1.543354 1.391941 0.962063
 43.000000 3.908946 1.402185 1.426066 1.405815 3.715938
 43.100000 3.943135 1.378343 1.509644 1.388040 1.449299
 43.200000 3.973701 1.378299 1.589913 1.374470 0.309997
 43.300000 3.921422 1.386641 1.484272 1.391988 2.767418
 43.400000 3.917033 1.418781 1.449731 1.402508 3.085175
 43.500000 3.965639 1.375951 1.550899 1.357629 0.529188
 43.600000 3.989087 1.393348 1.592159 1.367923 0.053376
 43.700000 3.885612 1.425200 1.441336 1.372142 5.864492
 43.800000 3.927687 1.414790 1.463568 1.398429 2.343708
 43.900000 3.967715 1.391839 1.583208 1.347195 0.467160
 44.000000 3.964082 1.372453 1.524579 1.371736 0.578220
 44.100000 3.917528 1.429805 1.460912 1.399984 3.048467
 44.200000 3.902202 1.386048 1.483216 1.386975 4.286776
 44.300000 3.990811 1.393222 1.570524 1.392668 0.037844
 44.400000 3.923542 1.348497 1.542208 1.363475 2.620089
 44.500000 3.946381 1.430380 1.444508 1.408388 1.288594
 44.600000 3.915988 1.358904 1.509229 1.396354 3.163368
 44.700000 3.982176 1.384343 1.577099 1.377925 0.142387
 44.800000 3.918993 1.370509 1.514611 1.397980 2.941120
 44.900000 3.912898 1.405096 1.425929 1.410098 3.400355
 45.000000 3.963074 1.376414 1.534587 1.379982 0.611121
 45.100000 3.964552 1.366548 1.585192 1.371519 0.563201
 45.200000 3.924160 1.391549 1.473924 1.406016 2.577896
 45.300000 3.912776 1.402736 1.471029 1.411945 3.409886
 45.400000 3.974122 1.357548 1.581653 1.370346 0.300139
 45.500000 3.969911 1.356758 1.562981 1.401138 0.405783
 45.600000 3.906333 1.386956 1.453363 1.401220 3.932291
 45.700000 3.928068 1.386614 1.494686 1.430955 2.319099
 45.800000 3.951065 1.359877 1.565002 1.362897 1.073290
 45.900000 3.969301 1.382548 1.518744 1.414599 0.422389
 46.000000 3.893544 1.382217 1.477285 1.374307 5.079385
 46.100000 3.973589 1.419118 1.495395 1.411411 0.312648
 46.200000 3.928495 1.373542 1.580692 1.350869 2.291604
 46.300000 3.968403 1.406350 1.514223 1.385887 0.447461
 46.400000 3.911645 1.412824 1.481551 1.371276 3.498886
 46.500000 3.943446 1.399498 1.489419 1.393096 1.433493
 46.600000 3.955728 1.395148 1.559989 1.359485 0.878471
 46.700000 3.940680 1.383221 1.526284 1.388458 1.577155
 46.800000 3.933945 1.408319 1.469513 1.386688 1.955587
 46.900000 3.949117 1.395790 1.511922 1.405470 1.160438
 47.000000 3.953022 1.355704 1.539519 1.375444 0.989154
 47.100000 3.933989 1.403316 1.512614 1.406071 1.953026
 47.200000 3.928632 1.367290 1.493369 1.393672 2.282847
 47.300000 3.966259 1.388234 1.544448 1.413750 0.510252
 47.400000 3.933826 1.356998 1.511963 1.377276 1.962690
 47.500000 3.936901 1.391590 1.490828 1.393789 1.784494
 47.600000 3.934094 1.386252 1.522557 1.409629 1.946777
 47.700000 3.949868 1.392103 1.525242 1.371681 1.126415
 47.800000 3.935955 1.378397 1.543548 1.396377 1.838394
 47.900000 3.963866 1.388554 1.507403 1.357728 0.585204
 48.000000 3.928920 1.398919 1.509392 1.403525 2.264447
 48.100000 3.948553 1.402169 1.512254 1.377150 1.186287
 48.200000 3.939524 1.385513 1.531856 1.384292 1.639206
 48.300000 3.939952 1.395052 1.515192 1.381650 1.616087
 48.400000 3.950280 1.388846 1.482087 1.397868 1.107990
 48.500000 3.929192 1.386568 1.538017 1.364737 2.247186
 48.600000 3.977749 1.378453 1.516038 1.389765 0.221899
 48.700000 3.905439 1.384381 1.517733 1.394362 4.007670
 48.800000 3.961643 1.401790 1.493058 1.400796 0.659412
 48.900000 3.933717 1.354170 1.548059 1.383204 1.969148
 49.000000 3.952599 1.390896 1.535545 1.398393 1.007045
 49.100000 3.939178 1.369583 1.472366 1.394644 1.658034
 49.200000 3.940855 1.399178 1.516160 1.404018 1.567850
 49.300000 3.938458 1.345202 1.531109 1.379797 1.697547
 49.400000 3.950226 1.414800 1.523056 1.414905 1.110396
 49.500000 3.917711 1.369142 1.496936 1.383372 3.034969
 49.600000 3.958962 1.414331 1.511709 1.397643 0.754834
 49.700000 3.926357 1.346146 1.538379 1.367103 2.430692
 49.800000 3.987417 1.409797 1.496165 1.399610 0.070960
 49.900000 3.896461 1.380664 1.502535 1.383663 4.804821
 50.000000 3.956308 1.394011 1.510131 1.394575 0.855629
