#! FIELDS time d1 d2 d3 d4 rest.bias
 0.000000 3.110898 1.351552 1.442189 1.342897 5.512100
 0.100000 2.976033 1.322888 1.499095 1.354329 0.257451
 0.200000 3.004472 1.365402 1.441583 1.368846 0.008965
 0.300000 2.996595 1.345706 1.448131 1.309101 0.005196
 0.400000 3.006501 1.339176 1.433760 1.374137 0.018940
 0.500000 3.020061 1.323240 1.521866 1.334487 0.180370
 0.600000 3.019689 1.376685 1.472914 1.338996 0.173756
 0.700000 2.989338 1.321563 1.494537 1.355899 0.050948
 0.800000 3.005811 1.353983 1.397199 1.351698 0.015137
 0.900000 2.972652 1.355615 1.427985 1.312116 0.335219
 1.000000 3.006148 1.341150 1.482007 1.380498 0.016940
 1.100000 3.026560 1.330364 1.506795 1.322893 0.316170
 1.200000 3.048420 1.351211 1.506622 1.331185 1.050813
 1.300000 2.994290 1.341505 1.438148 1.369445 0.014614
 1.400000 2.975872 1.345066 1.443353 1.336018 0.260920
 1.500000 3.006430 1.387535 1.423948 1.345859 0.018530
 1.600000 3.001957 1.311279 1.459955 1.338728 0.001717
 1.700000 3.059696 1.334846 1.471961 1.359772 1.597211
 1.800000 2.976380 1.361773 1.514257 1.316293 0.250054
 1.900000 3.004417 1.364067 1.482145 1.372929 0.008744
 2.000000 3.002465 1.289941 1.409484 1.342355 0.002723
 2.100000 3.005597 1.412714 1.446875 1.329351 0.014040
 2.200000 2.967837 1.308976 1.517745 1.348897 0.463653
 2.300000 3.067536 1.323348 1.461670 1.377661 2.044315
 2.400000 3.011695 1.345265 1.494190 1.289993 0.061297
 2.500000 3.017762 1.359762 1.435849 1.371171 0.141402
 2.600000 2.951434 1.310194 1.483466 1.341187 1.057145
 2.700000 3.018660 1.405247 1.431712 1.376286 0.156066
 2.800000 2.993833 1.308622 1.476487 1.282668 0.017048
 2.900000 3.068163 1.339951 1.436087 1.390250 2.082437
 3.000000 2.973747 1.313028 1.502379 1.329592 0.308911
 3.100000 2.984637 1.398732 1.451790 1.345921 0.105791
 3.200000 3.011075 1.310978 1.435508 1.343475 0.054973
 3.300000 3.022867 1.339521 1.462575 1.353450 0.234368
 3.400000 2.993361 1.362116 1.546697 1.320938 0.019755
 3.500000 3.055589 1.340191 1.482893 1.360845 1.385015
 3.600000 2.983349 1.298450 1.463389 1.311976 0.124264
 3.700000 3.020648 1.400378 1.417149 1.362998 0.191093
 3.800000 2.952903 1.317798 1.456084 1.336944 0.994168
 3.900000 3.012423 1.360787 1.464958 1.366241 0.069166
 4.000000 3.017564 1.344025 1.496726 1.315630 0.138259
 4.100000 3.030970 1.321381 1.463563 1.348838 0.429896
 4.200000 3.007667 1.339764 1.442957 1.332231 0.026347
 4.300000 2.961970 1.361032 1.448174 1.358311 0.648212
 4.400000 3.003026 1.338413 1.482639 1.355697 0.004103
 4.500000 3.038572 1.330416 1.456488 1.332719 0.666834
 4.600000 2.993930 1.355315 1.497792 1.332426 0.016512
 4.700000 3.010271 1.351790 1.490681 1.365036 0.047279
 4.800000 3.003809 1.317991 1.436283 1.347555 0.006502
 4.900000 2.990413 1.365739 1.425070 1.332720 0.041198
 5.000000 3.008713 1.348007 1.460531 1.339302 0.034023
 5.100000 2.991662 1.314688 1.483488 1.364631 0.031156
 5.200000 3.048229 1.379921 1.470580 1.336444 1.042526
 5.300000 3.005524 1.319876 1.478010 1.308265 0.013679
 5.400000 3.011921 1.352174 1.453500 1.402088 0.063691
 5.500000 2.984209 1.325012 1.469137 1.318819 0.111760
 5.600000 2.999098 1.351300 1.431870 1.325515 0.000365
 5.700000 3.020584 1.352389 1.449625 1.360618 0.189908
 5.800000 3.004979 1.319761 1.436475 1.341975 0.011111
 5.900000 3.012063 1.351133 1.493520 1.323414 0.065219
 6.000000 3.000102 1.361134 1.496246 1.371413 0.000005
 6.100000 3.026041 1.317883 1.452247 1.326151 0.303932
 6.200000 3.026694 1.352217 1.445620 1.320639 0.319364
 6.300000 2.938267 1.349306 1.457463 1.369421 1.708059
 6.400000 3.038584 1.335096 1.464414 1.353754 0.667253
 6.500000 3.033642 1.341086 1.466494 1.290541 0.507268
 6.600000 3.014649 1.365424 1.513915 1.373315 0.096186
 6.700000 3.000433 1.316607 1.478131 1.369003 0.000084
 6.800000 2.964919 1.350446 1.446221 1.329684 0.551582
 6.900000 3.002613 1.364904 1.439342 1.345475 0.003061
 7.000000 3.040277 1.300845 1.440650 1.345594 0.727079
 7.100000 2.999860 1.357545 1.485722 1.333797 0.000009
 7.200000 2.998891 1.382584 1.506360 1.366043 0.000551
 7.300000 3.018757 1.291669 1.463493 1.348930 0.157695
 7.400000 3.018235 1.360172 1.432246 1.352137 0.149035
 7.500000 2.982419 1.363411 1.481611 1.338431 0.138532
 7.600000 3.020035 1.314472 1.471348 1.353379 0.179913
 7.700000 3.044151 1.357684 1.485826 1.329234 0.873668
 7.800000 3.013987 1.348836 1.462910 1.318519 0.087688
 7.900000 3.020670 1.315600 1.473531 1.381289 0.191488
 8.000000 2.953045 1.370854 1.462943 1.360166 0.988188
 8.100000 2.976257 1.347808 1.451208 1.317984 0.252660
 8.200000 3.072219 1.323094 1.447260 1.352058 2.337598
 8.300000 3.001088 1.329265 1.486020 1.321458 0.000531
 8.400000 3.004158 1.383125 1.482545 1.371393 0.007751
 8.500000 2.992077 1.309371 1.463902 1.328075 0.028132
 8.600000 3.011849 1.366532 1.416521 1.345751 0.062927
 8.700000 3.002226 1.338160 1.459070 1.351857 0.002220
 8.800000 2.999865 1.330125 1.453328 1.326505 0.000008
 8.900000 3.008484 1.354223 1.488772 1.349819 0.032262
 9.000000 3.023193 1.331490 1.465646 1.332172 0.241099
 9.100000 3.049868 1.327702 1.465886 1.331170 1.114574
 9.200000 2.999640 1.352958 1.482528 1.369405 0.000058
 9.300000 2.931054 1.362021 1.472050 1.324459 2.130513
 9.400000 3.036135 1.339152 1.404054 1.357003 0.585244
 9.500000 3.015263 1.310867 1.437009 1.318773 0.104406
 9.600000 3.012418 1.363970 1.504438 1.346128 0.069117
 9.700000 2.995688 1.334799 1.506582 1.350189 0.008333
 9.800000 3.004774 1.342267 1.452441 1.345889 0.010217
 9.900000 2.994384 1.337557 1.413254 1.334391 0.014135
 10.000000 3.003675 1.368412 1.455264 1.341098 0.006055
 10.100000 2.973949 1.319561 1.527794 1.357426 0.304170
 10.200000 3.052022 1.359232 1.495491 1.345022 1.212961
 10.300000 3.038385 1.334092 1.461319 1.301260 0.660398
 10.400000 3.006446 1.328083 1.442508 1.370295 0.018625
 10.500000 2.968189 1.357054 1.470669 1.354628 0.453563
 10.600000 2.976756 1.356440 1.455131 1.325553 0.242163
 10.700000 3.042543 1.320901 1.427430 1.352441 0.811199
 10.800000 3.006830 1.334447 1.454652 1.341321 0.020909
 10.900000 2.984057 1.365400 1.501318 1.336345 0.113918
 11.000000 3.005985 1.344250 1.492038 1.346960 0.016057
 11.100000 3.021148 1.340606 1.451472 1.329615 0.200445
 11.200000 3.028966 1.330958 1.465290 1.338887 0.376046
 11.300000 2.995700 1.349509 1.450679 1.333107 0.008288
 11.400000 2.971155 1.338227 1.493907 1.360536 0.372928
 11.500000 3.036142 1.348056 1.445086 1.333908 0.585463
 11.600000 3.036152 1.337182 1.429053 1.306437 0.585770
 11.700000 2.991615 1.351642 1.501570 1.380313 0.031514
 11.800000 2.984739 1.338577 1.483784 1.345785 0.104384
 11.900000 3.015315 1.360163 1.438968 1.335662 0.105128
 12.000000 3.001335 1.347079 1.430699 1.334570 0.000799
 12.100000 3.024541 1.309259 1.455550 1.346610 0.269935
 12.200000 3.013120 1.348454 1.496900 1.359970 0.077146
 12.300000 2.985003 1.364691 1.523566 1.346405 0.100811
 12.400000 3.029234 1.330927 1.437201 1.342881 0.383045
 12.500000 3.008406 1.325385 1.435024 1.345026 0.031667
 12.600000 2.973805 1.370195 1.485471 1.338666 0.307547
 12.700000 3.031950 1.313618 1.507343 1.334361 0.457525
 12.800000 3.071592 1.350238 1.496485 1.356134 2.297203
 12.900000 2.979859 1.350780 1.456160 1.326983 0.181812
 13.000000 3.005157 1.353968 1.432023 1.364380 0.011921
 13.100000 2.987039 1.329439 1.446392 1.336064 0.075286
 13.200000 3.036986 1.342077 1.490985 1.325010 0.613122
 13.300000 3.072336 1.324750 1.507967 1.340070 2.345207
 13.400000 2.985622 1.352773 1.472945 1.326169 0.092655
 13.500000 2.953660 1.356637 1.460945 1.365711 0.962473
 13.600000 2.988846 1.342217 1.415432 1.353001 0.055757
 13.700000 3.046117 1.322196 1.435646 1.311801 0.953217
 13.800000 3.021263 1.358085 1.463528 1.356241 0.202630
 13.900000 2.968935 1.342395 1.535004 1.342515 0.432522
 14.000000 3.006666 1.361046 1.442752 1.357488 0.019914
 14.100000 2.995396 1.325103 1.419086 1.315555 0.009500
 14.200000 3.055880 1.337628 1.452594 1.359515 1.399513
 14.300000 2.989248 1.340615 1.529825 1.336233 0.051815
 14.400000 3.002509 1.364907 1.509444 1.344438 0.002821
 14.500000 2.975149 1.329109 1.433452 1.340876 0.276797
 14.600000 3.012450 1.341911 1.435496 1.361578 0.069468
 14.700000 2.995741 1.347593 1.469008 1.305511 0.008128
 14.800000 3.043912 1.358489 1.489528 1.364381 0.864230
 14.900000 3.018834 1.299503 1.529427 1.332338 0.158979
 15.000000 3.021980 1.378732 1.400491 1.348711 0.216543
 15.100000 2.970069 1.351481 1.450707 1.332469 0.401515
 15.200000 2.968104 1.331390 1.458275 1.384680 0.455987
 15.300000 3.048407 1.352371 1.510306 1.322391 1.050222
 15.400000 3.067060 1.327042 1.461553 1.306354 2.015572
 15.500000 3.021548 1.325617 1.471233 1.356793 0.208112
 15.600000 2.949041 1.355713 1.460130 1.365018 1.163892
 15.700000 2.962998 1.347564 1.455352 1.333717 0.613659
 15.800000 3.053569 1.336119 1.441197 1.342580 1.286148
 15.900000 3.025395 1.328004 1.471680 1.344888 0.289039
 16.000000 3.012187 1.361644 1.506034 1.346244 0.066567
 16.100000 2.992701 1.341046 1.453432 1.335088 0.023880
 16.200000 2.988456 1.347936 1.415814 1.360729 0.059730
 16.300000 3.019298 1.358807 1.419440 1.334324 0.166917
 16.400000 3.010952 1.307520 1.516391 1.327098 0.053763
 16.500000 3.015300 1.370317 1.538830 1.389310 0.104921
 16.600000 3.000239 1.338635 1.480548 1.295963 0.000026
 16.700000 3.041255 1.343335 1.395501 1.371131 0.762823
 16.800000 2.936717 1.338507 1.441355 1.350911 1.794917
 16.900000 3.003985 1.379068 1.473438 1.331595 0.007119
 17.000000 3.046051 1.308562 1.529059 1.347336 0.950510
 17.100000 3.056474 1.335491 1.507069 1.345951 1.429437
 17.200000 3.006808 1.354591 1.447957 1.318557 0.020773
 17.300000 2.976095 1.347426 1.403070 1.368444 0.256122
 17.400000 2.950235 1.337815 1.464480 1.343085 1.110000
 17.500000 3.073522 1.363337 1.462321 1.342326 2.422749
 17.600000 3.052352 1.300409 1.550326 1.305064 1.228380
 17.700000 3.014533 1.380184 1.434696 1.393430 0.094667
 17.800000 2.966946 1.334052 1.441908 1.316618 0.489698
 17.900000 2.990081 1.348878 1.395769 1.367493 0.044100
 18.000000 2.988572 1.336999 1.456352 1.325928 0.058537
 18.100000 3.068867 1.357881 1.546957 1.330241 2.125677
 18.200000 3.001496 1.313511 1.565823 1.351060 0.001003
 18.300000 3.008841 1.374473 1.443077 1.360237 0.035032
 18.400000 2.984331 1.321580 1.378323 1.323072 0.110043
 18.500000 2.982014 1.347010 1.448429 1.355483 0.144988
 18.600000 3.001330 1.346128 1.502466 1.334826 0.000793
 18.700000 3.042902 1.330863 1.507701 1.341341 0.824968
 18.800000 3.028469 1.331849 1.487881 1.325499 0.363257
 18.900000 2.990845 1.360063 1.422594 1.352807 0.037569
 19.000000 2.949136 1.347277 1.424510 1.354383 1.159554
 19.100000 2.994461 1.337398 1.440102 1.352184 0.013749
 19.200000 3.056468 1.340400 1.516449 1.318825 1.429131
 19.300000 3.031859 1.329799 1.506829 1.318159 0.454920
 19.400000 3.016921 1.332713 1.488395 1.368268 0.128321
 19.500000 2.936490 1.369387 1.426374 1.344125 1.807803
 19.600000 2.977685 1.357458 1.410478 1.351252 0.223182
 19.700000 3.067230 1.301591 1.496201 1.343009 2.025831
 19.800000 3.040458 1.346348 1.543685 1.331653 0.733639
 19.900000 3.008533 1.341479 1.562968 1.337073 0.032633
 20.000000 2.988193 1.347388 1.414258 1.348668 0.062484
 20.100000 2.975945 1.341284 1.408120 1.356006 0.259347
 20.200000 3.004210 1.356669 1.481664 1.341291 0.007943
 20.300000 3.061134 1.351401 1.556166 1.337288 1.675103
 20.400000 3.019730 1.319839 1.531327 1.327313 0.174463
 20.500000 3.004033 1.356912 1.407205 1.358568 0.007290
 20.600000 2.974231 1.337994 1.405097 1.330288 0.297630
 20.700000 2.968347 1.351465 1.433069 1.368462 0.449068
 20.800000 3.048259 1.342363 1.592714 1.324803 1.043812
 20.900000 3.067705 1.309458 1.518775 1.316018 2.054539
 21.000000 3.024681 1.325840 1.516040 1.342370 0.273031
 21.100000 2.961281 1.370631 1.416196 1.354870 0.671922
 21.200000 2.958078 1.327192 1.424832 1.330849 0.787683
 21.300000 3.057300 1.361487 1.513623 1.362468 1.471592
 21.400000 3.001329 1.308193 1.574024 1.322056 0.000791
 21.500000 3.078459 1.368081 1.477135 1.347468 2.759059
 21.600000 2.968831 1.319581 1.391090 1.317994 0.435420
 21.700000 2.970435 1.380958 1.412889 1.379843 0.391766
 21.800000 3.011626 1.329242 1.467911 1.331256 0.060581
 21.900000 3.054451 1.325887 1.516423 1.339537 1.328865
 22.000000 3.021004 1.349620 1.520981 1.347393 0.197729
 22.100000 3.004876 1.344690 1.418014 1.332833 0.010657
 22.200000 2.956582 1.348763 1.412224 1.356426 0.844922
 22.300000 2.993391 1.360308 1.465767 1.355279 0.019575
 22.400000 3.060889 1.324223 1.536320 1.318235 1.661711
 22.500000 3.037813 1.325286 1.520932 1.340317 0.640852
 22.600000 2.989697 1.358780 1.487596 1.353494 0.047581
 22.700000 2.947906 1.343456 1.365051 1.337927 1.216338
 22.800000 3.013692 1.351293 1.411217 1.340970 0.084020
 22.900000 3.010456 1.318829 1.542533 1.345609 0.048996
 23.000000 3.041380 1.364717 1.521025 1.344199 0.767441
 23.100000 3.025927 1.316459 1.486138 1.329752 0.301286
 23.200000 2.960795 1.358967 1.352064 1.361329 0.688901
 23.300000 2.987214 1.353360 1.436905 1.346656 0.073274
 23.400000 3.013054 1.330162 1.486340 1.346472 0.076375
 23.500000 3.026630 1.355796 1.557290 1.340031 0.317839
 23.600000 3.022670 1.332192 1.476828 1.343047 0.230351
 23.700000 2.994148 1.333633 1.394085 1.350947 0.015346
 23.800000 2.979259 1.354447 1.453285 1.327812 0.192810
 23.900000 2.993748 1.339383 1.465904 1.360355 0.017521
 24.000000 3.048723 1.331159 1.526228 1.342163 1.064016
 24.100000 3.034821 1.354260 1.426516 1.313692 0.543457
 24.200000 2.968236 1.335780 1.430619 1.364086 0.452207
 24.300000 2.974242 1.351716 1.419220 1.341643 0.297381
 24.400000 3.023199 1.326229 1.448705 1.330321 0.241217
 24.500000 3.068852 1.356917 1.534546 1.351979 2.124718
 24.600000 2.995616 1.337408 1.474817 1.320988 0.008613
 24.700000 2.992625 1.356131 1.443786 1.365940 0.024380
 24.800000 2.946287 1.339637 1.413344 1.337746 1.293078
 24.900000 3.049707 1.355374 1.430432 1.335815 1.107401
 25.000000 3.044081 1.303044 1.565318 1.341868 0.870902
 25.100000 3.012060 1.357050 1.535554 1.370980 0.065191
 25.200000 2.958906 1.357827 1.476763 1.305477 0.756866
 25.300000 2.999649 1.340550 1.376403 1.376751 0.000055
 25.400000 2.996387 1.313625 1.445253 1.329809 0.005850
 25.500000 3.059125 1.388936 1.506258 1.326788 1.566801
 25.600000 3.018133 1.317501 1.565507 1.327096 0.147373
 25.700000 2.992280 1.340872 1.464779 1.388328 0.026713
 25.800000 2.982825 1.368520 1.398329 1.310361 0.132211
 25.900000 3.013628 1.314579 1.400525 1.370415 0.083243
 26.000000 3.008415 1.352635 1.501212 1.348558 0.031736
 26.100000 3.020222 1.363310 1.565284 1.317974 0.183277
 26.200000 3.010011 1.317837 1.519455 1.372318 0.044923
 26.300000 2.993726 1.351934 1.396677 1.349753 0.017644
 26.400000 2.993096 1.354575 1.400657 1.329755 0.021365
 26.500000 2.993109 1.328712 1.518757 1.355758 0.021282
 26.600000 3.020961 1.357960 1.538648 1.336390 0.196927
 26.700000 3.033627 1.324284 1.504926 1.320205 0.506803
 26.800000 3.035972 1.355928 1.389666 1.362315 0.579948
 26.900000 2.932903 1.325048 1.419577 1.326099 2.017796
 27.000000 3.015703 1.374700 1.481618 1.362976 0.110522
 27.100000 3.022210 1.303957 1.492949 1.314313 0.221095
 27.200000 3.056055 1.351921 1.509773 1.359261 1.408293
 27.300000 2.966419 1.341644 1.445419 1.320947 0.505441
 27.400000 2.984392 1.347083 1.399075 1.378525 0.109192
 27.500000 2.967088 1.329671 1.473171 1.344473 0.485486
 27.600000 3.028046 1.371326 1.472675 1.320667 0.352551
 27.700000 3.061954 1.307702 1.550913 1.344281 1.720331
 27.800000 3.028995 1.334810 1.451893 1.363105 0.376804
 27.900000 2.966019 1.371607 1.458893 1.313963 0.517552
 28.000000 2.983380 1.341479 1.386729 1.372784 0.123805
 28.100000 3.017023 1.321628 1.478048 1.336744 0.129873
 28.200000 3.059139 1.363875 1.534270 1.343717 1.567557
 28.300000 3.027807 1.327636 1.506533 1.319821 0.346550
 28.400000 2.992456 1.327796 1.439934 1.369615 0.025505
 28.500000 2.957591 1.358545 1.426446 1.332093 0.806091
 28.600000 3.038028 1.349772 1.424633 1.343756 0.648150
 28.700000 3.034681 1.298684 1.504776 1.351208 0.539085
 28.800000 3.044004 1.383899 1.544045 1.356830 0.867875
 28.900000 2.958532 1.333358 1.478736 1.315018 0.770725
 29.000000 3.002044 1.346711 1.392168 1.380125 0.001872
 29.100000 2.973732 1.340354 1.422773 1.313497 0.309261
 29.200000 3.008360 1.348135 1.501505 1.349302 0.031323
 29.300000 3.047820 1.332233 1.561932 1.347411 1.024914
 29.400000 3.021412 1.347062 1.484364 1.323118 0.205497
 29.500000 3.016396 1.354280 1.416822 1.364684 0.120491
 29.600000 2.952566 1.341574 1.432929 1.348020 1.008447
 29.700000 2.987742 1.353546 1.486046 1.336388 0.067346
 29.800000 3.052736 1.326437 1.487011 1.331768 1.246477
 29.900000 3.052733 1.320408 1.513233 1.340019 1.246326
 30.000000 2.988384 1.362612 1.461283 1.338196 0.060475
 30.100000 2.968637 1.352992 1.431945 1.339374 0.440870
 30.200000 2.991456 1.336002 1.472613 1.351089 0.032722
 30.300000 3.049253 1.345864 1.447073 1.336607 1.087276
 30.400000 3.023204 1.334287 1.509056 1.329390 0.241316
 30.500000 2.980602 1.340872 1.446540 1.366839 0.168646
 30.600000 2.974061 1.360465 1.437883 1.340579 0.301574
 30.700000 3.020704 1.343101 1.426689 1.352388 0.192116
 30.800000 3.039940 1.312864 1.527014 1.324117 0.714972
 30.900000 3.028225 1.364251 1.506743 1.365590 0.357056
 31.000000 2.971385 1.321286 1.462259 1.313216 0.367004
 31.100000 3.022079 1.373406 1.394175 1.360326 0.218480
 31.200000 2.950887 1.319913 1.442471 1.352958 1.081092
 31.300000 3.039160 1.365985 1.501458 1.343289 0.687301
 31.400000 3.008400 1.333332 1.532404 1.326830 0.031623
 31.500000 3.016363 1.351308 1.445757 1.363960 0.120001
 31.600000 3.012712 1.321988 1.404123 1.323178 0.072425
 31.700000 2.967304 1.364798 1.432239 1.331812 0.479142
 31.800000 2.978715 1.348691 1.524680 1.377784 0.203057
 31.900000 3.047161 1.327163 1.486268 1.338971 0.996854
 32.000000 3.039813 1.332754 1.455400 1.310805 0.710423
 32.100000 2.997201 1.381368 1.436014 1.370464 0.003512
 32.200000 2.932668 1.308191 1.452132 1.353738 2.031957
 32.300000 3.046198 1.370269 1.448592 1.341318 0.956570
 32.400000 3.004632 1.332388 1.481497 1.317006 0.009615
 32.500000 3.029191 1.318193 1.455937 1.352146 0.381906
 32.600000 3.000949 1.353042 1.453553 1.334550 0.000404
 32.700000 2.944411 1.365570 1.471703 1.369028 1.385009
 32.800000 3.052070 1.327180 1.465459 1.341072 1.215178
 32.900000 3.043056 1.324600 1.478763 1.312887 0.830895
 33.000000 2.979255 1.362765 1.506295 1.371876 0.192878
 33.100000 2.987182 1.346123 1.468342 1.333774 0.073643
 33.200000 3.005670 1.338780 1.406327 1.341188 0.014409
 33.300000 3.023710 1.335966 1.496590 1.340853 0.251953
 33.400000 3.042272 1.348026 1.506054 1.326386 0.800897
 33.500000 3.003529 1.315095 1.510031 1.343669 0.005583
 33.600000 3.005880 1.359100 1.452760 1.343992 0.015494
 33.700000 2.994874 1.339415 1.437446 1.335802 0.011776
 33.800000 2.990263 1.339487 1.447676 1.355509 0.042493
 33.900000 3.009388 1.344629 1.504834 1.344774 0.039501
 34.000000 3.027819 1.341120 1.489053 1.323885 0.346871
 34.100000 3.038229 1.318543 1.466153 1.338648 0.655028
 34.200000 2.989598 1.358032 1.432913 1.369650 0.048495
 34.300000 2.971767 1.351651 1.473634 1.330113 0.357253
 34.400000 3.026767 1.343128 1.487189 1.360127 0.321116
 34.500000 3.013811 1.331171 1.468532 1.331652 0.085486
 34.600000 3.033326 1.351750 1.451655 1.317415 0.497772
 34.700000 2.972768 1.326290 1.432446 1.369880 0.332373
 34.800000 2.961546 1.371216 1.463221 1.369381 0.662748
 34.900000 3.024173 1.366619 1.463243 1.292084 0.261895
 35.000000 3.055282 1.295793 1.479709 1.375561 1.369751
 35.100000 3.010284 1.347936 1.467069 1.374195 0.047399
 35.200000 2.969675 1.375493 1.440638 1.294080 0.412174
 35.300000 3.025866 1.325072 1.430416 1.394148 0.299870
 35.400000 3.010617 1.314294 1.466943 1.339051 0.050520
 35.500000 3.045343 1.409196 1.526844 1.310399 0.921483
 35.600000 2.993268 1.319166 1.467739 1.359727 0.020313
 35.700000 2.963727 1.336485 1.422159 1.384533 0.589702
 35.800000 2.999511 1.379792 1.403279 1.307874 0.000107
 35.900000 3.023419 1.314311 1.444943 1.326723 0.245821
 36.000000 2.998756 1.331357 1.548067 1.393591 0.000693
 36.100000 3.002777 1.385776 1.505632 1.313871 0.003455
 36.200000 3.046604 1.323621 1.444205 1.330315 0.973471
 36.300000 2.987155 1.323678 1.423387 1.382163 0.073955
 36.400000 2.970085 1.383497 1.458598 1.329586 0.401107
 36.500000 3.026403 1.341468 1.465743 1.332380 0.312458
 36.600000 3.032643 1.315282 1.465232 1.348299 0.477598
 36.700000 3.008979 1.360886 1.472551 1.333347 0.036137
 36.800000 2.981260 1.336681 1.446365 1.331503 0.157395
 36.900000 2.975189 1.348201 1.462888 1.389899 0.275902
 37.000000 2.999449 1.348637 1.461458 1.320555 0.000136
 37.100000 3.062268 1.316313 1.435690 1.320059 1.737817
 37.200000 2.988112 1.353662 1.467232 1.354513 0.063339
 37.300000 2.949062 1.350794 1.486107 1.357793 1.162928
 37.400000 3.047178 1.335244 1.444165 1.325354 0.997576
 37.500000 3.017427 1.333139 1.476589 1.341120 0.136124
 37.600000 3.025888 1.353727 1.500355 1.346824 0.300385
 37.700000 2.996731 1.333590 1.483812 1.337530 0.004791
 37.800000 2.979228 1.344937 1.420689 1.364461 0.193382
 37.900000 3.030753 1.346525 1.400579 1.314378 0.423893
 38.000000 2.991401 1.330037 1.483394 1.328348 0.033138
 38.100000 3.001926 1.358481 1.528835 1.391267 0.001662
 38.200000 3.005850 1.322715 1.507691 1.317841 0.015336
 38.300000 3.026379 1.359589 1.394159 1.338108 0.311892
 38.400000 2.982415 1.334315 1.419890 1.357080 0.138600
 38.500000 3.002706 1.351668 1.442332 1.340432 0.003282
 38.600000 3.026253 1.327851 1.512188 1.318267 0.308918
 38.700000 3.049238 1.356058 1.504797 1.368504 1.086600
 38.800000 2.999849 1.323946 1.444372 1.325450 0.000010
 38.900000 3.000363 1.359926 1.432952 1.355480 0.000059
 39.000000 2.953178 1.357674 1.476588 1.353316 0.982597
 39.100000 3.056007 1.326636 1.433521 1.321756 1.405926
 39.200000 3.039339 1.311366 1.469215 1.327142 0.693629
 39.300000 2.958400 1.369223 1.487136 1.383409 0.775620
 39.400000 2.984667 1.357946 1.486851 1.296921 0.105376
 39.500000 3.016344 1.340948 1.456202 1.374749 0.119731
 39.600000 3.004651 1.322368 1.479277 1.351004 0.009695
 39.700000 3.044964 1.367514 1.474390 1.313034 0.906151
 39.800000 2.995811 1.316560 1.466209 1.363062 0.007863
 39.900000 2.992657 1.340013 1.444303 1.367089 0.024166
 40.000000 3.020568 1.393564 1.439395 1.305359 0.189607
 40.100000 2.985302 1.311693 1.496417 1.351616 0.096828
 40.200000 3.015393 1.328721 1.519177 1.385427 0.106204
 40.300000 3.023183 1.373280 1.464682 1.302930 0.240895
 40.400000 3.011618 1.332580 1.438136 1.339030 0.060495
 40.500000 2.983540 1.312429 1.441474 1.394739 0.121435
 40.600000 2.992628 1.386327 1.456663 1.303781 0.024356
 40.700000 3.022053 1.343891 1.502874 1.350516 0.217980
 40.800000 3.050571 1.315906 1.474975 1.373939 1.146221
 40.900000 3.004521 1.342018 1.480018 1.307162 0.009160
 41.000000 2.973447 1.381357 1.442362 1.355233 0.316005
 41.100000 3.000563 1.313718 1.450320 1.352907 0.000142
 41.200000 3.053225 1.347889 1.449016 1.323167 1.269703
 41.300000 2.998219 1.351181 1.528238 1.308070 0.001421
 41.400000 2.984179 1.348129 1.473658 1.395043 0.112188
 41.500000 2.972330 1.340591 1.442189 1.317898 0.343160
 41.600000 3.029865 1.353079 1.417971 1.346107 0.399749
 41.700000 2.998350 1.325825 1.483096 1.344424 0.001220
 41.800000 3.026491 1.354988 1.477399 1.342032 0.314527
 41.900000 3.022522 1.322664 1.499922 1.324592 0.227349
 42.000000 3.013738 1.344011 1.457740 1.375404 0.084587
 42.100000 2.995932 1.320382 1.452056 1.328230 0.007418
 42.200000 3.001810 1.369752 1.476183 1.356530 0.001469
 42.300000 2.978333 1.334964 1.484385 1.348385 0.210408
 42.400000 3.056453 1.340002 1.433880 1.330742 1.428400
 42.500000 3.013835 1.334316 1.441092 1.324570 0.085792
 42.600000 2.965531 1.346562 1.471896 1.367532 0.532501
 42.700000 3.002343 1.367734 1.500452 1.347956 0.002460
 42.800000 3.018837 1.319447 1.446766 1.321626 0.159038
 42.900000 3.050665 1.321878 1.470340 1.343613 1.150524
 43.000000 2.986784 1.375078 1.480693 1.348781 0.078278
 43.100000 2.962732 1.337060 1.458425 1.338851 0.622501
 43.200000 3.042476 1.349844 1.406660 1.354408 0.808655
 43.300000 3.006128 1.330961 1.467480 1.304646 0.016831
 43.400000 3.019663 1.345459 1.533967 1.359427 0.173297
 43.500000 2.996422 1.342051 1.508043 1.348665 0.005738
 43.600000 2.995423 1.349024 1.439436 1.327871 0.009390
 43.700000 3.037529 1.330674 1.414314 1.367421 0.631242
 43.800000 2.983669 1.347486 1.468296 1.317812 0.119533
 43.900000 3.008395 1.368216 1.517888 1.351295 0.031584
 44.000000 3.029299 1.314878 1.484268 1.361689 0.384753
 44.100000 3.007335 1.338714 1.436862 1.321557 0.024113
 44.200000 3.000635 1.359200 1.456982 1.333146 0.000181
 44.300000 2.962387 1.325026 1.475497 1.376326 0.634086
 44.400000 3.033561 1.353762 1.465504 1.345834 0.504828
 44.500000 3.063455 1.338715 1.435617 1.283328 1.804688
 44.600000 2.995816 1.320239 1.476136 1.381930 0.007847
 44.700000 2.953946 1.369912 1.480736 1.366477 0.950609
 44.800000 2.983601 1.359661 1.444123 1.308348 0.120533
 44.900000 3.040237 1.328011 1.428926 1.360874 0.725629
 45.000000 3.010839 1.317751 1.479862 1.345890 0.052653
 45.100000 3.004840 1.387710 1.493500 1.323101 0.010500
 45.200000 3.009204 1.336133 1.471648 1.349019 0.037972
 45.300000 2.997451 1.326269 1.446133 1.358645 0.002912
 45.400000 3.005662 1.350134 1.455649 1.327893 0.014370
 45.500000 3.009567 1.361315 1.480846 1.325835 0.041019
 45.600000 2.985034 1.330160 1.508408 1.361987 0.100392
 45.700000 3.039631 1.332113 1.426193 1.354844 0.703944
 45.800000 3.002595 1.366326 1.413045 1.298443 0.003018
 45.900000 2.986173 1.349224 1.471683 1.380390 0.085692
 46.000000 2.984992 1.324813 1.519405 1.370077 0.100948
 46.100000 3.008115 1.368331 1.480040 1.328165 0.029515
 46.200000 3.030307 1.330700 1.448748 1.316442 0.411671
 46.300000 3.003210 1.325855 1.459308 1.381055 0.004618
 46.400000 2.962313 1.369043 1.471135 1.347859 0.636566
 46.500000 3.052748 1.352621 1.440456 1.318248 1.247034
 46.600000 3.019403 1.311477 1.486534 1.342951 0.168732
 46.700000 2.994274 1.363627 1.469372 1.377820 0.014698
 46.800000 2.984729 1.344219 1.473341 1.308436 0.104523
 46.900000 3.019538 1.335387 1.442738 1.371746 0.171097
 47.000000 3.006045 1.342664 1.469525 1.331749 0.016376
 47.100000 3.031258 1.362439 1.452677 1.332276 0.437921
 47.200000 3.009614 1.332335 1.513613 1.331753 0.041430
 47.300000 2.996656 1.357741 1.473181 1.355170 0.005013
 47.400000 3.006531 1.333077 1.435824 1.309389 0.019115
 47.500000 2.997648 1.342802 1.451278 1.355337 0.002480
 47.600000 2.974370 1.344390 1.502996 1.348372 0.294424
 47.700000 3.058780 1.350842 1.461787 1.339514 1.548589
 47.800000 3.016479 1.304420 1.443702 1.324724 0.121719
 47.900000 3.017452 1.379751 1.465737 1.367813 0.136511
 48.000000 2.991137 1.337865 1.472178 1.322684 0.035209
 48.100000 3.002872 1.322145 1.480106 1.357306 0.003698
 48.200000 3.028899 1.346848 1.469152 1.346003 0.374305
 48.300000 2.995512 1.350677 1.467784 1.316482 0.009028
 48.400000 2.982796 1.341118 1.421171 1.392996 0.132660
 48.500000 3.004272 1.352231 1.440475 1.342699 0.008182
 48.600000 3.026898 1.349486 1.483290 1.321438 0.324268
 48.700000 3.023690 1.322846 1.483368 1.357479 0.251546
 48.800000 2.989314 1.355122 1.476216 1.350059 0.051183
 48.900000 2.984386 1.348517 1.488232 1.312165 0.109273
 49.000000 3.040379 1.336495 1.433735 1.389388 0.730776
 49.100000 2.985531 1.337161 1.436647 1.312257 0.093832
 49.200000 3.018296 1.374760 1.466708 1.368756 0.150033
 49.300000 2.989876 1.325419 1.490927 1.340109 0.045936
 49.400000 3.026938 1.342295 1.456311 1.327248 0.325250
 49.500000 3.019797 1.338935 1.483655 1.336792 0.175656
 49.600000 2.983247 1.354602 1.474019 1.359753 0.125793
 49.700000 3.008357 1.343469 1.470667 1.332250 0.031302
 49.800000 3.032706 1.335197 1.421412 1.354657 0.479432
 49.900000 2.999819 1.335156 1.463965 1.340096 0.000015
 50.000000 3.001764 1.361100 1.453534 1.340210 0.001394
