#! FIELDS time d1 d2 d3 d4 rest.bias
 0.000000 3.956308 1.394011 1.510131 1.394575 9.254224
 0.100000 4.039462 1.399332 1.527432 1.420869 1.642559
 0.200000 4.062597 1.391557 1.561440 1.398596 0.627034
 0.300000 4.027712 1.353817 1.560790 1.408988 2.342083
 0.400000 4.015350 1.423673 1.506198 1.451280 3.211599
 0.500000 3.981916 1.348527 1.521993 1.416065 6.249631
 0.600000 4.100652 1.390623 1.582323 1.442451 0.000190
 0.700000 3.992904 1.343735 1.541177 1.382036 5.140675
 0.800000 4.044083 1.420489 1.509964 1.484014 1.401385
 0.900000 3.971443 1.377901 1.536922 1.397088 7.407401
 1.000000 4.064612 1.409833 1.536767 1.424777 0.561295
 1.100000 4.039213 1.402104 1.555760 1.374376 1.656146
 1.200000 4.017831 1.409935 1.523842 1.407370 3.026116
 1.300000 4.015451 1.481002 1.505479 1.403573 3.203969
 1.400000 3.997447 1.378821 1.574441 1.355239 4.713789
 1.500000 4.113635 1.466413 1.565877 1.368346 0.083321
 1.600000 3.958439 1.417330 1.504199 1.341715 8.981771
 1.700000 4.036494 1.503939 1.480694 1.405098 1.807605
 1.800000 4.001296 1.402917 1.613730 1.341242 4.366577
 1.900000 4.063267 1.443055 1.549611 1.361037 0.604770
 2.000000 4.035727 1.416811 1.548189 1.368818 1.851499
 2.100000 4.001317 1.422683 1.503755 1.380177 4.364725
 2.200000 4.011010 1.463710 1.518594 1.421393 3.549414
 2.300000 4.030909 1.363919 1.587179 1.373286 2.139496
 2.400000 4.095214 1.405962 1.581698 1.394548 0.010265
 2.500000 3.959440 1.399152 1.471712 1.405943 8.855079
 2.600000 4.004350 1.438348 1.487435 1.451761 4.100544
 2.700000 4.023609 1.373990 1.602751 1.391283 2.615481
 2.800000 4.064398 1.374523 1.569575 1.394315 0.568092
 2.900000 4.050077 1.378012 1.561666 1.421175 1.117037
 3.000000 3.997460 1.406299 1.492784 1.415478 4.712583
 3.100000 3.980231 1.420395 1.519473 1.438358 6.429267
 3.200000 4.056315 1.366133 1.580165 1.396771 0.855346
 3.300000 4.076665 1.379416 1.631371 1.351066 0.244052
 3.400000 4.013568 1.401663 1.507458 1.429670 3.348241
 3.500000 3.984364 1.415217 1.516230 1.411634 5.993212
 3.600000 4.043853 1.392717 1.558917 1.412971 1.412943
 3.700000 4.050158 1.376094 1.578197 1.392278 1.113408
 3.800000 4.053923 1.373222 1.584622 1.400000 0.951551
 3.900000 4.023797 1.425224 1.516985 1.428025 2.602660
 4.000000 3.950548 1.400190 1.514488 1.402439 10.010934
 4.100000 4.084216 1.405071 1.536796 1.424543 0.111660
 4.200000 4.026939 1.367774 1.598092 1.342314 2.392432
 4.300000 4.046543 1.424280 1.517650 1.445424 1.280805
 4.400000 3.973601 1.413132 1.547719 1.390990 7.160808
 4.500000 4.034715 1.415870 1.507130 1.422715 1.910261
 4.600000 4.034294 1.386974 1.556945 1.380068 1.934984
 4.700000 4.040156 1.399845 1.558122 1.380089 1.605130
 4.800000 4.016105 1.427370 1.525345 1.424328 3.154586
 4.900000 3.962642 1.423737 1.497840 1.390688 8.456274
 5.000000 4.076723 1.413534 1.542869 1.413248 0.242848
 5.100000 4.027506 1.378030 1.562006 1.359560 2.355480
 5.200000 4.036018 1.427565 1.537823 1.418633 1.834805
 5.300000 3.980667 1.395014 1.550158 1.388587 6.382498
 5.400000 4.050353 1.424029 1.499136 1.437291 1.104739
 5.500000 4.024720 1.374300 1.577777 1.376287 2.540009
 5.600000 4.053803 1.380626 1.561490 1.400717 0.956516
 5.700000 4.015014 1.413204 1.535117 1.430297 3.237203
 5.800000 3.972882 1.385371 1.510510 1.405615 7.242510
 5.900000 4.080707 1.413399 1.550132 1.439561 0.166832
 6.000000 4.010747 1.345226 1.568742 1.354035 3.570434
 6.100000 4.064670 1.440619 1.556536 1.445626 0.559438
 6.200000 3.977537 1.376794 1.517828 1.384893 6.721779
 6.300000 4.028438 1.417609 1.517746 1.427318 2.295282
 6.400000 4.031653 1.385217 1.540475 1.387836 2.093660
 6.500000 4.045764 1.370275 1.586179 1.402726 1.318379
 6.600000 4.007117 1.410822 1.548434 1.428732 3.866728
 6.700000 3.992211 1.378006 1.486060 1.438710 5.207387
 6.800000 4.063763 1.389763 1.557232 1.425297 0.588556
 6.900000 4.021508 1.348086 1.550499 1.389149 2.761326
 7.000000 4.035393 1.406423 1.553965 1.450965 1.870828
 7.100000 3.993065 1.356127 1.513040 1.418806 5.125216
 7.200000 4.036490 1.390295 1.523738 1.452952 1.807825
 7.300000 4.040247 1.362007 1.542847 1.413590 1.600259
 7.400000 4.049410 1.362960 1.623238 1.422402 1.147088
 7.500000 4.013036 1.399140 1.535017 1.430877 3.389636
 7.600000 3.980354 1.384910 1.469473 1.441528 6.416008
 7.700000 4.058037 1.408295 1.533235 1.404732 0.789233
 7.800000 4.029789 1.382162 1.588058 1.368524 2.209428
 7.900000 4.037770 1.440123 1.533262 1.428209 1.735714
 8.000000 3.998647 1.413931 1.517783 1.393054 4.604067
 8.100000 4.023502 1.430120 1.537495 1.375141 2.622830
 8.200000 4.048239 1.448065 1.508886 1.385069 1.200814
 8.300000 4.017479 1.414000 1.616638 1.343049 3.052134
 8.400000 4.043623 1.454310 1.542345 1.369480 1.424532
 8.500000 3.977167 1.450813 1.483198 1.364707 6.762375
 8.600000 4.032322 1.466217 1.511872 1.350298 2.052883
 8.700000 4.044955 1.405542 1.597089 1.360683 1.358036
 8.800000 4.027827 1.442868 1.560568 1.380235 2.334637
 8.900000 4.003117 1.440213 1.510337 1.380783 4.206919
 9.000000 4.013578 1.414964 1.527239 1.368834 3.347497
 9.100000 4.069244 1.439528 1.528355 1.400375 0.423977
 9.200000 3.994054 1.397093 1.620932 1.365671 5.030831
 9.300000 4.069770 1.423960 1.540378 1.423877 0.409577
 9.400000 3.994793 1.369953 1.527440 1.404521 4.960953
 9.500000 4.032025 1.405269 1.489933 1.439028 2.070975
 9.600000 4.025602 1.346864 1.564169 1.430645 2.480787
 9.700000 4.042189 1.378302 1.600292 1.421765 1.497952
 9.800000 4.005055 1.357767 1.477752 1.480470 4.040295
 9.900000 3.989519 1.346036 1.501979 1.440336 5.470778
 10.000000 4.066290 1.353796 1.540264 1.458025 0.509327
 10.100000 4.006866 1.341660 1.603386 1.441357 3.887667
 10.200000 4.043485 1.356203 1.540026 1.456244 1.431522
 10.300000 4.013071 1.353578 1.525049 1.458960 3.386853
 10.400000 3.999891 1.359423 1.478532 1.460340 4.491762
 10.500000 4.059353 1.356434 1.589415 1.455426 0.740522
 10.600000 4.029521 1.363193 1.602526 1.404284 2.226334
 10.700000 4.038128 1.391889 1.517096 1.450423 1.715778
 10.800000 3.998573 1.396128 1.502158 1.408889 4.610834
 10.900000 4.041536 1.404133 1.517662 1.412897 1.531940
 11.000000 4.024079 1.434884 1.598484 1.396487 2.583415
 11.100000 4.066484 1.383401 1.593121 1.381195 0.503460
 11.200000 4.024060 1.422997 1.539396 1.385611 2.584695
 11.300000 4.007159 1.436060 1.453027 1.389234 3.863225
 11.400000 4.024981 1.430984 1.590885 1.380370 2.522418
 11.500000 4.040500 1.405919 1.593896 1.339121 1.586757
 11.600000 4.043699 1.447795 1.535277 1.379895 1.420683
 11.700000 4.004655 1.447165 1.491575 1.364753 4.074460
 11.800000 4.006263 1.426966 1.538622 1.364279 3.938142
 11.900000 4.045143 1.430538 1.563474 1.396000 1.348783
 12.000000 4.018716 1.412792 1.558996 1.339351 2.961280
 12.100000 4.039001 1.450326 1.502646 1.400834 1.667680
 12.200000 3.992216 1.408160 1.500779 1.352742 5.206961
 12.300000 4.054549 1.457410 1.605251 1.388340 0.925870
 12.400000 4.030002 1.389895 1.555449 1.368690 2.196054
 12.500000 4.002734 1.422878 1.504632 1.405981 4.240304
 12.600000 4.035388 1.424599 1.496276 1.408273 1.871107
 12.700000 4.014783 1.373084 1.609508 1.364140 3.254829
 12.800000 4.062614 1.423282 1.548504 1.430897 0.626459
 12.900000 3.976326 1.376113 1.522478 1.375844 6.855379
 13.000000 4.052846 1.419264 1.488368 1.444877 0.996576
 13.100000 4.012084 1.379070 1.560096 1.374005 3.464218
 13.200000 4.056640 1.415858 1.611039 1.391772 0.842639
 13.300000 4.029876 1.373597 1.554287 1.403932 2.203991
 13.400000 3.982875 1.410799 1.473028 1.408897 6.148515
 13.500000 4.031542 1.406317 1.498994 1.430086 2.100506
 13.600000 4.065603 1.365639 1.665611 1.374477 0.530280
 13.700000 4.039733 1.374192 1.603216 1.388774 1.627898
 13.800000 4.010167 1.402436 1.486723 1.441495 3.616940
 13.900000 3.992508 1.395785 1.496410 1.403955 5.178785
 14.000000 4.047170 1.391183 1.573119 1.414963 1.250921
 14.100000 4.037768 1.374969 1.614009 1.397221 1.735787
 14.200000 4.057568 1.375834 1.574358 1.402838 0.806961
 14.300000 3.982941 1.409096 1.480593 1.414315 6.141557
 14.400000 4.011728 1.394466 1.493713 1.437002 3.492382
 14.500000 4.061552 1.391619 1.635040 1.383383 0.662547
 14.600000 4.022827 1.366825 1.573560 1.391431 2.669317
 14.700000 4.041753 1.404977 1.492285 1.453981 1.520617
 14.800000 3.980176 1.379608 1.529714 1.364815 6.435146
 14.900000 4.057537 1.422012 1.531148 1.452656 0.808135
 15.000000 3.994181 1.383807 1.567882 1.364585 5.018837
 15.100000 4.062609 1.419920 1.558605 1.403456 0.626639
 15.200000 3.996945 1.406790 1.510498 1.388669 4.760071
 15.300000 4.019220 1.430125 1.512836 1.387171 2.924714
 15.400000 4.059432 1.449356 1.594805 1.368282 0.737640
 15.500000 3.999025 1.392926 1.559915 1.361417 4.569831
 15.600000 4.055277 1.442982 1.502162 1.408540 0.896454
 15.700000 3.987900 1.394913 1.546941 1.342276 5.632269
 15.800000 4.062582 1.451071 1.547487 1.417511 0.627523
 15.900000 3.990864 1.397912 1.558023 1.341051 5.338380
 16.000000 4.045613 1.433273 1.528372 1.405449 1.325770
 16.100000 4.014310 1.397436 1.529041 1.382701 3.291059
 16.200000 4.021636 1.422178 1.543976 1.379939 2.752345
 16.300000 4.036308 1.407872 1.523993 1.412105 1.818221
 16.400000 3.993531 1.401630 1.542327 1.384969 5.080606
 16.500000 4.069687 1.405395 1.516764 1.437682 0.411846
 16.600000 3.981252 1.369282 1.555758 1.379514 6.320119
 16.700000 4.052295 1.419217 1.539494 1.429783 1.020005
 16.800000 3.993454 1.364719 1.553015 1.391306 5.087960
 16.900000 4.053757 1.404580 1.497913 1.441366 0.958445
 17.000000 4.004024 1.353971 1.560687 1.396807 4.128551
 17.100000 4.057531 1.381105 1.545863 1.456668 0.808364
 17.200000 3.997326 1.368410 1.539327 1.438839 4.724898
 17.300000 4.012605 1.381099 1.508761 1.427814 3.423313
 17.400000 4.050599 1.389268 1.536965 1.426403 1.093801
 17.500000 4.003863 1.368815 1.549620 1.394753 4.142427
 17.600000 4.057690 1.426395 1.525786 1.444171 0.802347
 17.700000 3.972019 1.360907 1.559439 1.395321 7.341115
 17.800000 4.075827 1.444326 1.483019 1.423541 0.261894
 17.900000 3.996285 1.384662 1.584490 1.376158 4.821236
 18.000000 4.053816 1.407521 1.554503 1.396926 0.955984
 18.100000 4.006116 1.425838 1.549653 1.385950 3.950522
 18.200000 4.014976 1.405959 1.484307 1.395515 3.240099
 18.300000 4.045258 1.430638 1.579717 1.372753 1.343099
 18.400000 4.018303 1.389840 1.532996 1.379797 2.991490
 18.500000 4.036566 1.452510 1.556267 1.407759 1.803522
 18.600000 3.996625 1.391895 1.510379 1.378797 4.789636
 18.700000 4.048663 1.414646 1.530720 1.426301 1.181231
 18.800000 4.016144 1.377042 1.546468 1.397915 3.151682
 18.900000 4.041304 1.387541 1.576860 1.423106 1.544133
 19.000000 4.007744 1.385215 1.513064 1.424726 3.814706
 19.100000 3.999300 1.372185 1.473007 1.436813 4.544991
 19.200000 4.054300 1.376086 1.574035 1.432555 0.936052
 19.300000 4.015133 1.358789 1.564190 1.411654 3.228104
 19.400000 4.027018 1.414966 1.540250 1.428607 2.387259
 19.500000 4.015936 1.383349 1.509233 1.406709 3.167312
 19.600000 4.030242 1.386964 1.549783 1.410329 2.181010
 19.700000 4.050822 1.406431 1.529404 1.393884 1.083981
 19.800000 3.993161 1.390782 1.582316 1.396470 5.115974
 19.900000 4.041560 1.457510 1.496783 1.403210 1.530683
 20.000000 3.987801 1.404025 1.522377 1.364280 5.642181
 20.100000 4.067510 1.439154 1.542588 1.387513 0.473112
 20.200000 4.001606 1.409638 1.580486 1.357406 4.339222
 20.300000 4.033224 1.458501 1.507734 1.395957 1.998557
 20.400000 4.002633 1.407228 1.509724 1.377836 4.249109
 20.500000 4.041842 1.424871 1.551059 1.372284 1.515980
 20.600000 4.039430 1.413838 1.538988 1.401869 1.644299
 20.700000 4.006134 1.399561 1.570848 1.391389 3.948995
 20.800000 4.048038 1.422631 1.498728 1.444280 1.210176
 20.900000 3.988097 1.371206 1.535061 1.389405 5.612442
 21.000000 4.087215 1.400167 1.537370 1.444359 0.073260
 21.100000 3.964167 1.351752 1.563921 1.398840 8.269608
 21.200000 4.048211 1.393915 1.488537 1.487282 1.202109
 21.300000 4.006014 1.365810 1.547819 1.415586 3.959084
 21.400000 4.043535 1.373940 1.532778 1.439191 1.428976
 21.500000 4.036247 1.376274 1.569708 1.422030 1.821663
 21.600000 4.003542 1.378950 1.527076 1.417717 4.170090
 21.700000 4.030521 1.412130 1.502898 1.452531 2.163580
 21.800000 4.006611 1.363791 1.553123 1.380551 3.908966
 21.900000 4.080341 1.400808 1.552302 1.430886 0.173213
 22.000000 3.992330 1.397345 1.543539 1.387630 5.195940
 22.100000 4.022813 1.434442 1.500857 1.422364 2.670307
 22.200000 4.021515 1.415112 1.552239 1.366197 2.760891
 22.300000 4.059460 1.421424 1.564481 1.376292 0.736595
 22.400000 4.020303 1.457385 1.527314 1.360152 2.846803
 22.500000 3.977423 1.435834 1.512862 1.359014 6.734255
 22.600000 4.046980 1.463806 1.520671 1.380561 1.259925
 22.700000 4.026386 1.413513 1.588002 1.338746 2.428821
 22.800000 4.057187 1.433992 1.542358 1.386703 0.821517
 22.900000 3.993973 1.455771 1.514303 1.386423 5.038497
 23.000000 3.993693 1.430773 1.497587 1.377016 5.065195
 23.100000 4.063444 1.409655 1.570776 1.397068 0.598959
 23.200000 4.025155 1.400375 1.548683 1.373906 2.510695
 23.300000 4.034577 1.418367 1.513649 1.431166 1.918365
 23.400000 3.974486 1.388508 1.530455 1.400017 7.060890
 23.500000 4.061323 1.408290 1.521439 1.439693 0.670473
 23.600000 4.030040 1.356772 1.601632 1.393218 2.193698
 23.700000 4.044636 1.383060 1.535513 1.423309 1.373829
 23.800000 3.991254 1.412037 1.505772 1.438605 5.300268
 23.900000 4.002849 1.376886 1.506792 1.404413 4.230257
 24.000000 4.068337 1.395161 1.580451 1.420201 0.449338
 24.100000 4.006886 1.369084 1.525021 1.389072 3.885993
 24.200000 4.044565 1.439506 1.535671 1.459255 1.377312
 24.300000 3.973004 1.388292 1.515890 1.382157 7.228615
 24.400000 4.059405 1.417734 1.535945 1.420075 0.738617
 24.500000 4.036394 1.375165 1.571315 1.370406 1.813306
 24.600000 4.014215 1.423131 1.515677 1.399002 3.298308
 24.700000 3.995292 1.426708 1.500238 1.432604 4.913970
 24.800000 4.031197 1.398573 1.552007 1.382170 2.121695
 24.900000 4.075132 1.391455 1.612836 1.407748 0.277170
 25.000000 3.996162 1.376381 1.484121 1.413564 4.832624
 25.100000 4.024865 1.429524 1.542314 1.430591 2.530200
 25.200000 4.000215 1.371636 1.516708 1.393221 4.462717
 25.300000 4.043987 1.412283 1.540741 1.428579 1.406223
 25.400000 4.030333 1.370836 1.549438 1.382670 2.175304
 25.500000 4.022218 1.418601 1.535105 1.427226 2.711616
 25.600000 3.989340 1.405072 1.502141 1.432629 5.488458
 25.700000 4.042515 1.387381 1.586316 1.395059 1.481064
 25.800000 4.051337 1.392134 1.557585 1.408806 1.061386
 25.900000 3.985264 1.405597 1.473695 1.400147 5.900234
 26.000000 4.022924 1.441018 1.540617 1.416006 2.662621
 26.100000 4.024843 1.369895 1.569144 1.372011 2.531701
 26.200000 4.054880 1.450346 1.546173 1.395265 0.912436
 26.300000 4.004026 1.410381 1.515356 1.383131 4.128393
 26.400000 4.024079 1.426885 1.533064 1.389404 2.583436
 26.500000 4.020079 1.417279 1.530873 1.394412 2.862797
 26.600000 4.033152 1.405799 1.573817 1.375874 2.002880
 26.700000 4.048831 1.406257 1.550476 1.393098 1.173514
 26.800000 3.987141 1.425188 1.476210 1.396713 5.708763
 26.900000 4.015689 1.418106 1.541435 1.414926 3.185988
 27.000000 4.050461 1.376483 1.603905 1.371993 1.099918
 27.100000 4.028092 1.430126 1.518175 1.400476 2.317564
 27.200000 3.997927 1.405340 1.485621 1.409365 4.669745
 27.300000 4.027423 1.412062 1.574593 1.385673 2.360849
 27.400000 4.025063 1.405382 1.524303 1.406181 2.516874
 27.500000 4.038394 1.391310 1.560913 1.388231 1.701037
 27.600000 4.046424 1.392157 1.551097 1.397204 1.286498
 27.700000 3.983247 1.417741 1.493839 1.422932 6.109491
 27.800000 4.022119 1.391589 1.541746 1.417435 2.718554
 27.900000 4.061343 1.366851 1.586450 1.401533 0.669779
 28.000000 4.013414 1.375073 1.530117 1.427685 3.360197
 28.100000 4.018640 1.391204 1.484779 1.441494 2.966827
 28.200000 3.995112 1.362547 1.561670 1.411873 4.930859
 28.300000 4.059392 1.378558 1.527976 1.465674 0.739072
 28.400000 3.999664 1.356101 1.575105 1.392001 4.512208
 28.500000 4.081560 1.374383 1.511929 1.460689 0.152395
 28.600000 3.965573 1.345279 1.537663 1.435764 8.099307
 28.700000 4.014431 1.373852 1.509069 1.490301 3.281727
 28.800000 4.070450 1.333227 1.605115 1.417684 0.391360
 28.900000 4.013489 1.351392 1.532184 1.424368 3.354413
 29.000000 4.013441 1.407020 1.450951 1.483698 3.358132
 29.100000 4.006338 1.337118 1.619081 1.411285 3.931872
 29.200000 4.063030 1.380661 1.554834 1.437738 0.612599
 29.300000 4.001145 1.371648 1.487222 1.436343 4.379925
 29.400000 4.053350 1.388844 1.566498 1.414790 0.975384
 29.500000 4.010754 1.394806 1.526564 1.418236 3.569872
 29.600000 4.021698 1.401950 1.528623 1.426378 2.748022
 29.700000 4.048767 1.383771 1.576350 1.383148 1.176462
 29.800000 4.016467 1.391096 1.526877 1.414494 3.127416
 29.900000 4.012119 1.434173 1.467675 1.411904 3.461497
 30.000000 4.012636 1.397012 1.591473 1.395279 3.420909
 30.100000 4.065789 1.398637 1.587415 1.378935 0.524580
 30.200000 4.004053 1.408322 1.487199 1.395185 4.126017
 30.300000 4.015796 1.441548 1.501853 1.407948 3.177902
 30.400000 4.031147 1.384555 1.590492 1.361070 2.124814
 30.500000 4.038995 1.438437 1.549746 1.394952 1.668050
 30.600000 4.022776 1.408466 1.509335 1.382802 2.672852
 30.700000 4.031236 1.398529 1.602848 1.372657 2.119332
 30.800000 4.024830 1.449708 1.487673 1.400762 2.532598
 30.900000 4.004808 1.403549 1.563007 1.390172 4.061392
 31.000000 4.072870 1.408974 1.592411 1.355285 0.329885
 31.100000 3.991335 1.426624 1.490193 1.390742 5.292364
 31.200000 3.998945 1.464053 1.468191 1.393487 4.577039
 31.300000 4.060643 1.401728 1.639654 1.346480 0.694242
 31.400000 4.036045 1.414989 1.580410 1.373717 1.833229
 31.500000 4.025581 1.447138 1.477553 1.371721 2.482234
 31.600000 4.014472 1.425321 1.551382 1.372301 3.278570
 31.700000 4.021916 1.419472 1.553851 1.379405 2.732745
 31.800000 4.029198 1.455585 1.543192 1.368447 2.246780
 31.900000 4.044256 1.417480 1.552699 1.347445 1.392745
 32.000000 4.021433 1.432373 1.524202 1.374606 2.766644
 32.100000 3.993513 1.445601 1.493443 1.407136 5.082335
 32.200000 4.036139 1.400580 1.575733 1.368032 1.827835
 32.300000 4.059966 1.398027 1.625883 1.366903 0.718346
 32.400000 4.008819 1.427832 1.432908 1.425116 3.726346
 32.500000 4.016426 1.394022 1.569683 1.402904 3.130474
 32.600000 4.041826 1.401998 1.551323 1.397948 1.516811
 32.700000 4.005300 1.397770 1.551609 1.422703 4.019524
 32.800000 4.052530 1.384398 1.540104 1.401478 1.009993
 32.900000 4.029953 1.385652 1.524012 1.422535 2.199132
 33.000000 3.994139 1.397161 1.491285 1.432375 5.022752
 33.100000 4.028506 1.397434 1.576890 1.421367 2.290947
 33.200000 4.039244 1.363048 1.568555 1.401911 1.654445
 33.300000 4.030807 1.396031 1.475322 1.439654 2.145839
 33.400000 3.983809 1.377711 1.539032 1.419108 6.050850
 33.500000 4.062129 1.374550 1.555734 1.432113 0.642803
 33.600000 4.009452 1.348556 1.586317 1.415195 3.674782
 33.700000 4.030525 1.398500 1.484102 1.448651 2.163357
 33.800000 4.025374 1.365699 1.572296 1.410358 2.496039
 33.900000 4.023412 1.397546 1.520592 1.413972 2.628995
 34.000000 4.005733 1.387263 1.529041 1.430352 3.982860
 34.100000 4.058427 1.366980 1.598961 1.408348 0.774639
 34.200000 4.023028 1.405421 1.464877 1.422621 2.655423
 34.300000 3.981359 1.416914 1.520116 1.443374 6.308738
 34.400000 4.079780 1.376405 1.599753 1.388491 0.183250
 34.500000 4.003562 1.408258 1.569978 1.379598 4.168424
 34.600000 4.036946 1.424143 1.450166 1.434162 1.781967
 34.700000 4.020737 1.383835 1.617982 1.365344 2.815875
 34.800000 4.043448 1.427476 1.509396 1.405594 1.433386
 34.900000 3.998534 1.395628 1.522477 1.414038 4.614389
 35.000000 4.053330 1.408888 1.574557 1.377578 0.976225
 35.100000 4.025120 1.406965 1.512557 1.398767 2.513059
 35.200000 4.003395 1.412223 1.519357 1.411291 4.182835
 35.300000 4.049552 1.414387 1.540958 1.401844 1.140662
 35.400000 4.012028 1.389466 1.600783 1.372273 3.468632
 35.500000 4.048020 1.437901 1.433605 1.431865 1.211020
 35.600000 3.988184 1.402922 1.582690 1.367369 5.603742
 35.700000 4.072018 1.397017 1.571708 1.406401 0.350946
 35.800000 3.992621 1.419860 1.527276 1.386245 5.167891
 35.900000 4.035931 1.442652 1.488115 1.411172 1.839767
 36.000000 4.038686 1.369829 1.591513 1.358025 1.684967
 36.100000 4.022572 1.442863 1.520245 1.397035 2.686993
 36.200000 4.013935 1.409245 1.522653 1.397266 3.319938
 36.300000 4.023379 1.399381 1.577197 1.390361 2.631277
 36.400000 4.034060 1.428924 1.482166 1.410031 1.948815
 36.500000 4.013692 1.405205 1.558612 1.366341 3.338664
 36.600000 4.067749 1.405534 1.559591 1.403302 0.466179
 36.700000 3.976840 1.411491 1.570352 1.385803 6.798440
 36.800000 4.034385 1.413582 1.477623 1.440043 1.929648
 36.900000 4.029713 1.389205 1.556257 1.363964 2.214195
 37.000000 4.050387 1.401508 1.577811 1.394396 1.103209
 37.100000 3.991483 1.409363 1.486420 1.426417 5.277947
 37.200000 4.013014 1.432022 1.535588 1.402411 3.391314
 37.300000 4.064266 1.382507 1.566160 1.371311 0.572310
 37.400000 4.018205 1.424583 1.529833 1.412441 2.998658
 37.500000 4.032271 1.396267 1.539454 1.380683 2.055971
 37.600000 4.035515 1.420890 1.601577 1.392470 1.863779
 37.700000 3.996039 1.412281 1.446577 1.421299 4.844074
 37.800000 4.051236 1.418328 1.594978 1.381974 1.065775
 37.900000 4.049204 1.354074 1.579202 1.384208 1.156459
 38.000000 4.010348 1.437756 1.517101 1.430521 3.602400
 38.100000 3.999074 1.389554 1.529717 1.401183 4.565392
 38.200000 4.061279 1.391966 1.543601 1.415488 0.672011
 38.300000 4.027266 1.376626 1.557385 1.420669 2.371081
 38.400000 4.018168 1.365712 1.530006 1.433739 3.001367
 38.500000 4.031367 1.391975 1.549035 1.437770 2.111247
 38.600000 4.000940 1.355096 1.495274 1.433620 4.398110
 38.700000 4.051885 1.383341 1.557012 1.446654 1.037591
 38.800000 4.029892 1.338390 1.563725 1.405007 2.202975
 38.900000 4.026678 1.404656 1.504312 1.460295 2.409544
 39.000000 3.980865 1.352737 1.524096 1.449756 6.361393
 39.100000 4.073165 1.357078 1.579723 1.426948 0.322755
 39.200000 4.025600 1.377426 1.554310 1.404337 2.480982
 39.300000 4.006520 1.411925 1.493506 1.440381 3.916590
 39.400000 4.031487 1.386183 1.571998 1.402504 2.103893
 39.500000 4.026087 1.372862 1.538146 1.404894 2.448599
 39.600000 4.031298 1.442687 1.505919 1.418995 2.115488
 39.700000 4.025285 1.378951 1.601507 1.377569 2.501980
 39.800000 4.028309 1.439797 1.516989 1.405693 2.303559
 39.900000 4.001723 1.401393 1.499379 1.392878 4.328923
 40.000000 4.081658 1.415865 1.593971 1.376207 0.150788
 40.100000 3.996577 1.410011 1.535864 1.360697 4.794079
 40.200000 4.029895 1.468283 1.492377 1.407581 2.202786
 40.300000 4.012575 1.407515 1.590272 1.346415 3.425634
 40.400000 4.047101 1.441880 1.501885 1.378790 1.254188
 40.500000 4.024645 1.434539 1.537850 1.370789 2.545073
 40.600000 4.022785 1.420375 1.559329 1.369233 2.672213
 40.700000 4.007731 1.458041 1.537770 1.399784 3.815749
 40.800000 4.026458 1.411710 1.508127 1.361787 2.424064
 40.900000 4.057837 1.435158 1.567397 1.372659 0.796791
 41.000000 4.006415 1.412807 1.501281 1.391690 3.925363
 41.100000 4.025312 1.427581 1.532468 1.402630 2.500165
 41.200000 4.019566 1.393105 1.571310 1.393952 2.899686
 41.300000 4.029163 1.419965 1.499568 1.400220 2.249039
 41.400000 4.041741 1.388360 1.537692 1.415593 1.521234
 41.500000 4.019460 1.379554 1.554404 1.408144 2.907343
 41.600000 4.010890 1.401138 1.520447 1.449289 3.558999
 41.700000 4.029560 1.378395 1.535470 1.403171 2.223896
 41.800000 4.039414 1.379387 1.564330 1.398020 1.645205
 41.900000 4.016968 1.408131 1.492316 1.457580 3.090063
 42.000000 3.995749 1.371192 1.582237 1.381953 4.871193
 42.100000 4.086383 1.406663 1.556853 1.446573 0.083101
 42.200000 3.971164 1.384783 1.505569 1.371095 7.439570
 42.300000 4.079375 1.425343 1.532556 1.435540 0.190652
 42.400000 3.979557 1.373479 1.583200 1.354217 6.501852
 42.500000 4.043022 1.467306 1.485976 1.456505 1.455069
 42.600000 4.052266 1.388358 1.566075 1.357289 1.021260
 42.700000 4.025284 1.406463 1.550292 1.372783 2.502045
 42.800000 4.016348 1.457337 1.467018 1.431889 3.136366
 42.900000 3.995429 1.392440 1.608980 1.348449 4.901145
 43.000000 4.087321 1.412753 1.538858 1.412187 0.072051
 43.100000 3.973544 1.400788 1.492543 1.376246 7.167251
 43.200000 4.051933 1.411496 1.543003 1.423801 1.035532
 43.300000 4.010985 1.400231 1.580670 1.396838 3.551409
 43.400000 4.033230 1.394408 1.523445 1.425028 1.998164
 43.500000 4.039944 1.383486 1.550247 1.399673 1.616552
 43.600000 4.015366 1.386685 1.501768 1.414563 3.210425
 43.700000 4.008818 1.406440 1.535825 1.426600 3.726368
 43.800000 4.020620 1.367149 1.597897 1.408805 2.824189
 43.900000 4.034019 1.386358 1.512669 1.416969 1.951245
 44.000000 4.029856 1.409256 1.511124 1.404801 2.205203
 44.100000 4.014176 1.374026 1.548903 1.399406 3.301310
 44.200000 4.028589 1.432782 1.555753 1.425051 2.285621
 44.300000 4.000755 1.356031 1.539950 1.400905 4.414561
 44.400000 4.061462 1.419505 1.541260 1.402290 0.665673
 44.500000 4.005817 1.397718 1.495563 1.388771 3.975727
 44.600000 4.028297 1.417129 1.564639 1.417710 2.304349
 44.700000 4.020761 1.389233 1.574045 1.389309 2.814141
 44.800000 4.012904 1.403447 1.511369 1.411946 3.399921
 44.900000 4.056327 1.416023 1.502447 1.396247 0.854854
 45.000000 4.015641 1.374042 1.602154 1.373904 3.189567
 45.100000 4.013025 1.453670 1.510611 1.428635 3.390467
 45.200000 4.017697 1.385540 1.562840 1.386516 3.036001
 45.300000 4.054497 1.411452 1.543329 1.368401 0.928004
 45.400000 4.012150 1.409634 1.501191 1.405978 3.459024
 45.500000 4.026089 1.416663 1.582887 1.385406 2.448436
 45.600000 4.026785 1.408403 1.561535 1.383190 2.402564
 45.700000 4.006540 1.433842 1.486902 1.395111 3.914890
 45.800000 4.044972 1.408602 1.541310 1.367993 1.357205
 45.900000 4.044349 1.398355 1.581640 1.400244 1.388083
 46.000000 3.988406 1.421687 1.517992 1.394271 5.581514
 46.100000 4.042186 1.411615 1.546494 1.412707 1.498103
 46.200000 4.020025 1.395400 1.543536 1.354896 2.866661
 46.300000 4.061493 1.421355 1.498072 1.453371 0.664581
 46.400000 3.988794 1.388915 1.604611 1.389315 5.542824
 46.500000 4.059432 1.391978 1.524857 1.434468 0.737638
 46.600000 4.004242 1.379087 1.550640 1.408178 4.109816
 46.700000 4.046928 1.389835 1.495683 1.423577 1.262405
 46.800000 4.038382 1.390280 1.589771 1.416197 1.701726
 46.900000 3.997349 1.390265 1.523596 1.407769 4.722745
 47.000000 4.034796 1.424827 1.544267 1.433907 1.905539
 47.100000 4.026950 1.381468 1.505212 1.374218 2.391755
 47.200000 4.048180 1.417914 1.540702 1.420716 1.203548
 47.300000 3.997727 1.400501 1.544515 1.385214 4.688069
 47.400000 4.033339 1.417994 1.569619 1.408683 1.991632
 47.500000 4.026912 1.398162 1.539228 1.365940 2.394247
 47.600000 4.026616 1.409236 1.504299 1.417179 2.413659
 47.700000 4.038032 1.405891 1.587063 1.378440 1.721094
 47.800000 4.021192 1.399826 1.546272 1.411884 2.783619
 47.900000 3.999287 1.407654 1.519080 1.409790 4.546171
 48.000000 4.055835 1.384115 1.525795 1.406006 0.874233
 48.100000 4.019456 1.376715 1.581444 1.401679 2.907603
 48.200000 4.037587 1.412648 1.531199 1.429289 1.745914
 48.300000 4.006853 1.376535 1.589197 1.405949 3.888761
 48.400000 4.038642 1.401418 1.510599 1.403791 1.687386
 48.500000 4.015610 1.379102 1.514860 1.421497 3.191935
 48.600000 4.044750 1.405349 1.577929 1.381722 1.368142
 48.700000 4.027493 1.388052 1.586277 1.420652 2.356314
 48.800000 3.989359 1.426813 1.499039 1.394305 5.486607
 48.900000 4.045751 1.409420 1.508912 1.404865 1.319040
 49.000000 4.033840 1.384510 1.592541 1.363894 1.961832
 49.100000 4.039562 1.444354 1.530761 1.409009 1.637141
 49.200000 3.966940 1.389891 1.571279 1.382684 7.935368
 49.300000 4.068730 1.442502 1.498237 1.392048 0.438248
 49.400000 3.994397 1.375236 1.535476 1.376831 4.998280
 49.500000 4.085843 1.449851 1.594852 1.385212 0.089829
 49.600000 4.006283 1.391959 1.573092 1.390267 3.936527
 49.700000 3.999677 1.450755 1.491288 1.396876 4.511021
 49.800000 4.033147 1.404131 1.517715 1.386621 2.003131
 49.900000 4.041578 1.401590 1.606765 1.375021 1.529776
 50.000000 4.031057 1.410105 1.540546 1.402150 2.130339
