#! FIELDS time d1 d2 d3 d4 rest.bias
 0.000000 3.294947 1.347456 1.468066 1.356528 4.040515
 0.100000 3.142950 1.367833 1.485665 1.326037 1.458741
 0.200000 3.195977 1.338212 1.494429 1.363748 0.007253
 0.300000 3.201000 1.326524 1.427519 1.350753 0.000448
 0.400000 3.179756 1.366794 1.495694 1.319377 0.183684
 0.500000 3.212433 1.341956 1.516410 1.364260 0.069287
 0.600000 3.185198 1.322854 1.475020 1.386578 0.098202
 0.700000 3.178284 1.379844 1.454566 1.327409 0.211360
 0.800000 3.197863 1.342013 1.437408 1.342179 0.002047
 0.900000 3.172559 1.344379 1.510496 1.373360 0.337501
 1.000000 3.203530 1.362644 1.497118 1.325758 0.005586
 1.100000 3.251633 1.327645 1.433678 1.321536 1.194881
 1.200000 3.120339 1.362656 1.448757 1.381381 2.844240
 1.300000 3.207050 1.349891 1.471079 1.344592 0.022278
 1.400000 3.220755 1.323352 1.473079 1.315774 0.193078
 1.500000 3.195462 1.350638 1.503854 1.361125 0.009228
 1.600000 3.195605 1.336314 1.514166 1.352528 0.008656
 1.700000 3.175242 1.358466 1.460295 1.326318 0.274735
 1.800000 3.213738 1.359398 1.452513 1.355667 0.084593
 1.900000 3.163222 1.309185 1.533847 1.348834 0.606250
 2.000000 3.209121 1.404450 1.520388 1.356557 0.037283
 2.100000 3.210384 1.324405 1.458232 1.312154 0.048326
 2.200000 3.211983 1.346482 1.427339 1.374521 0.064361
 2.300000 3.129259 1.363077 1.498062 1.340750 2.242920
 2.400000 3.211353 1.348078 1.470165 1.349831 0.057772
 2.500000 3.216765 1.315444 1.443038 1.341184 0.125967
 2.600000 3.201010 1.362578 1.453112 1.340821 0.000457
 2.700000 3.158475 1.339097 1.501539 1.349058 0.772840
 2.800000 3.238670 1.368794 1.493383 1.366703 0.670236
 2.900000 3.175725 1.298691 1.487839 1.317173 0.264115
 3.000000 3.189520 1.388785 1.483166 1.374561 0.049222
 3.100000 3.206338 1.327406 1.476025 1.339185 0.018007
 3.200000 3.204347 1.329613 1.466471 1.356581 0.008469
 3.300000 3.199371 1.375041 1.497344 1.338987 0.000177
 3.400000 3.169244 1.353453 1.442551 1.346021 0.423973
 3.500000 3.181246 1.328981 1.464502 1.385556 0.157631
 3.600000 3.206833 1.347102 1.441958 1.295547 0.020924
 3.700000 3.206480 1.344106 1.510010 1.356497 0.018819
 3.800000 3.178083 1.339048 1.506495 1.382869 0.215286
 3.900000 3.204006 1.352050 1.431210 1.306722 0.007194
 4.000000 3.185173 1.337521 1.436164 1.362228 0.098532
 4.100000 3.157746 1.364142 1.464053 1.379996 0.800199
 4.200000 3.234494 1.348683 1.503621 1.304390 0.533289
 4.300000 3.208922 1.363902 1.500904 1.347255 0.035680
 4.400000 3.187986 1.328832 1.475539 1.373126 0.064695
 4.500000 3.188369 1.343994 1.430621 1.326065 0.060634
 4.600000 3.164977 1.392290 1.461773 1.354887 0.549766
 4.700000 3.218117 1.311236 1.515318 1.359568 0.147112
 4.800000 3.224118 1.330945 1.506817 1.365971 0.260703
 4.900000 3.189702 1.375388 1.479445 1.319591 0.047527
 5.000000 3.200209 1.312029 1.429709 1.339809 0.000019
 5.100000 3.166092 1.369218 1.463983 1.382638 0.515313
 5.200000 3.162685 1.376807 1.499182 1.328842 0.624073
 5.300000 3.240465 1.327202 1.473335 1.341767 0.733872
 5.400000 3.179626 1.311795 1.488874 1.353703 0.186048
 5.500000 3.215029 1.379038 1.449228 1.344050 0.101231
 5.600000 3.169231 1.351050 1.491885 1.325850 0.424315
 5.700000 3.193425 1.351626 1.456200 1.386267 0.019376
 5.800000 3.202023 1.322581 1.477138 1.318406 0.001834
 5.900000 3.216921 1.380974 1.454226 1.338662 0.128326
 6.000000 3.187962 1.291662 1.503053 1.350175 0.064951
 6.100000 3.223372 1.358638 1.464640 1.385501 0.244831
 6.200000 3.151199 1.361595 1.497269 1.307711 1.067410
 6.300000 3.207667 1.351431 1.427402 1.377095 0.026348
 6.400000 3.195444 1.308910 1.457185 1.334956 0.009303
 6.500000 3.218537 1.372435 1.463579 1.333259 0.154014
 6.600000 3.175795 1.348479 1.544738 1.351050 0.262586
 6.700000 3.177260 1.356689 1.472573 1.380910 0.231777
 6.800000 3.190724 1.324708 1.428624 1.309853 0.038568
 6.900000 3.225156 1.357682 1.442231 1.351566 0.283631
 7.000000 3.167313 1.333093 1.495598 1.336376 0.478861
 7.100000 3.223358 1.349399 1.509855 1.367590 0.244545
 7.200000 3.179672 1.364278 1.460163 1.334837 0.185208
 7.300000 3.200895 1.346932 1.443358 1.339269 0.000359
 7.400000 3.180229 1.337422 1.478782 1.361748 0.175191
 7.500000 3.182584 1.362046 1.469869 1.333768 0.135943
 7.600000 3.239568 1.335706 1.490796 1.330558 0.701711
 7.700000 3.161383 1.334306 1.516509 1.383128 0.668385
 7.800000 3.204985 1.354154 1.491975 1.343236 0.011139
 7.900000 3.214799 1.332909 1.444522 1.331241 0.098157
 8.000000 3.168513 1.352213 1.461343 1.353740 0.444352
 8.100000 3.196128 1.355328 1.485381 1.353628 0.006721
 8.200000 3.171451 1.341012 1.488317 1.355437 0.365292
 8.300000 3.214582 1.358613 1.489181 1.332554 0.095306
 8.400000 3.224441 1.333218 1.426239 1.334060 0.267729
 8.500000 3.152178 1.350234 1.484775 1.363220 1.025026
 8.600000 3.177324 1.366105 1.469690 1.345372 0.230462
 8.700000 3.226244 1.338031 1.459281 1.347921 0.308703
 8.800000 3.182474 1.335962 1.506852 1.357748 0.137668
 8.900000 3.195776 1.366402 1.476413 1.333948 0.007997
 9.000000 3.206422 1.338424 1.469320 1.354101 0.018486
 9.100000 3.172084 1.338948 1.439118 1.345670 0.349296
 9.200000 3.207414 1.353394 1.478810 1.334989 0.024637
 9.300000 3.175136 1.355715 1.495162 1.354858 0.277075
 9.400000 3.212659 1.332549 1.506671 1.354011 0.071824
 9.500000 3.220976 1.361216 1.442408 1.339366 0.197207
 9.600000 3.139696 1.350373 1.439055 1.340595 1.629901
 9.700000 3.210518 1.348184 1.484316 1.368667 0.049581
 9.800000 3.193442 1.333519 1.459912 1.332495 0.019277
 9.900000 3.219659 1.358747 1.498828 1.343004 0.173210
 10.000000 3.160960 1.340934 1.477064 1.360428 0.683121
 10.100000 3.175635 1.347770 1.438117 1.353902 0.266077
 10.200000 3.238607 1.356848 1.449864 1.343251 0.668037
 10.300000 3.163150 1.331722 1.520793 1.345690 0.608605
 10.400000 3.217633 1.361956 1.511341 1.353003 0.139354
 10.500000 3.180225 1.327258 1.446877 1.327533 0.175261
 10.600000 3.202296 1.342998 1.430743 1.350158 0.002363
 10.700000 3.162695 1.364697 1.476447 1.352968 0.623757
 10.800000 3.171704 1.367730 1.502774 1.366664 0.358863
 10.900000 3.228976 1.326561 1.472413 1.330182 0.376313
 11.000000 3.219399 1.352637 1.436624 1.340461 0.168668
 11.100000 3.168642 1.340294 1.498632 1.352959 0.440724
 11.200000 3.188217 1.344449 1.452951 1.335403 0.062231
 11.300000 3.226331 1.351086 1.442095 1.340728 0.310739
 11.400000 3.154812 1.367688 1.497593 1.366309 0.915194
 11.500000 3.178370 1.339242 1.500305 1.357128 0.209689
 11.600000 3.226933 1.365976 1.454539 1.352576 0.325130
 11.700000 3.173662 1.335227 1.451410 1.336268 0.310908
 11.800000 3.217944 1.344227 1.487486 1.365437 0.144318
 11.900000 3.159118 1.357703 1.504347 1.354983 0.749099
 12.000000 3.223753 1.351046 1.465930 1.328940 0.252884
 12.100000 3.216027 1.310118 1.416172 1.352272 0.115120
 12.200000 3.151725 1.382256 1.467894 1.372823 1.044501
 12.300000 3.185131 1.361386 1.493536 1.331122 0.099093
 12.400000 3.223145 1.327686 1.453379 1.355620 0.240096
 12.500000 3.187965 1.350364 1.506414 1.359091 0.064919
 12.600000 3.171626 1.373498 1.467234 1.331075 0.360842
 12.700000 3.192597 1.338047 1.456184 1.358662 0.024562
 12.800000 3.200462 1.356351 1.445904 1.345919 0.000096
 12.900000 3.196320 1.330113 1.477555 1.321578 0.006069
 13.000000 3.199963 1.368003 1.481712 1.374888 0.000001
 13.100000 3.180957 1.333167 1.521326 1.334405 0.162536
 13.200000 3.227615 1.351159 1.453298 1.346246 0.341780
 13.300000 3.151114 1.356775 1.460826 1.364987 1.071148
 13.400000 3.189328 1.352434 1.487587 1.346680 0.051047
 13.500000 3.214025 1.339009 1.464228 1.338596 0.088158
 13.600000 3.202023 1.353327 1.476936 1.351213 0.001835
 13.700000 3.205496 1.355143 1.484648 1.342044 0.013538
 13.800000 3.160697 1.335811 1.478459 1.368476 0.692344
 13.900000 3.229644 1.364947 1.464980 1.332807 0.393856
 14.000000 3.185680 1.336019 1.453107 1.315288 0.091904
 14.100000 3.154771 1.355700 1.485586 1.417060 0.916876
 14.200000 3.195359 1.342243 1.470818 1.333159 0.009655
 14.300000 3.210419 1.353583 1.465463 1.314253 0.048656
 14.400000 3.204920 1.332606 1.503879 1.368772 0.010849
 14.500000 3.186952 1.350072 1.486844 1.343388 0.076308
 14.600000 3.172245 1.363503 1.489605 1.352433 0.345270
 14.700000 3.208411 1.346341 1.408961 1.356116 0.031709
 14.800000 3.188791 1.331154 1.487708 1.340102 0.056312
 14.900000 3.191017 1.375901 1.499003 1.368004 0.036168
 15.000000 3.200445 1.320604 1.458625 1.325665 0.000089
 15.100000 3.199969 1.370416 1.454977 1.352651 0.000000
 15.200000 3.135819 1.341501 1.457056 1.351651 1.846247
 15.300000 3.245329 1.348261 1.489662 1.366457 0.920934
 15.400000 3.188308 1.355294 1.538154 1.325092 0.061266
 15.500000 3.223443 1.374912 1.450039 1.364210 0.246324
 15.600000 3.164414 1.300919 1.448100 1.347558 0.567584
 15.700000 3.187935 1.387701 1.445212 1.356806 0.065242
 15.800000 3.224757 1.332467 1.502147 1.313373 0.274705
 15.900000 3.202316 1.335514 1.501617 1.378909 0.002404
 16.000000 3.172776 1.351283 1.517155 1.346919 0.332180
 16.100000 3.196066 1.354835 1.404251 1.326859 0.006936
 16.200000 3.179357 1.341433 1.469011 1.361413 0.190987
 16.300000 3.197038 1.353655 1.518459 1.367066 0.003933
 16.400000 3.193627 1.354999 1.514171 1.317588 0.018201
 16.500000 3.200512 1.349039 1.461111 1.344219 0.000118
 16.600000 3.184325 1.332348 1.403129 1.350197 0.110123
 16.700000 3.178527 1.356750 1.482509 1.340893 0.206661
 16.800000 3.211658 1.358132 1.484451 1.343962 0.060919
 16.900000 3.222350 1.310631 1.508667 1.339543 0.223890
 17.000000 3.223567 1.358080 1.463228 1.342795 0.248941
 17.100000 3.129906 1.357219 1.432330 1.319543 2.202084
 17.200000 3.217995 1.347930 1.447601 1.390359 0.145132
 17.300000 3.176634 1.325075 1.515716 1.376888 0.244708
 17.400000 3.221514 1.382994 1.505198 1.319882 0.207458
 17.500000 3.195186 1.343211 1.457148 1.337128 0.010387
 17.600000 3.182841 1.337064 1.442314 1.392637 0.131966
 17.700000 3.137877 1.367389 1.483446 1.328265 1.729750
 17.800000 3.214681 1.403905 1.478935 1.345971 0.096605
 17.900000 3.214862 1.270043 1.499523 1.348834 0.099001
 18.000000 3.223559 1.367060 1.467018 1.351012 0.248765
 18.100000 3.162208 1.377358 1.480592 1.316827 0.640139
 18.200000 3.184706 1.308435 1.423911 1.381335 0.104843
 18.300000 3.224309 1.331968 1.469433 1.357481 0.264857
 18.400000 3.183130 1.379372 1.494768 1.310308 0.127563
 18.500000 3.193418 1.331622 1.497925 1.360371 0.019417
 18.600000 3.206952 1.324824 1.458804 1.378754 0.021664
 18.700000 3.177373 1.372956 1.444703 1.314313 0.229469
 18.800000 3.194238 1.375628 1.513152 1.342761 0.014878
 18.900000 3.162675 1.316318 1.479329 1.384815 0.624400
 19.000000 3.245838 1.343755 1.466060 1.327680 0.941704
 19.100000 3.175952 1.400673 1.482935 1.320632 0.259190
 19.200000 3.166812 1.309362 1.464933 1.391776 0.493681
 19.300000 3.232084 1.336859 1.450762 1.338578 0.461369
 19.400000 3.155544 1.368933 1.481379 1.320995 0.885807
 19.500000 3.202613 1.320515 1.472005 1.371460 0.003060
 19.600000 3.204640 1.356896 1.464700 1.351037 0.009648
 19.700000 3.173075 1.365799 1.500855 1.319643 0.324929
 19.800000 3.224847 1.316106 1.474609 1.369004 0.276713
 19.900000 3.190058 1.340614 1.484836 1.337358 0.044302
 20.000000 3.187895 1.363978 1.473565 1.345981 0.065673
 20.100000 3.212228 1.340374 1.460272 1.345869 0.067017
 20.200000 3.165516 1.345571 1.481958 1.381145 0.532977
 20.300000 3.179633 1.344786 1.494787 1.312654 0.185913
 20.400000 3.280011 1.348727 1.454830 1.345878 2.869264
 20.500000 3.135016 1.323447 1.489947 1.351869 1.892739
 20.600000 3.194646 1.385089 1.456401 1.376472 0.012847
 20.700000 3.174054 1.354922 1.478631 1.314194 0.301728
 20.800000 3.220584 1.324342 1.456066 1.363811 0.189905
 20.900000 3.220673 1.321920 1.505043 1.328093 0.191547
 21.000000 3.178141 1.391405 1.460215 1.341229 0.214159
 21.100000 3.186357 1.324021 1.487684 1.348788 0.083425
 21.200000 3.214751 1.340073 1.435973 1.375861 0.097520
 21.300000 3.160230 1.348531 1.489517 1.314427 0.708908
 21.400000 3.209485 1.379251 1.471505 1.384068 0.040318
 21.500000 3.159543 1.295915 1.488326 1.331262 0.733584
 21.600000 3.244040 1.375395 1.461404 1.353886 0.869287
 21.700000 3.157219 1.330090 1.490952 1.306578 0.820310
 21.800000 3.220629 1.357646 1.470163 1.378535 0.190725
 21.900000 3.195302 1.320459 1.491646 1.335459 0.009890
 22.000000 3.214309 1.406224 1.443483 1.355422 0.091771
 22.100000 3.106198 1.316717 1.492006 1.322718 3.943625
 22.200000 3.240503 1.372065 1.420938 1.412963 0.735268
 22.300000 3.183336 1.314011 1.488867 1.289305 0.124458
 22.400000 3.227963 1.396825 1.490344 1.368362 0.350473
 22.500000 3.153902 1.307834 1.548656 1.359159 0.952456
 22.600000 3.210391 1.366033 1.404323 1.347062 0.048390
 22.700000 3.203311 1.357868 1.417054 1.309885 0.004915
 22.800000 3.177018 1.356617 1.511164 1.389116 0.236728
 22.900000 3.179997 1.320046 1.551754 1.340691 0.179336
 23.000000 3.249404 1.378242 1.452117 1.333904 1.093964
 23.100000 3.154179 1.308016 1.448855 1.344498 0.941027
 23.200000 3.171981 1.380183 1.457307 1.387354 0.351859
 23.300000 3.208304 1.360354 1.473592 1.309934 0.030907
 23.400000 3.220819 1.331361 1.485731 1.334242 0.194270
 23.500000 3.189044 1.351364 1.474154 1.387227 0.053796
 23.600000 3.152766 1.349276 1.455428 1.322559 0.999973
 23.700000 3.234128 1.364130 1.471063 1.363417 0.522028
 23.800000 3.194908 1.321753 1.486055 1.334052 0.011622
 23.900000 3.197321 1.368248 1.457906 1.377293 0.003217
 24.000000 3.186705 1.348989 1.464131 1.326508 0.079226
 24.100000 3.192156 1.338226 1.433883 1.340955 0.027574
 24.200000 3.201903 1.346677 1.523134 1.375685 0.001623
 24.300000 3.183565 1.363124 1.519540 1.342467 0.121058
 24.400000 3.198767 1.349247 1.461931 1.332857 0.000682
 24.500000 3.191742 1.314653 1.420032 1.355510 0.030563
 24.600000 3.171125 1.369741 1.454565 1.339435 0.373697
 24.700000 3.187169 1.357103 1.487465 1.345328 0.073787
 24.800000 3.221702 1.328745 1.465746 1.354039 0.211083
 24.900000 3.191215 1.341417 1.494887 1.335882 0.034588
 25.000000 3.188868 1.369462 1.465016 1.357684 0.055541
 25.100000 3.174327 1.338481 1.476377 1.358811 0.295410
 25.200000 3.197872 1.344487 1.462288 1.360097 0.002030
 25.300000 3.221279 1.369772 1.480776 1.336066 0.202940
 25.400000 3.171990 1.344153 1.496112 1.346067 0.351640
 25.500000 3.194095 1.340741 1.463940 1.369050 0.015629
 25.600000 3.201122 1.352778 1.450984 1.332558 0.000564
 25.700000 3.177028 1.357789 1.478150 1.332800 0.236527
 25.800000 3.204212 1.335432 1.526922 1.374003 0.007951
 25.900000 3.231645 1.333180 1.503273 1.336668 0.448819
 26.000000 3.188246 1.352206 1.465239 1.326878 0.061926
 26.100000 3.176005 1.367317 1.450618 1.371563 0.258063
 26.200000 3.143846 1.328729 1.460731 1.345238 1.413299
 26.300000 3.243121 1.352381 1.472788 1.321383 0.833386
 26.400000 3.217836 1.328558 1.476797 1.324454 0.142577
 26.500000 3.177682 1.357329 1.488903 1.378678 0.223238
 26.600000 3.191434 1.339279 1.463130 1.336657 0.032885
 26.700000 3.197037 1.365697 1.442032 1.337084 0.003934
 26.800000 3.203872 1.325090 1.491504 1.347261 0.006720
 26.900000 3.222190 1.343050 1.460121 1.345998 0.220696
 27.000000 3.184918 1.364234 1.499150 1.316474 0.101949
 27.100000 3.187840 1.365118 1.454632 1.384374 0.066278
 27.200000 3.157269 1.317428 1.500139 1.350050 0.818369
 27.300000 3.221612 1.386519 1.467722 1.341643 0.209341
 27.400000 3.197318 1.323881 1.480724 1.323885 0.003224
 27.500000 3.219642 1.341258 1.446574 1.368335 0.172912
 27.600000 3.174440 1.340444 1.471929 1.331794 0.292822
 27.700000 3.239680 1.366640 1.484325 1.347832 0.705686
 27.800000 3.159359 1.326160 1.503507 1.340225 0.740296
 27.900000 3.193096 1.362233 1.477940 1.385341 0.021362
 28.000000 3.194412 1.343507 1.455572 1.314046 0.013994
 28.100000 3.192259 1.350817 1.432640 1.346035 0.026856
 28.200000 3.192038 1.322341 1.472354 1.356847 0.028414
 28.300000 3.197210 1.357362 1.476959 1.357867 0.003490
 28.400000 3.198740 1.353961 1.507447 1.326370 0.000711
 28.500000 3.212089 1.328710 1.464043 1.368877 0.065501
 28.600000 3.160046 1.349264 1.483733 1.354135 0.715474
 28.700000 3.180515 1.371253 1.457144 1.322807 0.170168
 28.800000 3.216315 1.327173 1.436569 1.348388 0.119300
 28.900000 3.195745 1.345373 1.481975 1.361562 0.008116
 29.000000 3.198486 1.370096 1.487196 1.335037 0.001028
 29.100000 3.190577 1.338810 1.474752 1.351881 0.039795
 29.200000 3.189086 1.340561 1.458545 1.372609 0.053383
 29.300000 3.189003 1.347497 1.479903 1.322777 0.054203
 29.400000 3.186198 1.367736 1.489808 1.336975 0.085378
 29.500000 3.207906 1.335469 1.475998 1.375559 0.028013
 29.600000 3.199145 1.339625 1.447156 1.338229 0.000328
 29.700000 3.189373 1.363798 1.477978 1.333648 0.050617
 29.800000 3.192844 1.342776 1.464241 1.371646 0.022952
 29.900000 3.183190 1.321638 1.470626 1.346829 0.126658
 30.000000 3.201918 1.400403 1.482159 1.335680 0.001649
 30.100000 3.184637 1.323653 1.489294 1.344122 0.105790
 30.200000 3.216668 1.332307 1.480120 1.363860 0.124527
 30.300000 3.189016 1.360226 1.466410 1.333812 0.054074
 30.400000 3.200248 1.344748 1.448513 1.341850 0.000028
 30.500000 3.171925 1.345908 1.451267 1.368291 0.353269
 30.600000 3.165176 1.350323 1.477817 1.342692 0.543532
 30.700000 3.215735 1.345668 1.483545 1.333190 0.110967
 30.800000 3.206488 1.347658 1.515086 1.343975 0.018866
 30.900000 3.190635 1.331131 1.482364 1.348007 0.039309
 31.000000 3.197784 1.356372 1.434319 1.346882 0.002200
 31.100000 3.161182 1.355166 1.455404 1.339473 0.675371
 31.200000 3.210176 1.340410 1.461308 1.359367 0.046409
 31.300000 3.219207 1.333234 1.507946 1.347468 0.165348
 31.400000 3.154236 1.358538 1.499697 1.336596 0.938705
 31.500000 3.215654 1.349044 1.477323 1.348134 0.109834
 31.600000 3.176327 1.335388 1.436494 1.364258 0.251184
 31.700000 3.178186 1.356417 1.457573 1.338718 0.213272
 31.800000 3.232662 1.354173 1.481680 1.320232 0.478137
 31.900000 3.184160 1.323321 1.503156 1.367293 0.112461
 32.000000 3.220462 1.344074 1.485665 1.348605 0.187667
 32.100000 3.170900 1.368722 1.448332 1.317721 0.379546
 32.200000 3.156876 1.348579 1.473879 1.383834 0.833524
 32.300000 3.202345 1.325217 1.456413 1.339720 0.002464
 32.400000 3.203361 1.372188 1.468833 1.327316 0.005063
 32.500000 3.196421 1.346738 1.488955 1.358502 0.005741
 32.600000 3.207107 1.331641 1.464376 1.349454 0.022638
 32.700000 3.184451 1.356108 1.473985 1.339868 0.108365
 32.800000 3.191921 1.349970 1.469479 1.349967 0.029252
 32.900000 3.176889 1.319541 1.485506 1.339602 0.239383
 33.000000 3.219493 1.382481 1.472403 1.358781 0.170300
 33.100000 3.184227 1.338735 1.457962 1.325785 0.111513
 33.200000 3.182153 1.349427 1.454175 1.373638 0.142753
 33.300000 3.186558 1.350749 1.477431 1.348445 0.080989
 33.400000 3.211860 1.344580 1.462643 1.336282 0.063046
 33.500000 3.199873 1.332324 1.497271 1.356123 0.000007
 33.600000 3.170081 1.376072 1.472689 1.350771 0.401206
 33.700000 3.196282 1.329123 1.482539 1.315887 0.006195
 33.800000 3.228142 1.353004 1.453066 1.380087 0.354962
 33.900000 3.161637 1.343454 1.494448 1.335534 0.659626
 34.000000 3.212421 1.366414 1.457620 1.367235 0.069154
 34.100000 3.162015 1.330997 1.479403 1.333416 0.646696
 34.200000 3.219790 1.346523 1.439964 1.359840 0.175539
 34.300000 3.181038 1.339077 1.504851 1.343673 0.161161
 34.400000 3.159737 1.373034 1.500396 1.346728 0.726594
 34.500000 3.240106 1.332006 1.461206 1.328417 0.720935
 34.600000 3.193768 1.341222 1.472523 1.360618 0.017408
 34.700000 3.169616 1.352456 1.477856 1.337955 0.413769
 34.800000 3.231429 1.349239 1.463591 1.348983 0.442721
 34.900000 3.148616 1.325733 1.464236 1.348892 1.183386
 35.000000 3.205158 1.366644 1.480794 1.344163 0.011922
 35.100000 3.179447 1.349108 1.504882 1.332729 0.189336
 35.200000 3.193702 1.343661 1.467406 1.366108 0.017780
 35.300000 3.243839 1.320872 1.460151 1.322283 0.861395
 35.400000 3.170979 1.365742 1.467022 1.346931 0.377493
 35.500000 3.194550 1.338250 1.511615 1.351628 0.013311
 35.600000 3.208860 1.322699 1.442865 1.355492 0.035185
 35.700000 3.144081 1.368058 1.477133 1.346036 1.401484
 35.800000 3.211936 1.368007 1.494559 1.336097 0.063849
 35.900000 3.191919 1.309532 1.484997 1.359027 0.029265
 36.000000 3.223832 1.356959 1.464913 1.340674 0.254569
 36.100000 3.196449 1.360641 1.457544 1.321627 0.005653
 36.200000 3.158536 1.337231 1.477683 1.369644 0.770591
 36.300000 3.222492 1.345830 1.452123 1.367473 0.226739
 36.400000 3.187585 1.344613 1.489855 1.293780 0.069084
 36.500000 3.190339 1.351145 1.538126 1.370554 0.041829
 36.600000 3.196057 1.342074 1.465039 1.374884 0.006967
 36.700000 3.184611 1.353980 1.412507 1.314357 0.106147
 36.800000 3.195980 1.388407 1.441302 1.367756 0.007242
 36.900000 3.174379 1.285459 1.531809 1.359836 0.294220
 37.000000 3.237673 1.365374 1.498384 1.345050 0.636100
 37.100000 3.178719 1.359551 1.484219 1.328269 0.202982
 37.200000 3.199642 1.334483 1.463365 1.369886 0.000058
 37.300000 3.155639 1.342006 1.463312 1.363319 0.882031
 37.400000 3.223036 1.389162 1.415259 1.319914 0.237835
 37.500000 3.195088 1.311339 1.462107 1.334311 0.010814
 37.600000 3.188700 1.382414 1.480844 1.407917 0.057233
 37.700000 3.186928 1.317824 1.493614 1.307819 0.076583
 37.800000 3.205243 1.383584 1.458721 1.356007 0.012322
 37.900000 3.183066 1.311630 1.530044 1.354463 0.128520
 38.000000 3.216903 1.346189 1.447091 1.360732 0.128049
 38.100000 3.177211 1.385942 1.472527 1.315096 0.232774
 38.200000 3.200620 1.339944 1.413310 1.376020 0.000172
 38.300000 3.184288 1.309430 1.499815 1.357881 0.110643
 38.400000 3.196492 1.401748 1.493763 1.341011 0.005515
 38.500000 3.180707 1.332330 1.472926 1.317376 0.166822
 38.600000 3.212020 1.333445 1.465842 1.402708 0.064754
 38.700000 3.146942 1.353517 1.450923 1.303810 1.261755
 38.800000 3.246066 1.381519 1.457376 1.346380 0.951109
 38.900000 3.169032 1.312248 1.491159 1.365086 0.429823
 39.000000 3.225872 1.361653 1.472384 1.351284 0.300009
 39.100000 3.183451 1.358669 1.495603 1.306525 0.122744
 39.200000 3.151513 1.351628 1.469712 1.397902 1.053693
 39.300000 3.219160 1.321224 1.468921 1.339581 0.164544
 39.400000 3.207472 1.373023 1.465273 1.310263 0.025023
 39.500000 3.196022 1.345429 1.509784 1.363076 0.007092
 39.600000 3.201969 1.313360 1.448864 1.372699 0.001738
 39.700000 3.179168 1.379423 1.493140 1.334499 0.194507
 39.800000 3.189420 1.364852 1.470763 1.350611 0.050174
 39.900000 3.195422 1.294610 1.488339 1.362369 0.009393
 40.000000 3.183090 1.378439 1.490545 1.361073 0.128167
 40.100000 3.180697 1.347186 1.443337 1.306005 0.167002
 40.200000 3.203155 1.334724 1.450911 1.396642 0.004460
 40.300000 3.159241 1.358957 1.475461 1.346095 0.744607
 40.400000 3.256738 1.373738 1.513253 1.308367 1.442868
 40.500000 3.195301 1.325436 1.501557 1.351656 0.009895
 40.600000 3.177076 1.340025 1.438862 1.385481 0.235531
 40.700000 3.173234 1.367765 1.441312 1.298056 0.321108
 40.800000 3.195033 1.367858 1.455532 1.381751 0.011058
 40.900000 3.181380 1.299284 1.547615 1.356964 0.155388
 41.000000 3.235822 1.391531 1.456095 1.360231 0.575145
 41.100000 3.150448 1.365470 1.486803 1.324294 1.100500
 41.200000 3.208106 1.327037 1.420770 1.375589 0.029447
 41.300000 3.183330 1.343302 1.467017 1.332594 0.124548
 41.400000 3.161189 1.379305 1.480212 1.353965 0.675112
 41.500000 3.220007 1.321725 1.497106 1.329368 0.179406
 41.600000 3.211585 1.356145 1.491946 1.374218 0.060157
 41.700000 3.171968 1.341760 1.482950 1.337547 0.352180
 41.800000 3.220586 1.372725 1.446391 1.352009 0.189931
 41.900000 3.159125 1.315989 1.461820 1.351024 0.748836
 42.000000 3.218272 1.343125 1.451014 1.356443 0.149639
 42.100000 3.193897 1.367705 1.526279 1.328953 0.016692
 42.200000 3.164505 1.368329 1.498444 1.355278 0.564697
 42.300000 3.227156 1.320579 1.472502 1.350167 0.330519
 42.400000 3.186008 1.359198 1.455142 1.345793 0.087751
 42.500000 3.183646 1.349565 1.479318 1.343831 0.119879
 42.600000 3.247203 1.328919 1.465201 1.350967 0.998638
 42.700000 3.148450 1.326763 1.480803 1.354594 1.191043
 42.800000 3.216893 1.373573 1.473536 1.354657 0.127901
 42.900000 3.157209 1.342680 1.488666 1.323219 0.820682
 43.000000 3.226621 1.351792 1.511103 1.362193 0.317618
 43.100000 3.218956 1.322459 1.488874 1.329424 0.161055
 43.200000 3.174745 1.376851 1.446577 1.345911 0.285879
 43.300000 3.212209 1.325488 1.447199 1.355394 0.066811
 43.400000 3.169075 1.337930 1.448944 1.354595 0.428643
 43.500000 3.198766 1.368422 1.518360 1.341000 0.000683
 43.600000 3.199339 1.337662 1.492459 1.347526 0.000196
 43.700000 3.195424 1.333890 1.505890 1.366426 0.009383
 43.800000 3.200161 1.364989 1.444033 1.334024 0.000012
 43.900000 3.174358 1.339607 1.435652 1.336980 0.294701
 44.000000 3.202299 1.334191 1.468102 1.349882 0.002369
 44.100000 3.205842 1.336112 1.469986 1.342016 0.015299
 44.200000 3.196970 1.363843 1.502319 1.334634 0.004116
 44.300000 3.155017 1.345201 1.461347 1.367989 0.906922
 44.400000 3.211610 1.339936 1.475148 1.353496 0.060418
 44.500000 3.197975 1.348689 1.467532 1.309819 0.001837
 44.600000 3.189700 1.364423 1.470592 1.346456 0.047550
 44.700000 3.228318 1.317777 1.469838 1.354642 0.359417
 44.800000 3.163795 1.363210 1.460959 1.346459 0.587492
 44.900000 3.210843 1.349091 1.473305 1.342110 0.052691
 45.000000 3.192844 1.333671 1.479353 1.351992 0.022951
 45.100000 3.168306 1.375613 1.532217 1.359760 0.450213
 45.200000 3.232096 1.336671 1.428680 1.315023 0.461725
 45.300000 3.168603 1.351955 1.434590 1.363082 0.441836
 45.400000 3.156142 1.344534 1.475836 1.365618 0.862125
 45.500000 3.218399 1.337182 1.460895 1.332912 0.151721
 45.600000 3.193715 1.357661 1.512859 1.342056 0.017705
 45.700000 3.208239 1.330398 1.493103 1.355020 0.030425
 45.800000 3.200250 1.340563 1.503626 1.358551 0.000028
 45.900000 3.158890 1.379427 1.425729 1.326865 0.757471
 46.000000 3.224974 1.323942 1.428595 1.345272 0.279554
 46.100000 3.174151 1.342531 1.510990 1.362762 0.299484
 46.200000 3.193389 1.378380 1.514922 1.339844 0.019587
 46.300000 3.232759 1.315152 1.468089 1.338220 0.480993
 46.400000 3.154881 1.334287 1.460267 1.376938 0.912408
 46.500000 3.193650 1.377879 1.493970 1.335970 0.018074
 46.600000 3.207334 1.341466 1.458662 1.323705 0.024107
 46.700000 3.215968 1.331384 1.468667 1.365573 0.114277
 46.800000 3.223453 1.333787 1.471295 1.340853 0.246535
 46.900000 3.144616 1.366096 1.476708 1.332574 1.374815
 47.000000 3.200697 1.345873 1.466365 1.382996 0.000217
 47.100000 3.194010 1.314162 1.463465 1.341344 0.016082
 47.200000 3.195419 1.388696 1.537074 1.347665 0.009406
 47.300000 3.214545 1.347320 1.476786 1.325559 0.094819
 47.400000 3.188676 1.321865 1.443211 1.353275 0.057477
 47.500000 3.190778 1.365733 1.453819 1.357826 0.038120
 47.600000 3.169469 1.348647 1.467417 1.317652 0.417782
 47.700000 3.210398 1.359045 1.512232 1.367572 0.048458
 47.800000 3.205652 1.310234 1.486290 1.351165 0.014320
 47.900000 3.206465 1.371727 1.483459 1.325313 0.018735
 48.000000 3.154253 1.359706 1.445111 1.350323 0.937999
 48.100000 3.208526 1.318330 1.408956 1.372503 0.032579
 48.200000 3.196425 1.352509 1.502783 1.325441 0.005728
 48.300000 3.207356 1.393804 1.530213 1.351561 0.024250
 48.400000 3.220416 1.281231 1.515674 1.347901 0.186823
 48.500000 3.179499 1.367867 1.425935 1.376884 0.188374
 48.600000 3.178820 1.382676 1.457647 1.322456 0.201052
 48.700000 3.183830 1.326701 1.440413 1.359643 0.117188
 48.800000 3.198158 1.350402 1.467491 1.373734 0.001520
 48.900000 3.238382 1.353350 1.472671 1.301907 0.660264
 49.000000 3.169114 1.355028 1.503134 1.357606 0.427571
 49.100000 3.166723 1.349495 1.495258 1.401258 0.496305
 49.200000 3.203426 1.334716 1.433110 1.309858 0.005260
 49.300000 3.205153 1.379273 1.499684 1.337503 0.011901
 49.400000 3.197016 1.313997 1.487560 1.382019 0.003991
 49.500000 3.206673 1.328948 1.466218 1.351739 0.019958
 49.600000 3.178601 1.408038 1.439937 1.331170 0.205231
 49.700000 3.193192 1.316392 1.438244 1.354536 0.020773
 49.800000 3.179181 1.340038 1.512975 1.386132 0.194256
 49.900000 3.187500 1.369899 1.496453 1.333123 0.070037
 50.000000 3.245421 1.332411 1.477560 1.321463 0.924648
