#! FIELDS time d1 d2 d3 d4 rest.bias
 0.000000 2.019711 1.554084 1.352897 1.519104 0.174137
 0.100000 1.989150 1.495248 1.383529 1.466918 0.052767
 0.200000 1.969991 1.539937 1.356341 1.545292 0.403625
 0.300000 1.938390 1.486285 1.321136 1.505689 1.701285
 0.400000 1.909348 1.520599 1.359720 1.537377 3.683221
 0.500000 1.883742 1.501733 1.324320 1.506272 6.057847
 0.600000 1.851914 1.470951 1.306278 1.505957 9.828796
 0.700000 1.841099 1.518655 1.363165 1.547629 11.316898
 0.800000 1.834779 1.475754 1.338835 1.448716 12.234919
 0.900000 1.847614 1.557035 1.335182 1.504618 10.407914
 1.000000 1.875628 1.489558 1.328879 1.494056 6.932938
 1.100000 1.884595 1.512339 1.353584 1.532146 5.969317
 1.200000 1.929888 1.533763 1.323111 1.517253 2.203186
 1.300000 1.939812 1.479201 1.329132 1.514186 1.623637
 1.400000 1.962023 1.489649 1.373704 1.598127 0.646433
 1.500000 1.968464 1.479979 1.356626 1.498579 0.445742
 1.600000 1.965806 1.553549 1.337645 1.498913 0.524034
 1.700000 1.978879 1.510275 1.359899 1.529059 0.199934
 1.800000 1.987195 1.478726 1.352028 1.504464 0.073492
 1.900000 1.987544 1.613678 1.323526 1.531599 0.069542
 2.000000 1.983044 1.503604 1.336270 1.479351 0.128855
 2.100000 1.953385 1.479666 1.359938 1.547987 0.973910
 2.200000 1.944862 1.519570 1.339811 1.523223 1.362615
 2.300000 1.930532 1.514374 1.360620 1.446326 2.162903
 2.400000 1.932063 1.538057 1.357800 1.524113 2.068657
 2.500000 1.927423 1.500846 1.329076 1.491972 2.360890
 2.600000 1.917319 1.522776 1.341333 1.524588 3.063943
 2.700000 1.916041 1.534365 1.358167 1.514307 3.159395
 2.800000 1.886547 1.498882 1.318161 1.517012 5.768997
 2.900000 1.897676 1.484551 1.357233 1.524748 4.692707
 3.000000 1.912527 1.524721 1.372470 1.478017 3.429388
 3.100000 1.930489 1.550637 1.335072 1.523610 2.165614
 3.200000 1.943726 1.509178 1.338688 1.509642 1.419335
 3.300000 1.930234 1.535393 1.338306 1.475662 2.181493
 3.400000 1.932065 1.582273 1.355363 1.515015 2.068534
 3.500000 1.897266 1.472595 1.319642 1.519763 4.730456
 3.600000 1.924227 1.471671 1.362600 1.525299 2.573383
 3.700000 1.899825 1.546354 1.360759 1.531143 4.497686
 3.800000 1.896252 1.467997 1.335592 1.538808 4.824295
 3.900000 1.895350 1.505440 1.332820 1.538493 4.908537
 4.000000 1.890260 1.516121 1.343650 1.487962 5.397580
 4.100000 1.888979 1.531494 1.326076 1.523942 5.524391
 4.200000 1.864692 1.519385 1.332474 1.511043 8.205761
 4.300000 1.866075 1.466709 1.355939 1.438397 8.038927
 4.400000 1.863561 1.517835 1.369669 1.527986 8.343492
 4.500000 1.899855 1.471690 1.323859 1.497641 4.495033
 4.600000 1.907939 1.492339 1.342318 1.515818 3.798625
 4.700000 1.923378 1.501693 1.351428 1.547446 2.631325
 4.800000 1.968044 1.470758 1.308904 1.484936 0.457700
 4.900000 1.958560 1.570703 1.357683 1.563140 0.769674
 5.000000 1.968163 1.468766 1.372688 1.461857 0.454287
 5.100000 1.978387 1.546057 1.346823 1.508829 0.209357
 5.200000 1.989192 1.543233 1.344056 1.513040 0.052360
 5.300000 2.003846 1.464610 1.364757 1.508061 0.006631
 5.400000 1.996239 1.575020 1.360159 1.568237 0.006339
 5.500000 1.990477 1.497764 1.308318 1.482795 0.040647
 5.600000 1.950643 1.531475 1.369898 1.539883 1.091875
 5.700000 1.903724 1.528070 1.356390 1.489546 4.154392
 5.800000 1.894789 1.501401 1.338725 1.456150 4.961325
 5.900000 1.848611 1.548450 1.335913 1.569613 10.272153
 6.000000 1.860996 1.477146 1.326493 1.433850 8.660138
 6.100000 1.839392 1.595761 1.346279 1.489500 11.561218
 6.200000 1.849177 1.486966 1.312862 1.506786 10.195451
 6.300000 1.863714 1.482206 1.341132 1.515614 8.324808
 6.400000 1.868405 1.548584 1.354153 1.488090 7.761533
 6.500000 1.907262 1.484864 1.336173 1.451250 3.854679
 6.600000 1.907516 1.501265 1.339858 1.622777 3.833585
 6.700000 1.957742 1.459995 1.356565 1.498732 0.800367
 6.800000 1.973023 1.546703 1.330591 1.519978 0.326178
 6.900000 1.987467 1.526590 1.326059 1.559031 0.070406
 7.000000 1.987399 1.478233 1.364439 1.499068 0.071165
 7.100000 1.980240 1.563471 1.367419 1.527291 0.175004
 7.200000 1.985809 1.522521 1.325194 1.475865 0.090258
 7.300000 1.977437 1.501499 1.362809 1.513346 0.228168
 7.400000 1.944266 1.519045 1.359312 1.554316 1.392229
 7.500000 1.937776 1.493881 1.327123 1.479864 1.735331
 7.600000 1.898280 1.549054 1.333241 1.536614 4.637502
 7.700000 1.881935 1.455906 1.349653 1.501752 6.247574
 7.800000 1.844279 1.501750 1.328498 1.510843 10.868410
 7.900000 1.826957 1.566175 1.346794 1.478819 13.420877
 8.000000 1.853712 1.446766 1.340589 1.451419 9.591565
 8.100000 1.843871 1.528211 1.341317 1.579876 10.925409
 8.200000 1.882131 1.511392 1.322524 1.485604 6.226870
 8.300000 1.903148 1.520851 1.336149 1.503303 4.204224
 8.400000 1.917811 1.489395 1.346633 1.555484 3.027638
 8.500000 1.938297 1.479703 1.342629 1.512890 1.706408
 8.600000 1.953215 1.545050 1.367836 1.517007 0.981025
 8.700000 1.967380 1.466449 1.338490 1.511274 0.476900
 8.800000 1.965773 1.532549 1.347261 1.574799 0.525054
 8.900000 1.983235 1.524637 1.338705 1.488222 0.125971
 9.000000 1.974030 1.534472 1.337589 1.499761 0.302285
 9.100000 1.952979 1.538048 1.355174 1.552068 0.990940
 9.200000 1.947950 1.489427 1.342949 1.463090 1.214249
 9.300000 1.924608 1.564738 1.345988 1.506545 2.547558
 9.400000 1.904331 1.455344 1.352162 1.510153 4.102178
 9.500000 1.874449 1.479749 1.340086 1.538953 7.065013
 9.600000 1.886183 1.509795 1.320765 1.503953 5.806087
 9.700000 1.875860 1.489950 1.315037 1.499845 6.907120
 9.800000 1.849051 1.501595 1.361668 1.563070 10.212506
 9.900000 1.868058 1.456014 1.324916 1.430313 7.802534
 10.000000 1.865076 1.575596 1.365044 1.501837 8.159269
 10.100000 1.900291 1.506940 1.328731 1.491584 4.455916
 10.200000 1.931268 1.492047 1.334707 1.486977 2.117333
 10.300000 1.951555 1.565203 1.354145 1.532897 1.051908
 10.400000 1.978539 1.491665 1.340791 1.491589 0.206438
 10.500000 1.979752 1.529066 1.342624 1.571730 0.183751
 10.600000 2.001316 1.478284 1.363733 1.521030 0.000776
 10.700000 2.007355 1.520919 1.367243 1.528196 0.024248
 10.800000 1.983620 1.559493 1.343005 1.543444 0.120253
 10.900000 1.969464 1.469448 1.365935 1.492795 0.417926
 11.000000 1.939760 1.553981 1.338894 1.544754 1.626442
 11.100000 1.930287 1.558361 1.318976 1.475906 2.178239
 11.200000 1.900924 1.492254 1.359754 1.482170 4.399545
 11.300000 1.841628 1.486099 1.362581 1.574557 11.241580
 11.400000 1.876178 1.504698 1.319913 1.466635 6.871772
 11.500000 1.863590 1.525063 1.332392 1.507368 8.339989
 11.600000 1.867676 1.445331 1.349151 1.530593 7.847779
 11.700000 1.893911 1.500150 1.323523 1.523380 5.044426
 11.800000 1.906734 1.538098 1.324321 1.486285 3.898712
 11.900000 1.917429 1.468740 1.359729 1.479057 3.055778
 12.000000 1.907570 1.535625 1.342929 1.527212 3.829093
 12.100000 1.959689 1.531915 1.335292 1.470337 0.728304
 12.200000 1.943805 1.493507 1.344099 1.490538 1.415367
 12.300000 1.948262 1.515607 1.361693 1.531100 1.199751
 12.400000 1.967603 1.502908 1.311439 1.506627 0.470421
 12.500000 1.940019 1.517275 1.354590 1.563434 1.612506
 12.600000 1.953263 1.461320 1.345170 1.497580 0.979027
 12.700000 1.939838 1.540449 1.341135 1.547379 1.622270
 12.800000 1.919050 1.518657 1.348619 1.522716 2.937000
 12.900000 1.917468 1.509749 1.359993 1.480514 3.052896
 13.000000 1.906236 1.556172 1.345422 1.519299 3.940430
 13.100000 1.921318 1.501688 1.316552 1.505702 2.774707
 13.200000 1.891580 1.547634 1.352566 1.552281 5.268539
 13.300000 1.920247 1.494840 1.344931 1.460961 2.850763
 13.400000 1.894641 1.537201 1.340320 1.521678 4.975207
 13.500000 1.895017 1.500075 1.331857 1.504689 4.939813
 13.600000 1.907923 1.492269 1.370988 1.475454 3.799884
 13.700000 1.905806 1.516134 1.331309 1.521688 3.976646
 13.800000 1.930631 1.498561 1.326057 1.499226 2.156781
 13.900000 1.910538 1.499358 1.354666 1.484022 3.587163
 14.000000 1.917382 1.511524 1.313101 1.524177 3.059319
 14.100000 1.920396 1.474893 1.336997 1.492552 2.840167
 14.200000 1.908273 1.504646 1.391152 1.499706 3.771098
 14.300000 1.928464 1.483425 1.350032 1.505276 2.293616
 14.400000 1.939146 1.502682 1.306168 1.553941 1.659787
 14.500000 1.930041 1.491690 1.354476 1.512167 2.193592
 14.600000 1.954753 1.481208 1.360455 1.521851 0.917590
 14.700000 1.948842 1.535992 1.332549 1.565361 1.172988
 14.800000 1.957819 1.480692 1.346232 1.461728 0.797442
 14.900000 1.926686 1.550305 1.372645 1.524060 2.409031
 15.000000 1.940208 1.507988 1.355932 1.514785 1.602334
 15.100000 1.952231 1.483287 1.327691 1.510854 1.022749
 15.200000 1.905902 1.537770 1.342484 1.556038 3.968569
 15.300000 1.913224 1.472262 1.330806 1.498232 3.374944
 15.400000 1.885224 1.529332 1.337876 1.563675 5.904347
 15.500000 1.895374 1.477040 1.353645 1.491191 4.906245
 15.600000 1.864161 1.513391 1.365950 1.484397 8.270233
 15.700000 1.888956 1.541825 1.334698 1.539974 5.526690
 15.800000 1.920866 1.458981 1.318486 1.473138 2.806703
 15.900000 1.890645 1.575598 1.365914 1.525597 5.359800
 16.000000 1.933970 1.484189 1.333325 1.491867 1.954145
 16.100000 1.945048 1.499509 1.321026 1.520833 1.353440
 16.200000 1.933272 1.536656 1.384261 1.483632 1.995663
 16.300000 1.958941 1.497312 1.352203 1.456890 0.755598
 16.400000 1.988651 1.545802 1.324418 1.532466 0.057732
 16.500000 1.966060 1.523430 1.351636 1.474753 0.516307
 16.600000 1.962651 1.516558 1.356994 1.498114 0.625213
 16.700000 1.988880 1.538763 1.295584 1.542068 0.055419
 16.800000 1.970820 1.510324 1.381455 1.516450 0.381632
 16.900000 1.946374 1.483694 1.373940 1.502881 1.288923
 17.000000 1.935853 1.511906 1.320266 1.538576 1.844262
 17.100000 1.923533 1.534529 1.343752 1.522659 2.620718
 17.200000 1.929797 1.505860 1.363539 1.451990 2.208955
 17.300000 1.889819 1.566521 1.311573 1.578806 5.441038
 17.400000 1.911119 1.505355 1.353580 1.499222 3.540674
 17.500000 1.900318 1.538146 1.362966 1.446604 4.453560
 17.600000 1.871930 1.521325 1.315553 1.557228 7.351356
 17.700000 1.897141 1.450585 1.359414 1.529175 4.741949
 17.800000 1.903551 1.528111 1.346969 1.485401 4.169328
 17.900000 1.917517 1.515486 1.325840 1.495021 3.049282
 18.000000 1.902180 1.468999 1.327744 1.536326 4.288672
 18.100000 1.937830 1.489065 1.361301 1.527592 1.732330
 18.200000 1.941386 1.573708 1.319956 1.458036 1.539844
 18.300000 1.937637 1.510101 1.350763 1.514237 1.743120
 18.400000 1.946324 1.452616 1.344684 1.581497 1.291303
 18.500000 1.956243 1.527167 1.356141 1.518134 0.858155
 18.600000 1.939024 1.552600 1.332460 1.484671 1.666434
 18.700000 1.959732 1.432519 1.365495 1.591370 0.726746
 18.800000 1.974641 1.477435 1.326118 1.588068 0.288224
 18.900000 1.959139 1.548753 1.354400 1.502964 0.748338
 19.000000 1.929131 1.501876 1.340361 1.497334 2.251037
 19.100000 1.938181 1.497950 1.348271 1.530551 1.712853
 19.200000 1.926027 1.514199 1.340693 1.509808 2.452577
 19.300000 1.897524 1.492319 1.345288 1.517776 4.706678
 19.400000 1.899460 1.477101 1.346188 1.493023 4.530495
 19.500000 1.913369 1.514477 1.325893 1.522288 3.363738
 19.600000 1.904449 1.499589 1.342975 1.535942 4.092034
 19.700000 1.891705 1.468313 1.320317 1.484700 5.256404
 19.800000 1.905368 1.535464 1.358510 1.524329 4.013736
 19.900000 1.898305 1.488640 1.335223 1.537198 4.635220
 20.000000 1.933182 1.466537 1.354829 1.500787 2.001056
 20.100000 1.904025 1.555194 1.329799 1.576925 4.128489
 20.200000 1.957961 1.505354 1.365582 1.498571 0.792082
 20.300000 1.966420 1.519379 1.332130 1.518864 0.505408
 20.400000 1.932754 1.541861 1.342981 1.504923 2.026781
 20.500000 1.961404 1.536628 1.351373 1.496308 0.667657
 20.600000 1.970197 1.535252 1.339542 1.500882 0.398106
 20.700000 1.998578 1.516101 1.330427 1.444988 0.000907
 20.800000 1.927635 1.518954 1.367861 1.524963 2.347116
 20.900000 1.942951 1.447868 1.339229 1.519733 1.458727
 21.000000 1.916338 1.522699 1.317866 1.528140 3.137080
 21.100000 1.888826 1.548561 1.357951 1.457393 5.539649
 21.200000 1.891196 1.448663 1.327768 1.500674 5.305938
 21.300000 1.868095 1.526745 1.334851 1.609143 7.798154
 21.400000 1.899455 1.547434 1.334484 1.404695 4.530944
 21.500000 1.871570 1.569626 1.347008 1.475002 7.392692
 21.600000 1.892176 1.481263 1.328912 1.553824 5.210821
 21.700000 1.892152 1.524151 1.344157 1.478657 5.213089
 21.800000 1.897741 1.596254 1.344029 1.493000 4.686770
 21.900000 1.920757 1.472834 1.322130 1.506937 2.814452
 22.000000 1.900377 1.502230 1.345749 1.570422 4.448232
 22.100000 1.936538 1.509827 1.346295 1.479222 1.805109
 22.200000 1.915878 1.508993 1.338069 1.525995 3.171673
 22.300000 1.950530 1.503763 1.359379 1.520261 1.096873
 22.400000 1.944433 1.506878 1.319676 1.503010 1.383914
 22.500000 1.948519 1.535722 1.346553 1.534801 1.187847
 22.600000 1.953509 1.512917 1.341657 1.507972 0.968765
 22.700000 1.947574 1.504790 1.336527 1.505044 1.231873
 22.800000 1.932681 1.535043 1.332832 1.503670 2.031180
 22.900000 1.911009 1.516230 1.366006 1.494649 3.549435
 23.000000 1.922377 1.504839 1.331135 1.517792 2.700587
 23.100000 1.910626 1.482150 1.339049 1.532656 3.580109
 23.200000 1.881090 1.496219 1.336157 1.521846 6.337337
 23.300000 1.911272 1.531709 1.323809 1.514891 3.528546
 23.400000 1.906547 1.463321 1.321624 1.552171 3.914317
 23.500000 1.899271 1.486890 1.365559 1.527049 4.547587
 23.600000 1.903459 1.524381 1.332814 1.484725 4.177278
 23.700000 1.918835 1.509782 1.335936 1.526386 2.952654
 23.800000 1.950997 1.471224 1.362570 1.539282 1.076255
 23.900000 1.929532 1.578327 1.346299 1.499078 2.225662
 24.000000 1.962037 1.510436 1.324083 1.484060 0.645951
 24.100000 1.951686 1.505775 1.344632 1.576589 1.046189
 24.200000 1.955006 1.488479 1.349635 1.490670 0.907378
 24.300000 1.944411 1.579333 1.343927 1.509237 1.384984
 24.400000 1.943697 1.449625 1.347658 1.530181 1.420795
 24.500000 1.936832 1.491236 1.353434 1.530426 1.788383
 24.600000 1.914429 1.545515 1.359157 1.504643 3.281868
 24.700000 1.928748 1.504548 1.311661 1.501290 2.275429
 24.800000 1.927582 1.518968 1.346415 1.559210 2.350518
 24.900000 1.887239 1.533271 1.338250 1.478586 5.698879
 25.000000 1.906195 1.525549 1.330157 1.475650 3.943842
 25.100000 1.913045 1.505238 1.335082 1.513911 3.388882
 25.200000 1.926877 1.488995 1.366354 1.498774 2.396486
 25.300000 1.911220 1.550590 1.335365 1.498575 3.532669
 25.400000 1.942145 1.464289 1.326009 1.493108 1.500203
 25.500000 1.969413 1.514765 1.357180 1.574971 0.419326
 25.600000 1.952931 1.523960 1.314902 1.495881 0.992993
 25.700000 1.963774 1.513957 1.344625 1.463119 0.588193
 25.800000 1.938804 1.531031 1.381935 1.563577 1.678513
 25.900000 1.946001 1.515885 1.335210 1.486104 1.306890
 26.000000 1.939666 1.551435 1.340846 1.505903 1.631527
 26.100000 1.920275 1.533433 1.343761 1.502937 2.848817
 26.200000 1.936614 1.519651 1.379053 1.564126 1.800797
 26.300000 1.933740 1.523583 1.302562 1.520459 1.967787
 26.400000 1.908904 1.497928 1.347524 1.496637 3.719406
 26.500000 1.893201 1.507046 1.373432 1.559306 5.112133
 26.600000 1.914666 1.440162 1.309896 1.493359 3.263736
 26.700000 1.895999 1.541733 1.353348 1.532021 4.847866
 26.800000 1.890522 1.486899 1.338475 1.461246 5.371894
 26.900000 1.911782 1.510322 1.320940 1.496636 3.488099
 27.000000 1.898860 1.547442 1.309199 1.508086 4.584794
 27.100000 1.898905 1.502770 1.363489 1.449117 4.580706
 27.200000 1.897012 1.512566 1.318966 1.513348 4.753827
 27.300000 1.906261 1.489024 1.336634 1.513956 3.938311
 27.400000 1.900711 1.511289 1.353977 1.501514 4.418536
 27.500000 1.918334 1.514243 1.344414 1.533686 2.989224
 27.600000 1.950073 1.435187 1.327437 1.556696 1.117236
 27.700000 1.940852 1.568161 1.353002 1.552886 1.567999
 27.800000 1.965569 1.532851 1.346102 1.462385 0.531325
 27.900000 1.944090 1.530961 1.340766 1.574039 1.401028
 28.000000 1.969679 1.477874 1.350763 1.544343 0.412066
 28.100000 1.950860 1.597133 1.348918 1.457115 1.082282
 28.200000 1.946030 1.573227 1.354182 1.489491 1.305488
 28.300000 1.947997 1.447920 1.338934 1.539785 1.212070
 28.400000 1.929784 1.508043 1.354781 1.533800 2.209726
 28.500000 1.905224 1.539997 1.320454 1.481022 4.025949
 28.600000 1.907850 1.479330 1.335246 1.522399 3.805906
 28.700000 1.900294 1.467769 1.345350 1.569374 4.455675
 28.800000 1.896269 1.460983 1.329519 1.480292 4.822716
 28.900000 1.874317 1.545862 1.331212 1.520119 7.079880
 29.000000 1.920576 1.499077 1.357463 1.485904 2.827354
 29.100000 1.915781 1.486233 1.330712 1.524053 3.178980
 29.200000 1.904648 1.532420 1.334866 1.539343 4.075007
 29.300000 1.927239 1.530854 1.339437 1.446538 2.372865
 29.400000 1.937724 1.537446 1.356047 1.531674 1.738276
 29.500000 1.927158 1.505316 1.318658 1.538996 2.378131
 29.600000 1.919178 1.523222 1.360715 1.515944 2.927717
 29.700000 1.947495 1.510617 1.359641 1.523517 1.235606
 29.800000 1.954307 1.464681 1.338597 1.572048 0.935779
 29.900000 1.938120 1.538856 1.334674 1.544417 1.716218
 30.000000 1.939697 1.539791 1.347435 1.488013 1.629883
 30.100000 1.942349 1.483504 1.349816 1.570188 1.489637
 30.200000 1.940557 1.506450 1.332443 1.540270 1.583680
 30.300000 1.921156 1.548993 1.351467 1.453894 2.786200
 30.400000 1.920753 1.545670 1.338803 1.508854 2.814704
 30.500000 1.931195 1.442330 1.339672 1.528189 2.121848
 30.600000 1.902402 1.532813 1.330641 1.514489 4.269238
 30.700000 1.925918 1.515797 1.359655 1.491317 2.459783
 30.800000 1.935799 1.465538 1.321958 1.556268 1.847396
 30.900000 1.919370 1.481390 1.343727 1.528417 2.913823
 31.000000 1.892166 1.516141 1.345929 1.483635 5.211719
 31.100000 1.915216 1.509103 1.326872 1.538184 3.221790
 31.200000 1.929473 1.469040 1.344641 1.538286 2.229403
 31.300000 1.919095 1.535869 1.354315 1.472491 2.933752
 31.400000 1.923319 1.572535 1.335190 1.499858 2.635408
 31.500000 1.939523 1.499959 1.342840 1.515653 1.639285
 31.600000 1.943612 1.508911 1.359824 1.553468 1.425087
 31.700000 1.956332 1.575334 1.321040 1.524067 0.854681
 31.800000 1.951769 1.540320 1.353596 1.487965 1.042613
 31.900000 1.956192 1.469944 1.385507 1.566938 0.860157
 32.000000 1.951839 1.502445 1.316351 1.565302 1.039599
 32.100000 1.933699 1.551412 1.342669 1.469335 1.970237
 32.200000 1.935795 1.491507 1.360672 1.494439 1.847580
 32.300000 1.922641 1.508611 1.324064 1.575795 2.682198
 32.400000 1.946624 1.514246 1.332358 1.451858 1.276939
 32.500000 1.920582 1.573482 1.350003 1.453187 2.826919
 32.600000 1.934905 1.509436 1.327281 1.526950 1.899184
 32.700000 1.915733 1.500675 1.322522 1.493541 3.182612
 32.800000 1.903555 1.544677 1.378900 1.473762 4.168993
 32.900000 1.917735 1.490937 1.312867 1.514027 3.033198
 33.000000 1.890602 1.485296 1.346625 1.588729 5.364054
 33.100000 1.902799 1.469545 1.375904 1.463709 4.234619
 33.200000 1.897371 1.556963 1.304995 1.511605 4.720761
 33.300000 1.924154 1.502556 1.344851 1.572779 2.578353
 33.400000 1.929865 1.483496 1.372220 1.492169 2.204661
 33.500000 1.934077 1.592408 1.334010 1.494797 1.947800
 33.600000 1.962437 1.517011 1.324016 1.487017 0.632410
 33.700000 1.949575 1.513806 1.411133 1.550166 1.139632
 33.800000 2.003870 1.522553 1.336871 1.483200 0.006712
 33.900000 1.963717 1.550261 1.317930 1.550259 0.590020
 34.000000 1.954319 1.471099 1.369670 1.533740 0.935289
 34.100000 1.946857 1.491298 1.340016 1.516125 1.265777
 34.200000 1.929070 1.514491 1.317009 1.552644 2.254906
 34.300000 1.921733 1.457706 1.354436 1.487125 2.745565
 34.400000 1.876197 1.530885 1.347561 1.524040 6.869630
 34.500000 1.888447 1.481207 1.294067 1.489053 5.577481
 34.600000 1.873782 1.510920 1.348072 1.542948 7.140276
 34.700000 1.875967 1.505113 1.330303 1.488349 6.895154
 34.800000 1.890763 1.521798 1.319385 1.490694 5.348221
 34.900000 1.891824 1.496234 1.359032 1.553220 5.244877
 35.000000 1.933102 1.484591 1.357727 1.477695 2.005862
 35.100000 1.926975 1.542677 1.326858 1.553616 2.390082
 35.200000 1.957125 1.454671 1.342800 1.552089 0.823920
 35.300000 1.966628 1.524372 1.366816 1.524989 0.499169
 35.400000 1.982042 1.531929 1.330469 1.526058 0.144545
 35.500000 2.012764 1.435075 1.345879 1.574847 0.073016
 35.600000 1.971016 1.532189 1.383495 1.570322 0.376532
 35.700000 1.982183 1.506004 1.350659 1.433553 0.142284
 35.800000 1.932518 1.509065 1.334928 1.580003 2.040999
 35.900000 1.910719 1.496809 1.341610 1.504405 3.572609
 36.000000 1.903885 1.527418 1.360731 1.454266 4.140539
 36.100000 1.873190 1.517722 1.315693 1.554664 7.207386
 36.200000 1.889354 1.445871 1.325682 1.505014 5.487142
 36.300000 1.865216 1.536651 1.359771 1.524888 8.142367
 36.400000 1.888372 1.465933 1.324506 1.508790 5.584969
 36.500000 1.900597 1.455133 1.332541 1.563486 4.428653
 36.600000 1.905861 1.519649 1.348538 1.543565 3.972039
 36.700000 1.946035 1.494933 1.351733 1.480198 1.305237
 36.800000 1.949121 1.540147 1.334464 1.584257 1.160228
 36.900000 1.972453 1.500280 1.342303 1.506916 0.340116
 37.000000 1.966807 1.566819 1.349392 1.497592 0.493813
 37.100000 1.971405 1.553776 1.339253 1.504620 0.366480
 37.200000 1.958187 1.501541 1.355120 1.495124 0.783606
 37.300000 1.931556 1.553691 1.340658 1.538317 2.099652
 37.400000 1.947292 1.493671 1.341225 1.480862 1.245174
 37.500000 1.895490 1.542154 1.345841 1.526127 4.895374
 37.600000 1.895222 1.504196 1.333573 1.521160 4.920535
 37.700000 1.905229 1.455868 1.316072 1.516071 4.025488
 37.800000 1.878076 1.547495 1.354377 1.532836 6.662697
 37.900000 1.904522 1.481253 1.346913 1.439630 4.085814
 38.000000 1.866961 1.523992 1.320914 1.586745 7.932832
 38.100000 1.907714 1.490711 1.351934 1.469026 3.817183
 38.200000 1.901729 1.576311 1.339821 1.455346 4.328321
 38.300000 1.930758 1.532644 1.338159 1.521374 2.148880
 38.400000 1.960341 1.481393 1.337565 1.491913 0.704947
 38.500000 1.955643 1.576145 1.379240 1.520944 0.881839
 38.600000 1.975583 1.476874 1.339279 1.512310 0.267206
 38.700000 1.957813 1.517540 1.343829 1.545930 0.797663
 38.800000 1.959925 1.543294 1.382825 1.491182 0.719811
 38.900000 1.949233 1.494378 1.332185 1.528158 1.155128
 39.000000 1.938085 1.518090 1.337894 1.577907 1.718146
 39.100000 1.933678 1.495592 1.354729 1.466739 1.971448
 39.200000 1.890912 1.570233 1.346789 1.551825 5.333672
 39.300000 1.917006 1.483069 1.319391 1.475391 3.087170
 39.400000 1.869255 1.517689 1.354361 1.524944 7.661656
 39.500000 1.882135 1.509407 1.359969 1.503860 6.226502
 39.600000 1.902913 1.531750 1.298500 1.473410 4.224675
 39.700000 1.903706 1.533512 1.350241 1.508794 4.155920
 39.800000 1.925218 1.466223 1.364537 1.498583 2.506509
 39.900000 1.920609 1.532332 1.300519 1.569896 2.825006
 40.000000 1.958018 1.478825 1.338163 1.474230 0.789949
 40.100000 1.940459 1.516909 1.395511 1.534866 1.588944
 40.200000 1.951335 1.506878 1.330368 1.516085 1.061469
 40.300000 1.976323 1.510988 1.319880 1.531233 0.251264
 40.400000 1.961970 1.561421 1.378798 1.490425 0.648238
 40.500000 1.979759 1.542075 1.349969 1.479170 0.183622
 40.600000 1.955384 1.526415 1.324920 1.548938 0.892196
 40.700000 1.949777 1.490794 1.371711 1.496754 1.130507
 40.800000 1.931309 1.540248 1.354542 1.521446 2.114803
 40.900000 1.920336 1.483646 1.324335 1.551790 2.844452
 41.000000 1.915574 1.466348 1.368570 1.500839 3.194647
 41.100000 1.888066 1.599724 1.363532 1.529504 5.615556
 41.200000 1.939495 1.454800 1.305963 1.508864 1.640788
 41.300000 1.902247 1.514939 1.363531 1.553869 4.282843
 41.400000 1.916563 1.498807 1.364814 1.473635 3.120283
 41.500000 1.913143 1.528827 1.328351 1.545120 3.381285
 41.600000 1.920261 1.484148 1.334465 1.511482 2.849771
 41.700000 1.909078 1.501870 1.384276 1.519545 3.705211
 41.800000 1.903709 1.533835 1.337334 1.567278 4.155692
 41.900000 1.946069 1.496500 1.313539 1.479678 1.303636
 42.000000 1.919205 1.537429 1.356721 1.534434 2.925805
 42.100000 1.944641 1.471529 1.344067 1.535430 1.373581
 42.200000 1.938924 1.510406 1.333351 1.532306 1.671934
 42.300000 1.949138 1.523139 1.346919 1.486405 1.159472
 42.400000 1.956600 1.506429 1.349153 1.507956 0.844196
 42.500000 1.944896 1.513386 1.338848 1.547955 1.360958
 42.600000 1.970231 1.491120 1.324479 1.486916 0.397198
 42.700000 1.962240 1.537194 1.349534 1.524777 0.639060
 42.800000 1.960530 1.471515 1.342968 1.535354 0.698225
 42.900000 1.925196 1.471069 1.309910 1.549460 2.507953
 43.000000 1.936959 1.496799 1.381231 1.537830 1.781198
 43.100000 1.936151 1.465036 1.367326 1.517382 1.827149
 43.200000 1.907891 1.528161 1.298705 1.555718 3.802567
 43.300000 1.901110 1.520393 1.355413 1.489337 4.383065
 43.400000 1.879805 1.522504 1.384294 1.492714 6.475099
 43.500000 1.891450 1.535928 1.300136 1.513005 5.281163
 43.600000 1.874344 1.533521 1.331410 1.490106 7.076841
 43.700000 1.840629 1.485734 1.409455 1.501512 11.383951
 43.800000 1.876515 1.491139 1.311511 1.516010 6.834414
 43.900000 1.865517 1.535819 1.310057 1.506742 8.105945
 44.000000 1.875585 1.480474 1.382289 1.492499 6.937696
 44.100000 1.900928 1.496131 1.329658 1.526149 4.399190
 44.200000 1.900884 1.521458 1.303319 1.477220 4.403125
 44.300000 1.917855 1.525225 1.393414 1.493184 3.024372
 44.400000 1.955033 1.506573 1.336880 1.490461 0.906256
 44.500000 1.965666 1.558892 1.330170 1.493202 0.528345
 44.600000 1.969844 1.540347 1.363452 1.472076 0.407598
 44.700000 2.001565 1.577838 1.331755 1.486951 0.001097
 44.800000 2.017190 1.548613 1.332914 1.474377 0.132437
 44.900000 1.957675 1.530507 1.367049 1.505489 0.802926
 45.000000 1.974128 1.509780 1.346588 1.529055 0.300015
 45.100000 1.964207 1.510708 1.321633 1.518526 0.574198
 45.200000 1.935903 1.505045 1.365621 1.522534 1.841399
 45.300000 1.955111 1.505525 1.335517 1.511147 0.903138
 45.400000 1.925252 1.571966 1.322756 1.491544 2.504215
 45.500000 1.920945 1.549715 1.349900 1.469464 2.801081
 45.600000 1.899195 1.526971 1.332631 1.502536 4.554439
 45.700000 1.901620 1.529791 1.348482 1.516308 4.337991
 45.800000 1.915066 1.504168 1.345098 1.482382 3.233206
 45.900000 1.876569 1.494309 1.343610 1.588169 6.828421
 46.000000 1.916643 1.454797 1.345743 1.541867 3.114289
 46.100000 1.897789 1.528184 1.328348 1.504002 4.682350
 46.200000 1.890572 1.499097 1.332784 1.538883 5.366974
 46.300000 1.911580 1.474099 1.361437 1.542618 3.504100
 46.400000 1.915826 1.542627 1.338028 1.470868 3.175649
 46.500000 1.923760 1.520712 1.345949 1.489473 2.605160
 46.600000 1.890552 1.492330 1.358388 1.547670 5.368917
 46.700000 1.938735 1.513414 1.328602 1.462801 1.682289
 46.800000 1.910273 1.576565 1.341453 1.518727 3.608400
 46.900000 1.930104 1.434995 1.335211 1.516424 2.189633
 47.000000 1.911889 1.509966 1.334823 1.576254 3.479661
 47.100000 1.906458 1.507947 1.332440 1.506929 3.921779
 47.200000 1.919399 1.444680 1.373924 1.532104 2.911764
 47.300000 1.931555 1.510350 1.343557 1.562543 2.099721
 47.400000 1.939419 1.539201 1.307824 1.478201 1.644912
 47.500000 1.911031 1.542695 1.365385 1.522785 3.547685
 47.600000 1.933088 1.483102 1.344331 1.496167 2.006706
 47.700000 1.928349 1.573629 1.307365 1.481323 2.300983
 47.800000 1.927021 1.540637 1.367112 1.498013 2.387078
 47.900000 1.928966 1.438875 1.357299 1.503559 2.261509
 48.000000 1.914104 1.566514 1.333383 1.537881 3.306911
 48.100000 1.934450 1.528451 1.335730 1.453049 1.925812
 48.200000 1.907766 1.509014 1.358171 1.534123 3.812867
 48.300000 1.921872 1.524963 1.328471 1.509052 2.735828
 48.400000 1.937701 1.554957 1.332884 1.453537 1.739519
 48.500000 1.909407 1.570140 1.371621 1.513596 3.678391
 48.600000 1.947186 1.490414 1.338608 1.466922 1.250163
 48.700000 1.925235 1.557654 1.343339 1.528737 2.505376
 48.800000 1.932517 1.506598 1.355206 1.523518 2.041086
 48.900000 1.921934 1.491226 1.350160 1.510232 2.731464
 49.000000 1.921253 1.516149 1.313258 1.564603 2.779311
 49.100000 1.934217 1.467543 1.350862 1.515237 1.939515
 49.200000 1.890166 1.519166 1.361826 1.533192 5.406847
 49.300000 1.919444 1.520414 1.308804 1.480013 2.908499
 49.400000 1.906533 1.510638 1.342864 1.505540 3.915505
 49.500000 1.890093 1.509757 1.367907 1.517063 5.414074
 49.600000 1.911140 1.524406 1.320643 1.465743 3.539049
 49.700000 1.906214 1.539787 1.309607 1.534012 3.942256
 49.800000 1.903378 1.438371 1.387469 1.549600 4.184308
 49.900000 1.900966 1.479983 1.332317 1.527126 4.395784
 50.000000 1.926704 1.540715 1.316614 1.536541 2.407870
