#! FIELDS time d1 d2 d3 d4 rest.bias
 0.000000 2.646125 1.310384 1.494204 1.305841 9.570260
 0.100000 2.603474 1.318454 1.483354 1.314661 4.798788
 0.200000 2.541746 1.373176 1.452683 1.369298 0.781079
 0.300000 2.501628 1.335779 1.417411 1.347932 0.001188
 0.400000 2.560180 1.353757 1.388859 1.358458 1.623215
 0.500000 2.546216 1.319737 1.414097 1.299233 0.957333
 0.600000 2.608364 1.333875 1.500338 1.343893 5.263094
 0.700000 2.534705 1.334447 1.514559 1.358991 0.539836
 0.800000 2.519047 1.358577 1.517685 1.356090 0.162607
 0.900000 2.521274 1.343076 1.408053 1.322570 0.202840
 1.000000 2.534025 1.341430 1.414150 1.365317 0.518887
 1.100000 2.530915 1.322745 1.427648 1.317684 0.428350
 1.200000 2.623475 1.381589 1.516280 1.351631 6.833342
 1.300000 2.611027 1.294030 1.527700 1.310349 5.524938
 1.400000 2.622277 1.335523 1.506498 1.332397 6.701350
 1.500000 2.542182 1.339579 1.396688 1.339919 0.797509
 1.600000 2.506703 1.349155 1.371231 1.349410 0.020136
 1.700000 2.543832 1.371928 1.370921 1.350692 0.861105
 1.800000 2.535550 1.328740 1.444517 1.335046 0.566452
 1.900000 2.629548 1.338131 1.451525 1.341879 7.521951
 2.000000 2.597620 1.310269 1.514174 1.307277 4.271213
 2.100000 2.555197 1.357582 1.457870 1.334754 1.365542
 2.200000 2.532837 1.352930 1.437209 1.363445 0.483282
 2.300000 2.483624 1.349430 1.423165 1.348124 0.120197
 2.400000 2.553467 1.375515 1.421379 1.345338 1.281266
 2.500000 2.597465 1.304044 1.482996 1.328029 4.257613
 2.600000 2.606173 1.335263 1.512013 1.325006 5.052429
 2.700000 2.590383 1.336129 1.496109 1.332953 3.661365
 2.800000 2.550541 1.335042 1.420872 1.339991 1.144876
 2.900000 2.520936 1.362369 1.358599 1.354801 0.196453
 3.000000 2.502339 1.331732 1.378019 1.336817 0.002453
 3.100000 2.553334 1.358106 1.443021 1.368628 1.274917
 3.200000 2.594214 1.316254 1.521442 1.298551 3.978382
 3.300000 2.640287 1.332764 1.505112 1.329828 8.820788
 3.400000 2.577730 1.309799 1.482858 1.336577 2.707970
 3.500000 2.548409 1.362063 1.445759 1.344025 1.050321
 3.600000 2.505494 1.350604 1.393684 1.345468 0.013526
 3.700000 2.510951 1.336846 1.403921 1.348606 0.053747
 3.800000 2.524543 1.355617 1.446922 1.357622 0.269986
 3.900000 2.548350 1.325021 1.520012 1.311170 1.047746
 4.000000 2.614175 1.338902 1.527905 1.351206 5.842654
 4.100000 2.581290 1.317972 1.504372 1.313917 2.961722
 4.200000 2.554458 1.347847 1.468189 1.342237 1.329201
 4.300000 2.502935 1.346645 1.393778 1.369233 0.003861
 4.400000 2.522521 1.350010 1.391837 1.319307 0.227322
 4.500000 2.589782 1.339133 1.443217 1.342916 3.612891
 4.600000 2.584698 1.316223 1.529627 1.332159 3.215270
 4.700000 2.617533 1.340367 1.474181 1.322307 6.191393
 4.800000 2.569150 1.337877 1.462675 1.333233 2.143198
 4.900000 2.504351 1.338761 1.372726 1.335117 0.008486
 5.000000 2.509011 1.365994 1.383275 1.378500 0.036394
 5.100000 2.494425 1.358758 1.451792 1.336703 0.013930
 5.200000 2.581770 1.346412 1.463880 1.355195 2.996785
 5.300000 2.610901 1.307935 1.495466 1.305894 5.512417
 5.400000 2.626645 1.312525 1.495998 1.326076 7.188615
 5.500000 2.583022 1.353061 1.509854 1.334204 3.089280
 5.600000 2.493596 1.361233 1.465444 1.359827 0.018383
 5.700000 2.513857 1.353926 1.403264 1.385482 0.086067
 5.800000 2.549129 1.336549 1.395544 1.309824 1.081804
 5.900000 2.588352 1.345349 1.425568 1.346093 3.498685
 6.000000 2.585416 1.315564 1.497317 1.316492 3.269994
 6.100000 2.599614 1.347243 1.472020 1.376444 4.447457
 6.200000 2.538154 1.329046 1.448866 1.327712 0.652450
 6.300000 2.541271 1.367023 1.362765 1.349362 0.763415
 6.400000 2.516182 1.328148 1.406218 1.353851 0.117357
 6.500000 2.560939 1.346903 1.448130 1.336202 1.664416
 6.600000 2.580396 1.339625 1.508782 1.336528 2.896965
 6.700000 2.594163 1.327464 1.507900 1.316746 3.974020
 6.800000 2.615077 1.333784 1.507506 1.351698 5.935410
 6.900000 2.538768 1.299959 1.443206 1.307685 0.673631
 7.000000 2.545893 1.373934 1.417233 1.376942 0.943977
 7.100000 2.466487 1.336271 1.416505 1.336878 0.503383
 7.200000 2.548062 1.363538 1.428011 1.359314 1.035311
 7.300000 2.587601 1.294755 1.465907 1.309398 3.439451
 7.400000 2.600889 1.332292 1.530342 1.323768 4.562058
 7.500000 2.576588 1.347618 1.515459 1.347588 2.629012
 7.600000 2.519247 1.345624 1.470446 1.347371 0.166029
 7.700000 2.564590 1.327083 1.389472 1.356055 1.869808
 7.800000 2.533198 1.336000 1.398750 1.291488 0.493967
 7.900000 2.592811 1.361384 1.442781 1.370869 3.860730
 8.000000 2.576179 1.299226 1.509901 1.325495 2.600989
 8.100000 2.590795 1.366042 1.460113 1.341317 3.694865
 8.200000 2.576636 1.302445 1.445053 1.314731 2.632309
 8.300000 2.550025 1.350238 1.400989 1.346383 1.121610
 8.400000 2.493735 1.378115 1.405261 1.356724 0.017593
 8.500000 2.505549 1.341165 1.432954 1.356442 0.013799
 8.600000 2.590178 1.342221 1.416105 1.346174 3.644795
 8.700000 2.588355 1.314428 1.484329 1.288536 3.498957
 8.800000 2.599446 1.341101 1.470562 1.360835 4.432462
 8.900000 2.514895 1.325917 1.527122 1.359230 0.099443
 9.000000 2.538501 1.397805 1.428267 1.335995 0.664377
 9.100000 2.550040 1.314538 1.394986 1.344022 1.122290
 9.200000 2.569590 1.312986 1.415240 1.342311 2.170535
 9.300000 2.579274 1.371730 1.449861 1.328336 2.816671
 9.400000 2.551426 1.335110 1.473328 1.341033 1.185348
 9.500000 2.581142 1.337109 1.449483 1.365024 2.950954
 9.600000 2.556182 1.338729 1.413830 1.310132 1.414695
 9.700000 2.572905 1.331036 1.366827 1.332828 2.382274
 9.800000 2.539062 1.343206 1.424651 1.368580 0.683871
 9.900000 2.516819 1.358817 1.477584 1.331866 0.126783
 10.000000 2.586760 1.341012 1.479186 1.372965 3.373741
 10.100000 2.589853 1.297981 1.474647 1.298495 3.618602
 10.200000 2.622511 1.358470 1.428813 1.318800 6.727062
 10.300000 2.525164 1.325651 1.449475 1.352666 0.283818
 10.400000 2.487493 1.366366 1.439693 1.381390 0.070108
 10.500000 2.536306 1.366091 1.409758 1.325359 0.590775
 10.600000 2.573848 1.324012 1.428123 1.329455 2.444269
 10.700000 2.572127 1.309117 1.452934 1.340685 2.331665
 10.800000 2.590121 1.345077 1.495369 1.327087 3.640190
 10.900000 2.560570 1.362035 1.504761 1.338611 1.644339
 11.000000 2.561065 1.320483 1.467263 1.343016 1.671317
 11.100000 2.561406 1.350656 1.409330 1.337123 1.690031
 11.200000 2.520010 1.327222 1.415954 1.332520 0.179454
 11.300000 2.579352 1.353065 1.449438 1.334373 2.822225
 11.400000 2.545474 1.320807 1.492186 1.336532 0.926841
 11.500000 2.597596 1.344008 1.509285 1.328878 4.269089
 11.600000 2.575307 1.334135 1.463114 1.333232 2.541790
 11.700000 2.518072 1.320579 1.432394 1.339267 0.146382
 11.800000 2.564709 1.367020 1.406296 1.337484 1.876707
 11.900000 2.513782 1.325903 1.431544 1.350734 0.085139
 12.000000 2.582736 1.352010 1.464341 1.347150 3.068009
 12.100000 2.612530 1.328854 1.450598 1.307766 5.675583
 12.200000 2.592201 1.335056 1.458495 1.321337 3.810161
 12.300000 2.568345 1.313175 1.429776 1.351265 2.093558
 12.400000 2.516499 1.362902 1.442614 1.368457 0.122007
 12.500000 2.523711 1.377666 1.419930 1.327883 0.251988
 12.600000 2.548828 1.303529 1.412853 1.378424 1.068579
 12.700000 2.585935 1.340954 1.430346 1.312734 3.309885
 12.800000 2.623111 1.344256 1.521872 1.301413 6.793071
 12.900000 2.575004 1.309418 1.515622 1.353480 2.521373
 13.000000 2.556837 1.377001 1.480646 1.354233 1.447879
 13.100000 2.514674 1.339901 1.406752 1.328453 0.096509
 13.200000 2.552332 1.331988 1.364891 1.344356 1.227477
 13.300000 2.551153 1.340077 1.430443 1.321280 1.172787
 13.400000 2.570425 1.350078 1.485314 1.342102 2.222945
 13.500000 2.584437 1.320357 1.506088 1.359279 3.195501
 13.600000 2.576229 1.342990 1.452719 1.311322 2.604409
 13.700000 2.553260 1.365623 1.412426 1.326733 1.271385
 13.800000 2.523727 1.307927 1.399553 1.349154 0.252323
 13.900000 2.531425 1.372052 1.435561 1.360505 0.442598
 14.000000 2.521788 1.343396 1.487208 1.326493 0.212766
 14.100000 2.590596 1.346769 1.490084 1.349576 3.678630
 14.200000 2.570788 1.317510 1.485100 1.324245 2.245932
 14.300000 2.592643 1.315948 1.467142 1.323456 3.846755
 14.400000 2.530455 1.377179 1.423865 1.352893 0.415705
 14.500000 2.484034 1.344068 1.426184 1.356404 0.114250
 14.600000 2.572714 1.349573 1.404582 1.362183 2.369798
 14.700000 2.563513 1.325479 1.450767 1.304240 1.808021
 14.800000 2.637880 1.342720 1.465414 1.319244 8.520647
 14.900000 2.581843 1.302386 1.492063 1.334287 3.002183
 15.000000 2.537818 1.371095 1.469244 1.362224 0.641008
 15.100000 2.535210 1.353542 1.426732 1.331430 0.555660
 15.200000 2.528363 1.336367 1.374935 1.358611 0.360556
 15.300000 2.558039 1.346087 1.433143 1.307225 1.509771
 15.400000 2.571216 1.326019 1.463278 1.356770 2.273159
 15.500000 2.547277 1.350932 1.506910 1.355927 1.001780
 15.600000 2.582584 1.348624 1.494802 1.296082 3.056791
 15.700000 2.592108 1.330448 1.444656 1.356383 3.802488
 15.800000 2.519576 1.301360 1.432519 1.333722 0.171766
 15.900000 2.543624 1.424899 1.403813 1.348668 0.852943
 16.000000 2.531483 1.319172 1.419826 1.330775 0.444247
 16.100000 2.606350 1.332054 1.458630 1.356143 5.069288
 16.200000 2.588523 1.339527 1.447755 1.294810 3.512220
 16.300000 2.573980 1.326270 1.463061 1.349903 2.453024
 16.400000 2.545901 1.358537 1.419786 1.370691 0.944304
 16.500000 2.500849 1.365546 1.442019 1.320092 0.000323
 16.600000 2.557255 1.327549 1.410130 1.360760 1.469253
 16.700000 2.572274 1.337867 1.437602 1.336074 2.341168
 16.800000 2.562519 1.330245 1.478805 1.314143 1.751852
 16.900000 2.574897 1.335308 1.474533 1.366994 2.514237
 17.000000 2.538478 1.336569 1.469792 1.331629 0.663598
 17.100000 2.573590 1.366074 1.399838 1.325707 2.427224
 17.200000 2.536611 1.301219 1.402990 1.360516 0.600739
 17.300000 2.528612 1.358816 1.400000 1.347643 0.366920
 17.400000 2.572796 1.388934 1.484545 1.331275 2.375099
 17.500000 2.564580 1.295191 1.473388 1.335856 1.869224
 17.600000 2.609355 1.345951 1.463873 1.346405 5.359758
 17.700000 2.550526 1.322344 1.430342 1.307248 1.144212
 17.800000 2.533251 1.363804 1.427617 1.391357 0.495535
 17.900000 2.535807 1.328425 1.440415 1.308527 0.574644
 18.000000 2.548699 1.351063 1.472276 1.343071 1.062947
 18.100000 2.555931 1.320399 1.466933 1.363854 1.402070
 18.200000 2.552789 1.353104 1.508253 1.313836 1.248978
 18.300000 2.563932 1.351918 1.443018 1.344240 1.831905
 18.400000 2.556854 1.301258 1.465554 1.350662 1.448731
 18.500000 2.533816 1.370155 1.418761 1.338029 0.512519
 18.600000 2.536734 1.362883 1.443509 1.319521 0.604808
 18.700000 2.577551 1.320464 1.449348 1.365891 2.695554
 18.800000 2.580757 1.329374 1.476567 1.320728 2.923018
 18.900000 2.599699 1.334522 1.465892 1.321239 4.455031
 19.000000 2.564905 1.332095 1.437960 1.336884 1.888131
 19.100000 2.530181 1.347211 1.407487 1.344539 0.408256
 19.200000 2.544545 1.340844 1.408653 1.342198 0.889355
 19.300000 2.536486 1.326964 1.439820 1.360400 0.596663
 19.400000 2.577829 1.363608 1.463842 1.323549 2.714913
 19.500000 2.558007 1.328216 1.474704 1.340688 1.508115
 19.600000 2.588655 1.312502 1.455178 1.354238 3.522714
 19.700000 2.571627 1.354816 1.471623 1.310414 2.299434
 19.800000 2.534837 1.356581 1.451630 1.352876 0.543940
 19.900000 2.539668 1.320764 1.455814 1.379446 0.705260
 20.000000 2.555147 1.376675 1.411572 1.329091 1.363074
 20.100000 2.580136 1.348251 1.435452 1.310278 2.878252
 20.200000 2.583113 1.300695 1.452892 1.362635 3.096083
 20.300000 2.556205 1.363328 1.441672 1.340883 1.415842
 20.400000 2.540632 1.341145 1.424568 1.340369 0.739974
 20.500000 2.547468 1.339899 1.406895 1.361172 1.009894
 20.600000 2.540181 1.344700 1.417357 1.314106 0.723635
 20.700000 2.595143 1.330892 1.481584 1.343240 4.057201
 20.800000 2.555424 1.330283 1.462304 1.355750 1.376802
 20.900000 2.573604 1.350058 1.479019 1.307140 2.428158
 21.000000 2.581713 1.330412 1.430284 1.360492 2.992636
 21.100000 2.536555 1.304166 1.459170 1.344704 0.598921
 21.200000 2.553827 1.381983 1.436323 1.316582 1.298571
 21.300000 2.501193 1.329589 1.461263 1.375013 0.000638
 21.400000 2.562691 1.335970 1.445577 1.342170 1.761503
 21.500000 2.577333 1.339786 1.463239 1.327730 2.680442
 21.600000 2.576102 1.308708 1.450488 1.335826 2.595774
 21.700000 2.555605 1.357445 1.488501 1.314097 1.385773
 21.800000 2.529566 1.339710 1.429044 1.358807 0.391800
 21.900000 2.549173 1.327903 1.435957 1.368670 1.083756
 22.000000 2.564194 1.351423 1.442722 1.306491 1.846956
 22.100000 2.596056 1.343168 1.466162 1.322192 4.135442
 22.200000 2.591174 1.274107 1.489558 1.383324 3.725771
 22.300000 2.566527 1.374199 1.480573 1.339433 1.983671
 22.400000 2.531284 1.379777 1.442858 1.297807 0.438634
 22.500000 2.550074 1.309389 1.410822 1.380303 1.123799
 22.600000 2.522885 1.342961 1.426960 1.345660 0.234735
 22.700000 2.546109 1.377629 1.442843 1.317927 0.952890
 22.800000 2.552314 1.309505 1.493660 1.363988 1.226621
 22.900000 2.587917 1.332963 1.474008 1.318293 3.464301
 23.000000 2.580637 1.348022 1.471298 1.323024 2.914336
 23.100000 2.526863 1.316897 1.437512 1.337604 0.323434
 23.200000 2.545806 1.365243 1.432981 1.365762 0.940419
 23.300000 2.533628 1.338144 1.437274 1.315786 0.506830
 23.400000 2.615341 1.323455 1.434383 1.370487 5.962603
 23.500000 2.616099 1.327011 1.466056 1.304326 6.041302
 23.600000 2.567675 1.357768 1.467768 1.305724 2.052716
 23.700000 2.556530 1.336599 1.426578 1.401700 1.432272
 23.800000 2.501983 1.343602 1.415613 1.321259 0.001762
 23.900000 2.569704 1.380181 1.370968 1.350266 2.177641
 24.000000 2.547691 1.271877 1.441341 1.350667 1.019388
 24.100000 2.571912 1.378516 1.486318 1.344188 2.317791
 24.200000 2.582528 1.345190 1.491851 1.328776 3.052609
 24.300000 2.568488 1.305964 1.478027 1.346199 2.102338
 24.400000 2.582898 1.360277 1.416408 1.320629 3.080042
 24.500000 2.525722 1.333794 1.418425 1.340185 0.296541
 24.600000 2.508305 1.339008 1.411949 1.399577 0.030915
 24.700000 2.553065 1.374477 1.458653 1.310749 1.262061
 24.800000 2.580491 1.329068 1.463650 1.336608 2.903825
 24.900000 2.589840 1.287341 1.466525 1.358489 3.617511
 25.000000 2.583619 1.374998 1.458464 1.302400 3.133861
 25.100000 2.531369 1.374227 1.425626 1.351053 0.441028
 25.200000 2.526327 1.307720 1.425758 1.383219 0.310657
 25.300000 2.549060 1.368598 1.399259 1.313824 1.078774
 25.400000 2.556948 1.342262 1.462882 1.312602 1.453566
 25.500000 2.594375 1.307271 1.465185 1.376463 3.991948
 25.600000 2.560755 1.363292 1.509956 1.314594 1.654405
 25.700000 2.594921 1.330685 1.463831 1.326678 4.038250
 25.800000 2.579043 1.313292 1.446234 1.367858 2.800292
 25.900000 2.498474 1.348691 1.416768 1.307092 0.001044
 26.000000 2.533143 1.367304 1.436857 1.362205 0.492321
 26.100000 2.517694 1.314133 1.457972 1.356428 0.140325
 26.200000 2.590119 1.366328 1.466195 1.311671 3.640048
 26.300000 2.594838 1.311392 1.492063 1.328529 4.031208
 26.400000 2.548156 1.313672 1.486524 1.372956 1.039385
 26.500000 2.560893 1.362493 1.465041 1.321126 1.661916
 26.600000 2.532336 1.343527 1.429586 1.340958 0.468653
 26.700000 2.566198 1.324152 1.422514 1.356922 1.964094
 26.800000 2.572505 1.343268 1.425234 1.319825 2.356187
 26.900000 2.581077 1.336083 1.440498 1.339279 2.946223
 27.000000 2.599366 1.317565 1.472132 1.310787 4.425357
 27.100000 2.567472 1.364392 1.449601 1.361497 2.040390
 27.200000 2.527100 1.333593 1.426307 1.333794 0.329164
 27.300000 2.531187 1.366869 1.378829 1.353189 0.435942
 27.400000 2.539508 1.329301 1.425597 1.318308 0.699593
 27.500000 2.590003 1.334099 1.466780 1.357212 3.630630
 27.600000 2.559598 1.340301 1.521906 1.323403 1.591991
 27.700000 2.586207 1.350550 1.536770 1.327457 3.330902
 27.800000 2.560131 1.324549 1.458913 1.359678 1.620551
 27.900000 2.539209 1.336519 1.426982 1.322092 0.689030
 28.000000 2.544178 1.363636 1.402965 1.346108 0.874734
 28.100000 2.507591 1.321497 1.397230 1.369421 0.025825
 28.200000 2.592952 1.372155 1.429378 1.338438 3.872463
 28.300000 2.567184 1.327055 1.457098 1.313554 2.023053
 28.400000 2.601012 1.326661 1.443652 1.363010 4.573190
 28.500000 2.550859 1.344820 1.420720 1.308463 1.159315
 28.600000 2.536881 1.376288 1.398340 1.359551 0.609646
 28.700000 2.543793 1.290026 1.421149 1.365582 0.859580
 28.800000 2.570549 1.378628 1.465297 1.314324 2.230760
 28.900000 2.580703 1.342596 1.487973 1.302889 2.919099
 29.000000 2.576902 1.305037 1.517265 1.376655 2.650616
 29.100000 2.546272 1.360664 1.455101 1.345987 0.959642
 29.200000 2.537769 1.378980 1.411101 1.311526 0.639353
 29.300000 2.545570 1.294774 1.367043 1.387663 0.930737
 29.400000 2.543723 1.359940 1.441632 1.320463 0.856822
 29.500000 2.563629 1.382223 1.514594 1.331476 1.814628
 29.600000 2.557383 1.309569 1.492563 1.362971 1.475833
 29.700000 2.598754 1.337462 1.438927 1.315760 4.371025
 29.800000 2.583690 1.339879 1.398769 1.302846 3.139190
 29.900000 2.505521 1.320479 1.424134 1.399721 0.013662
 30.000000 2.519693 1.385596 1.444582 1.343779 0.173825
 30.100000 2.576539 1.361259 1.482968 1.296526 2.625620
 30.200000 2.605268 1.281579 1.479499 1.346570 4.966683
 30.300000 2.580391 1.346416 1.484877 1.350984 2.896560
 30.400000 2.510211 1.396748 1.458147 1.317467 0.046733
 30.500000 2.532830 1.313781 1.446592 1.384149 0.483070
 30.600000 2.548647 1.335227 1.392703 1.335407 1.060682
 30.700000 2.545518 1.360609 1.445640 1.307386 0.928616
 30.800000 2.566152 1.345161 1.486629 1.366493 1.961351
 30.900000 2.561390 1.333643 1.492627 1.347488 1.689171
 31.000000 2.602062 1.340817 1.476844 1.317071 4.668709
 31.100000 2.575634 1.311854 1.414669 1.327512 2.563922
 31.200000 2.535237 1.359848 1.376436 1.336917 0.556495
 31.300000 2.528966 1.361325 1.410835 1.345470 0.376064
 31.400000 2.525248 1.334963 1.454802 1.364450 0.285720
 31.500000 2.590596 1.362680 1.467180 1.329468 3.678633
 31.600000 2.595701 1.309932 1.487661 1.301552 4.104928
 31.700000 2.612524 1.313887 1.446367 1.348923 5.674933
 31.800000 2.552795 1.364573 1.459705 1.336867 1.249291
 31.900000 2.504239 1.360619 1.449985 1.341654 0.008055
 32.000000 2.538459 1.346323 1.422682 1.378245 0.662916
 32.100000 2.539986 1.331134 1.436623 1.308684 0.716628
 32.200000 2.611656 1.344540 1.422147 1.335404 5.587779
 32.300000 2.588158 1.309255 1.508764 1.325615 3.483322
 32.400000 2.566539 1.365324 1.472597 1.349593 1.984370
 32.500000 2.559272 1.340174 1.452662 1.342024 1.574617
 32.600000 2.530181 1.319526 1.395811 1.338012 0.408264
 32.700000 2.553324 1.376060 1.390297 1.348517 1.274429
 32.800000 2.539138 1.315279 1.454467 1.319801 0.686548
 32.900000 2.586767 1.358418 1.474268 1.384561 3.374296
 33.000000 2.580622 1.322036 1.504111 1.285752 2.913275
 33.100000 2.603058 1.345667 1.464648 1.357800 4.760303
 33.200000 2.558548 1.309969 1.438965 1.331714 1.536347
 33.300000 2.549581 1.355972 1.434728 1.334502 1.101817
 33.400000 2.498482 1.359973 1.413627 1.363061 0.001033
 33.500000 2.524715 1.335154 1.445884 1.359781 0.273765
 33.600000 2.584043 1.355359 1.432831 1.325388 3.165712
 33.700000 2.594134 1.301679 1.491161 1.308425 3.971586
 33.800000 2.587632 1.334402 1.477051 1.348911 3.441917
 33.900000 2.527656 1.356652 1.476654 1.332555 0.342807
 34.000000 2.547954 1.351367 1.419446 1.354236 1.030693
 34.100000 2.546840 1.311834 1.388834 1.335238 0.983350
 34.200000 2.578088 1.339945 1.394421 1.307825 2.733000
 34.300000 2.572106 1.326148 1.459694 1.344136 2.330335
 34.400000 2.564408 1.350180 1.533716 1.346143 1.859281
 34.500000 2.574202 1.360667 1.477797 1.342812 2.467766
 34.600000 2.562387 1.304746 1.439329 1.340851 1.744457
 34.700000 2.567441 1.322742 1.368031 1.319796 2.038527
 34.800000 2.526427 1.383644 1.429461 1.327408 0.313011
 34.900000 2.508485 1.338284 1.462202 1.396369 0.032269
 35.000000 2.548576 1.349637 1.520404 1.341545 1.057587
 35.100000 2.616933 1.346284 1.439696 1.305605 6.128369
 35.200000 2.601660 1.286333 1.471102 1.321048 4.632031
 35.300000 2.547145 1.355791 1.428308 1.372753 0.996199
 35.400000 2.512709 1.384497 1.457068 1.341362 0.072392
 35.500000 2.533866 1.323126 1.405068 1.354654 0.514040
 35.600000 2.597058 1.334785 1.412913 1.351704 4.222163
 35.700000 2.568252 1.331642 1.460774 1.287460 2.087837
 35.800000 2.623111 1.325098 1.482011 1.390263 6.793015
 35.900000 2.513399 1.342195 1.473703 1.377490 0.080466
 36.000000 2.543103 1.377031 1.425397 1.309032 0.832709
 36.100000 2.573132 1.312084 1.388393 1.376639 2.397103
 36.200000 2.538188 1.315206 1.450646 1.329914 0.653627
 36.300000 2.567724 1.391559 1.496657 1.321608 2.055704
 36.400000 2.554905 1.323375 1.511320 1.383416 1.351111
 36.500000 2.559904 1.311163 1.486310 1.352465 1.608380
 36.600000 2.598272 1.378645 1.412329 1.290590 4.328422
 36.700000 2.533832 1.320475 1.429901 1.351922 0.513003
 36.800000 2.535026 1.348830 1.446194 1.383275 0.549868
 36.900000 2.562603 1.371207 1.462841 1.314250 1.756580
 37.000000 2.589106 1.306316 1.451939 1.324090 3.558692
 37.100000 2.613377 1.323912 1.385846 1.378474 5.761316
 37.200000 2.514372 1.344020 1.406143 1.300485 0.092583
 37.300000 2.571058 1.354782 1.416329 1.379161 2.263093
 37.400000 2.546019 1.309692 1.443937 1.349730 0.949182
 37.500000 2.569952 1.372012 1.478377 1.301896 2.193193
 37.600000 2.592754 1.345785 1.453260 1.368393 3.856035
 37.700000 2.524507 1.285506 1.508404 1.364643 0.269189
 37.800000 2.559729 1.401530 1.436885 1.336711 1.598968
 37.900000 2.532413 1.330210 1.454002 1.333142 0.470866
 38.000000 2.542063 1.319038 1.415642 1.371046 0.793005
 38.100000 2.598058 1.356079 1.475808 1.316940 4.309613
 38.200000 2.567498 1.339955 1.476989 1.322437 2.041978
 38.300000 2.573988 1.316289 1.481594 1.386812 2.453547
 38.400000 2.559471 1.338412 1.411920 1.312845 1.585177
 38.500000 2.555063 1.350597 1.403164 1.340821 1.358904
 38.600000 2.549557 1.316517 1.409258 1.341683 1.100714
 38.700000 2.527831 1.383133 1.450222 1.357457 0.347163
 38.800000 2.561963 1.336655 1.481830 1.337620 1.720842
 38.900000 2.602640 1.322676 1.480503 1.329221 4.721736
 39.000000 2.584482 1.332971 1.443172 1.317388 3.198913
 39.100000 2.566148 1.336709 1.455050 1.353626 1.961137
 39.200000 2.507020 1.334120 1.442292 1.351642 0.022085
 39.300000 2.533698 1.377547 1.450374 1.343965 0.508950
 39.400000 2.534064 1.319095 1.460935 1.332813 0.520083
 39.500000 2.578138 1.330857 1.448429 1.350587 2.736506
 39.600000 2.577350 1.321147 1.483265 1.314484 2.681612
 39.700000 2.566028 1.350065 1.442995 1.342236 1.954001
 39.800000 2.559384 1.330041 1.454352 1.354149 1.580576
 39.900000 2.516391 1.338604 1.423352 1.331485 0.120410
 40.000000 2.578196 1.370945 1.416481 1.358209 2.740597
 40.100000 2.548411 1.309153 1.454246 1.299701 1.050414
 40.200000 2.594582 1.361244 1.444193 1.364400 4.009482
 40.300000 2.567966 1.299148 1.451435 1.328562 2.070419
 40.400000 2.569210 1.368823 1.438266 1.342009 2.146871
 40.500000 2.542782 1.338363 1.436807 1.315826 0.820358
 40.600000 2.548319 1.315732 1.477801 1.360757 1.046411
 40.700000 2.546094 1.388513 1.455311 1.357791 0.952289
 40.800000 2.562167 1.321766 1.502737 1.310213 1.732187
 40.900000 2.586409 1.330884 1.420960 1.359097 3.346522
 41.000000 2.573455 1.321852 1.451710 1.310180 2.418307
 41.100000 2.540752 1.358910 1.435220 1.360248 0.744323
 41.200000 2.498941 1.339687 1.471177 1.377772 0.000502
 41.300000 2.569443 1.365995 1.439122 1.340048 2.161366
 41.400000 2.598928 1.324672 1.443146 1.319910 4.386389
 41.500000 2.594874 1.299748 1.440208 1.335399 4.034317
 41.600000 2.567994 1.373824 1.438848 1.341694 2.072124
 41.700000 2.518974 1.355995 1.453439 1.331918 0.161364
 41.800000 2.564281 1.320132 1.425909 1.370807 1.851987
 41.900000 2.544934 1.337630 1.412770 1.332321 0.904932
 42.000000 2.563399 1.373259 1.450144 1.312150 1.801486
 42.100000 2.584164 1.313987 1.455037 1.364417 3.174839
 42.200000 2.578625 1.325749 1.495066 1.333281 2.770758
 42.300000 2.567013 1.358850 1.440380 1.317145 2.012723
 42.400000 2.547577 1.343235 1.427023 1.375964 1.014536
 42.500000 2.509779 1.342646 1.436424 1.322443 0.042858
 42.600000 2.552646 1.360812 1.434788 1.368759 1.242230
 42.700000 2.564920 1.333841 1.461149 1.318733 1.889003
 42.800000 2.591153 1.328142 1.461290 1.323952 3.724005
 42.900000 2.603758 1.320657 1.437258 1.357322 4.825233
 43.000000 2.559674 1.327585 1.442966 1.335503 1.596056
 43.100000 2.547435 1.369010 1.436570 1.337442 1.008486
 43.200000 2.517768 1.332108 1.431339 1.342647 0.141500
 43.300000 2.546166 1.348556 1.431674 1.393848 0.955249
 43.400000 2.578123 1.326267 1.443367 1.296555 2.735421
 43.500000 2.625622 1.342771 1.486317 1.315543 7.072951
 43.600000 2.576817 1.313395 1.469777 1.330265 2.644729
 43.700000 2.545579 1.345971 1.507821 1.360409 0.931121
 43.800000 2.526889 1.360492 1.444531 1.334391 0.324062
 43.900000 2.523247 1.338671 1.439318 1.344928 0.242211
 44.000000 2.568267 1.335591 1.379649 1.348596 2.088770
 44.100000 2.559427 1.314434 1.464676 1.324380 1.582837
 44.200000 2.560774 1.364212 1.479857 1.334189 1.655394
 44.300000 2.543204 1.372834 1.497540 1.331327 0.836596
 44.400000 2.561676 1.318962 1.442980 1.342655 1.704916
 44.500000 2.574553 1.319780 1.409143 1.337672 2.491149
 44.600000 2.562533 1.340515 1.433314 1.329715 1.752658
 44.700000 2.546002 1.392743 1.451371 1.345559 0.948466
 44.800000 2.563884 1.313412 1.459955 1.348841 1.829152
 44.900000 2.597571 1.313057 1.438464 1.326660 4.266871
 45.000000 2.564111 1.349770 1.440084 1.314565 1.842224
 45.100000 2.549821 1.343715 1.483931 1.342418 1.112503
 45.200000 2.495534 1.365733 1.459890 1.402009 0.008940
 45.300000 2.571721 1.325446 1.448423 1.319063 2.305509
 45.400000 2.604144 1.329859 1.419174 1.311862 4.861184
 45.500000 2.550660 1.338202 1.466650 1.340598 1.150288
 45.600000 2.536727 1.340238 1.482185 1.378885 0.604571
 45.700000 2.527642 1.392475 1.442713 1.342366 0.342459
 45.800000 2.593058 1.307918 1.405326 1.312068 3.881304
 45.900000 2.590576 1.322448 1.406314 1.347053 3.677040
 46.000000 2.546530 1.347167 1.436601 1.332396 0.970381
 46.100000 2.556982 1.351293 1.442066 1.372808 1.455287
 46.200000 2.537967 1.343782 1.442830 1.313191 0.646076
 46.300000 2.606257 1.337864 1.413977 1.321394 5.060459
 46.400000 2.565363 1.313021 1.455196 1.343755 1.914874
 46.500000 2.539608 1.348712 1.462239 1.346293 0.703140
 46.600000 2.561577 1.369709 1.472620 1.329155 1.699477
 46.700000 2.564129 1.313839 1.437189 1.339170 1.843209
 46.800000 2.581226 1.302593 1.446142 1.354361 2.957077
 46.900000 2.542490 1.389637 1.441112 1.295099 0.809179
 47.000000 2.519577 1.336639 1.484545 1.383963 0.171773
 47.100000 2.556450 1.335744 1.424229 1.359589 1.428221
 47.200000 2.591608 1.342478 1.424465 1.308037 3.761339
 47.300000 2.576676 1.313326 1.401283 1.318142 2.635033
 47.400000 2.547587 1.361607 1.449552 1.360459 1.014969
 47.500000 2.535427 1.335353 1.431326 1.340810 0.562516
 47.600000 2.589694 1.338457 1.447695 1.345423 3.605757
 47.700000 2.585228 1.304573 1.446294 1.317838 3.255653
 47.800000 2.589235 1.355492 1.460535 1.329996 3.568948
 47.900000 2.548216 1.335723 1.476699 1.338459 1.041973
 48.000000 2.537317 1.317757 1.440549 1.386077 0.624158
 48.100000 2.524820 1.374911 1.430713 1.310267 0.276099
 48.200000 2.534480 1.335492 1.450261 1.329418 0.532861
 48.300000 2.547912 1.323025 1.485286 1.368307 1.028885
 48.400000 2.559351 1.360201 1.483756 1.335473 1.578798
 48.500000 2.555818 1.337565 1.500610 1.325430 1.396428
 48.600000 2.596581 1.310736 1.453575 1.346023 4.180787
 48.700000 2.544639 1.341654 1.448536 1.337209 0.893107
 48.800000 2.529052 1.355283 1.428934 1.332830 0.378284
 48.900000 2.559214 1.348992 1.428385 1.361433 1.571543
 49.000000 2.567576 1.324900 1.435290 1.307575 2.046740
 49.100000 2.634752 1.319032 1.428244 1.340031 8.138430
 49.200000 2.554360 1.329302 1.455997 1.344778 1.324442
 49.300000 2.546369 1.377190 1.423677 1.336578 0.963660
 49.400000 2.559724 1.332231 1.431318 1.338241 1.598722
 49.500000 2.557370 1.317020 1.397254 1.343046 1.475180
 49.600000 2.577035 1.350977 1.419683 1.344191 2.659820
 49.700000 2.540217 1.330509 1.452566 1.325851 0.724907
 49.800000 2.584501 1.357317 1.463803 1.351155 3.200345
 49.900000 2.553101 1.312968 1.458827 1.336206 1.263797
 50.000000 2.538871 1.359142 1.434909 1.332179 0.677218
