#! FIELDS time d1 d2 d3 d4 rest.bias
 0.000000 3.956308 1.394011 1.510131 1.394575 1.421034
 0.100000 3.818972 1.333293 1.540833 1.328789 2.942646
 0.200000 3.882433 1.427475 1.421771 1.410809 0.138315
 0.300000 3.805349 1.346498 1.454048 1.352991 4.015312
 0.400000 3.893624 1.398923 1.538823 1.391509 0.018221
 0.500000 3.882533 1.336102 1.538383 1.351554 0.136751
 0.600000 3.844233 1.384774 1.517522 1.376473 1.393859
 0.700000 3.865183 1.391297 1.419511 1.409553 0.543325
 0.800000 3.815594 1.350337 1.460268 1.354642 3.193109
 0.900000 3.907488 1.384565 1.530974 1.417925 0.025132
 1.000000 3.848146 1.317570 1.550699 1.333153 1.205149
 1.100000 3.904216 1.416058 1.493040 1.417049 0.007967
 1.200000 3.782898 1.349841 1.430584 1.335567 6.146092
 1.300000 3.902328 1.433464 1.424836 1.416695 0.002429
 1.400000 3.836297 1.340835 1.581869 1.309987 1.818825
 1.500000 3.921744 1.394016 1.486716 1.402138 0.211908
 1.600000 3.800071 1.343954 1.502633 1.361245 4.475648
 1.700000 3.884473 1.398376 1.428543 1.422194 0.108062
 1.800000 3.828751 1.328335 1.511811 1.374166 2.275252
 1.900000 3.888555 1.391986 1.494982 1.378176 0.058713
 2.000000 3.875002 1.343907 1.544584 1.342553 0.280079
 2.100000 3.857096 1.402318 1.507512 1.373098 0.825042
 2.200000 3.848183 1.404420 1.409324 1.372317 1.203429
 2.300000 3.833741 1.385658 1.491428 1.363578 1.967739
 2.400000 3.925758 1.350732 1.535197 1.401536 0.297374
 2.500000 3.867983 1.311242 1.564215 1.346386 0.459443
 2.600000 3.866605 1.385995 1.459775 1.445114 0.499848
 2.700000 3.828812 1.353299 1.439238 1.353800 2.271342
 2.800000 3.871600 1.431539 1.487774 1.383574 0.361493
 2.900000 3.843327 1.365803 1.542108 1.308448 1.439544
 3.000000 3.916773 1.407755 1.505309 1.379671 0.126097
 3.100000 3.804348 1.336180 1.488694 1.362771 4.100749
 3.200000 3.879353 1.395551 1.398822 1.451593 0.191061
 3.300000 3.809456 1.314462 1.546718 1.386669 3.674475
 3.400000 3.935271 1.362347 1.533712 1.399463 0.557594
 3.500000 3.836763 1.350643 1.526641 1.352175 1.792331
 3.600000 3.864673 1.417670 1.441096 1.374473 0.559361
 3.700000 3.838460 1.401450 1.434729 1.342121 1.697437
 3.800000 3.854777 1.429766 1.531702 1.343994 0.916605
 3.900000 3.898620 1.352667 1.522227 1.377651 0.000854
 4.000000 3.854649 1.353960 1.556786 1.376122 0.921808
 4.100000 3.869300 1.349211 1.439985 1.433811 0.422430
 4.200000 3.833520 1.342772 1.433062 1.374649 1.980868
 4.300000 3.889958 1.418685 1.515160 1.399865 0.045196
 4.400000 3.827512 1.361688 1.542957 1.296860 2.355053
 4.500000 3.900352 1.460797 1.505057 1.381753 0.000055
 4.600000 3.805449 1.353062 1.481599 1.318843 4.006871
 4.700000 3.900152 1.402130 1.418646 1.428450 0.000010
 4.800000 3.821004 1.327323 1.513261 1.371323 2.796919
 4.900000 3.917482 1.347276 1.514517 1.408225 0.136977
 5.000000 3.845065 1.350042 1.578592 1.377613 1.352593
 5.100000 3.839653 1.406452 1.423471 1.378093 1.632259
 5.200000 3.838602 1.431500 1.429690 1.331334 1.689604
 5.300000 3.885545 1.417211 1.534326 1.313375 0.093655
 5.400000 3.897477 1.379010 1.540502 1.339370 0.002852
 5.500000 3.836261 1.385906 1.519303 1.388991 1.820873
 5.600000 3.858835 1.333704 1.445124 1.423919 0.759495
 5.700000 3.839689 1.328990 1.472238 1.419625 1.630286
 5.800000 3.882317 1.358439 1.487335 1.413127 0.140150
 5.900000 3.868772 1.361547 1.524818 1.341565 0.437077
 6.000000 3.872837 1.442844 1.489313 1.366097 0.330683
 6.100000 3.800894 1.405427 1.425986 1.313285 4.402191
 6.200000 3.883749 1.432326 1.460312 1.401074 0.118369
 6.300000 3.878170 1.314108 1.595854 1.333806 0.213581
 6.400000 3.909582 1.337965 1.490369 1.438820 0.041154
 6.500000 3.811471 1.334880 1.482521 1.400794 3.512716
 6.600000 3.871918 1.373474 1.434519 1.415522 0.353441
 6.700000 3.855074 1.384530 1.525202 1.333213 0.904604
 6.800000 3.890799 1.423284 1.508327 1.338866 0.037942
 6.900000 3.847295 1.407574 1.541462 1.291416 1.244997
 7.000000 3.887874 1.420331 1.494238 1.373301 0.065907
 7.100000 3.829147 1.353595 1.434346 1.375841 2.250052
 7.200000 3.864530 1.347566 1.478866 1.432319 0.563888
 7.300000 3.871136 1.328013 1.516784 1.403939 0.373420
 7.400000 3.870642 1.348914 1.548637 1.386957 0.386295
 7.500000 3.865691 1.428721 1.451964 1.372335 0.527589
 7.600000 3.819962 1.391841 1.445791 1.329360 2.871199
 7.700000 3.895029 1.433316 1.480247 1.373031 0.011078
 7.800000 3.848395 1.350560 1.534446 1.309598 1.193612
 7.900000 3.910599 1.383180 1.520208 1.438447 0.050346
 8.000000 3.787354 1.324853 1.462417 1.366802 5.687255
 8.100000 3.872970 1.372989 1.426180 1.460665 0.327455
 8.200000 3.852696 1.343335 1.533919 1.348156 1.002935
 8.300000 3.920594 1.382683 1.515501 1.369301 0.190095
 8.400000 3.829062 1.398724 1.541403 1.319092 2.255433
 8.500000 3.867179 1.428495 1.432722 1.381936 0.482821
 8.600000 3.805534 1.373008 1.458791 1.370034 3.999698
 8.700000 3.885890 1.356544 1.498516 1.414378 0.089238
 8.800000 3.884076 1.322633 1.524258 1.379475 0.113652
 8.900000 3.865975 1.352723 1.515913 1.405982 0.518888
 9.000000 3.846671 1.402160 1.436951 1.371683 1.274697
 9.100000 3.821873 1.380144 1.468438 1.353902 2.735764
 9.200000 3.904913 1.424917 1.506059 1.362261 0.010818
 9.300000 3.837192 1.349780 1.522137 1.319781 1.768073
 9.400000 3.905208 1.395781 1.485814 1.423687 0.012156
 9.500000 3.820113 1.322813 1.481089 1.358119 2.860383
 9.600000 3.877882 1.387536 1.473957 1.432219 0.219271
 9.700000 3.826724 1.327597 1.503810 1.361443 2.406532
 9.800000 3.921150 1.385952 1.502528 1.403493 0.200497
 9.900000 3.834056 1.380249 1.528099 1.323206 1.949031
 10.000000 3.868183 1.403415 1.400560 1.388162 0.453724
 10.100000 3.831714 1.390614 1.495173 1.342752 2.089944
 10.200000 3.881737 1.365900 1.529445 1.389751 0.149499
 10.300000 3.866351 1.345059 1.511936 1.382250 0.507484
 10.400000 3.853933 1.358926 1.498664 1.396929 0.951149
 10.500000 3.872610 1.382172 1.439211 1.371396 0.336244
 10.600000 3.831234 1.349714 1.487639 1.379620 2.119442
 10.700000 3.886244 1.406960 1.513307 1.368254 0.084817
 10.800000 3.860336 1.348984 1.564199 1.347894 0.705123
 10.900000 3.879998 1.394369 1.485763 1.385749 0.179313
 11.000000 3.829670 1.352466 1.425007 1.366172 2.216964
 11.100000 3.874521 1.389801 1.468959 1.398636 0.290967
 11.200000 3.878800 1.315925 1.577335 1.337929 0.201434
 11.300000 3.879882 1.395517 1.507103 1.396321 0.181403
 11.400000 3.812112 1.371513 1.479786 1.357652 3.462006
 11.500000 3.883199 1.391342 1.443439 1.392609 0.126511
 11.600000 3.846195 1.358471 1.535172 1.341454 1.297542
 11.700000 3.902796 1.387210 1.473019 1.384968 0.003505
 11.800000 3.824662 1.347644 1.521013 1.358906 2.543870
 11.900000 3.886188 1.395460 1.469083 1.417411 0.085504
 12.000000 3.820309 1.349481 1.460890 1.344131 2.846397
 12.100000 3.887638 1.379808 1.497243 1.421901 0.068490
 12.200000 3.861913 1.356647 1.505681 1.333879 0.650156
 12.300000 3.876496 1.392297 1.509724 1.380840 0.247593
 12.400000 3.837494 1.383640 1.459743 1.378651 1.751145
 12.500000 3.846564 1.370658 1.459204 1.370903 1.279793
 12.600000 3.875044 1.413918 1.492124 1.379480 0.279145
 12.700000 3.867655 1.313378 1.546848 1.337300 0.468920
 12.800000 3.895874 1.404846 1.498099 1.396776 0.007631
 12.900000 3.819924 1.352759 1.463195 1.357615 2.873898
 13.000000 3.880579 1.392434 1.452633 1.417039 0.169044
 13.100000 3.830661 1.342977 1.558461 1.336701 2.154921
 13.200000 3.925032 1.409881 1.478924 1.383684 0.280833
 13.300000 3.795947 1.347300 1.518300 1.339551 4.852677
 13.400000 3.906641 1.429878 1.439324 1.404077 0.019770
 13.500000 3.792380 1.344453 1.490322 1.333075 5.191048
 13.600000 3.901899 1.408223 1.496648 1.424725 0.001617
 13.700000 3.842375 1.331331 1.518113 1.346279 1.488324
 13.800000 3.878847 1.375870 1.488151 1.414368 0.200555
 13.900000 3.825036 1.365185 1.429444 1.385394 2.518718
 14.000000 3.872630 1.368102 1.456209 1.404842 0.335765
 14.100000 3.876319 1.400505 1.559078 1.337525 0.251349
 14.200000 3.853633 1.378626 1.515516 1.353007 0.963596
 14.300000 3.853738 1.409155 1.467309 1.378123 0.959206
 14.400000 3.843925 1.352675 1.472748 1.365257 1.409314
 14.500000 3.893766 1.389015 1.483900 1.402111 0.017421
 14.600000 3.803247 1.310459 1.501945 1.373982 4.195691
 14.700000 3.923881 1.398181 1.508040 1.402244 0.255605
 14.800000 3.816198 1.340042 1.553110 1.354740 3.147590
 14.900000 3.883533 1.436544 1.419255 1.379011 0.121536
 15.000000 3.807849 1.380615 1.461597 1.326565 3.805996
 15.100000 3.937247 1.417000 1.519322 1.364784 0.621808
 15.200000 3.818478 1.325186 1.542957 1.330776 2.978700
 15.300000 3.866115 1.414790 1.447405 1.441744 0.514618
 15.400000 3.818241 1.309241 1.488080 1.378516 2.995983
 15.500000 3.899012 1.364752 1.492344 1.422580 0.000437
 15.600000 3.841144 1.353323 1.503628 1.347115 1.552584
 15.700000 3.898110 1.408871 1.464495 1.385708 0.001601
 15.800000 3.837276 1.391592 1.519307 1.317842 1.763356
 15.900000 3.868284 1.433615 1.457325 1.355300 0.450850
 16.000000 3.843534 1.383917 1.493950 1.357889 1.429067
 16.100000 3.882019 1.356931 1.521159 1.388412 0.144913
 16.200000 3.868598 1.338440 1.502246 1.393992 0.441968
 16.300000 3.831771 1.346825 1.445750 1.405599 2.086488
 16.400000 3.872570 1.388018 1.451909 1.389954 0.337230
 16.500000 3.852042 1.367024 1.530625 1.353195 1.030853
 16.600000 3.885937 1.419874 1.516250 1.326089 0.088642
 16.700000 3.851554 1.389408 1.512425 1.344210 1.051937
 16.800000 3.860652 1.405361 1.458384 1.368560 0.693917
 16.900000 3.860660 1.342895 1.447711 1.393850 0.693654
 17.000000 3.866664 1.337062 1.497308 1.433981 0.498065
 17.100000 3.862354 1.311661 1.531395 1.418452 0.635209
 17.200000 3.860716 1.377554 1.498141 1.393459 0.691661
 17.300000 3.851292 1.374680 1.480297 1.362328 1.063338
 17.400000 3.872111 1.426718 1.450819 1.343163 0.348610
 17.500000 3.848867 1.399914 1.490879 1.328968 1.171852
 17.600000 3.895347 1.395994 1.498084 1.363825 0.009702
 17.700000 3.833292 1.350127 1.536108 1.383609 1.994499
 17.800000 3.854318 1.355736 1.452353 1.441021 0.935327
 17.900000 3.846871 1.322112 1.471825 1.403656 1.265117
 18.000000 3.891763 1.366018 1.498030 1.393172 0.030412
 18.100000 3.863102 1.363750 1.498879 1.344148 0.610223
 18.200000 3.863308 1.453706 1.495123 1.353618 0.603408
 18.300000 3.827940 1.414367 1.480732 1.309367 2.327369
 18.400000 3.870603 1.419493 1.459657 1.366827 0.387317
 18.500000 3.843617 1.363464 1.466362 1.378172 1.424863
 18.600000 3.901321 1.320724 1.510331 1.416662 0.000782
 18.700000 3.856907 1.322062 1.529162 1.402659 0.832301
 18.800000 3.846707 1.372177 1.434383 1.426011 1.272951
 18.900000 3.826960 1.400716 1.463596 1.368486 2.391095
 19.000000 3.879200 1.409366 1.511465 1.341405 0.193906
 19.100000 3.882019 1.398840 1.500392 1.306085 0.144915
 19.200000 3.861671 1.411517 1.495078 1.362077 0.658444
 19.300000 3.859977 1.368810 1.487846 1.363534 0.717930
 19.400000 3.851291 1.347728 1.470637 1.435725 1.063401
 19.500000 3.827847 1.317466 1.476303 1.415750 2.333347
 19.600000 3.927958 1.343527 1.528116 1.429682 0.350340
 19.700000 3.850696 1.360479 1.530799 1.347143 1.089522
 19.800000 3.867886 1.427195 1.414908 1.358198 0.462222
 19.900000 3.827532 1.424414 1.492840 1.320675 2.353753
 20.000000 3.871470 1.397385 1.513624 1.365065 0.364823
 20.100000 3.857001 1.364680 1.491520 1.379175 0.828696
 20.200000 3.859340 1.327332 1.507223 1.416580 0.740975
 20.300000 3.896144 1.325833 1.465391 1.428014 0.006663
 20.400000 3.832179 1.330189 1.461713 1.427094 2.061578
 20.500000 3.848132 1.388474 1.470173 1.385489 1.205784
 20.600000 3.888225 1.393529 1.551381 1.334537 0.062144
 20.700000 3.865783 1.421694 1.525850 1.329879 0.524759
 20.800000 3.838573 1.407367 1.413889 1.345336 1.691161
 20.900000 3.871617 1.393085 1.452283 1.392399 0.361058
 21.000000 3.854173 1.319524 1.530087 1.385733 0.941254
 21.100000 3.891736 1.340968 1.513375 1.464801 0.030607
 21.200000 3.815239 1.319313 1.531307 1.379033 3.220028
 21.300000 3.895869 1.385390 1.455114 1.410573 0.007649
 21.400000 3.819435 1.403013 1.465005 1.323700 2.909140
 21.500000 3.891959 1.426438 1.456269 1.357079 0.028977
 21.600000 3.849824 1.369590 1.585179 1.303592 1.128385
 21.700000 3.889948 1.416158 1.488998 1.386615 0.045288
 21.800000 3.805631 1.346491 1.446930 1.378476 3.991483
 21.900000 3.869198 1.366408 1.454295 1.447169 0.425222
 22.000000 3.857663 1.319728 1.513000 1.361879 0.803356
 22.100000 3.896249 1.363661 1.513600 1.413223 0.006305
 22.200000 3.849051 1.381823 1.525607 1.333949 1.163416
 22.300000 3.857217 1.420864 1.451947 1.354481 0.820365
 22.400000 3.838971 1.419713 1.461929 1.341752 1.669342
 22.500000 3.863318 1.389230 1.494290 1.358855 0.603075
 22.600000 3.893353 1.352944 1.550434 1.377525 0.019802
 22.700000 3.869763 1.329101 1.516441 1.383157 0.409779
 22.800000 3.859222 1.358989 1.463018 1.418302 0.745290
 22.900000 3.824745 1.356302 1.451147 1.402954 2.538319
 23.000000 3.853593 1.401080 1.465213 1.374731 0.965259
 23.100000 3.885322 1.379590 1.577029 1.323968 0.096564
 23.200000 3.885499 1.406330 1.500870 1.340095 0.094248
 23.300000 3.833628 1.404868 1.445211 1.340872 1.974419
 23.400000 3.847207 1.395452 1.436844 1.409843 1.249162
 23.500000 3.846270 1.326637 1.541743 1.369523 1.293923
 23.600000 3.904944 1.358527 1.503671 1.447226 0.010956
 23.700000 3.831839 1.315904 1.502843 1.367275 2.082284
 23.800000 3.910828 1.397398 1.475471 1.399651 0.052553
 23.900000 3.817858 1.373180 1.482779 1.324819 3.024143
 24.000000 3.868965 1.450824 1.445372 1.380257 0.431688
 24.100000 3.836505 1.382738 1.552133 1.316682 1.806996
 24.200000 3.918632 1.368282 1.532176 1.383767 0.155590
 24.300000 3.835769 1.364483 1.455583 1.374239 1.849110
 24.400000 3.849288 1.342258 1.437285 1.424763 1.152658
 24.500000 3.870489 1.344227 1.516696 1.408800 0.390350
 24.600000 3.853691 1.354615 1.530496 1.380777 0.961195
 24.700000 3.862717 1.410858 1.485951 1.362971 0.622996
 24.800000 3.868173 1.405040 1.508278 1.321915 0.453995
 24.900000 3.883608 1.425783 1.445134 1.336421 0.120436
 25.000000 3.820541 1.386560 1.454610 1.375380 2.829845
 25.100000 3.874446 1.369359 1.516202 1.389158 0.292666
 25.200000 3.867213 1.319931 1.556447 1.390069 0.481814
 25.300000 3.861860 1.356768 1.458051 1.424953 0.651972
 25.400000 3.816289 1.343666 1.424615 1.388519 3.140762
 25.500000 3.909772 1.395262 1.504218 1.393231 0.042802
 25.600000 3.847290 1.380024 1.517559 1.311391 1.245266
 25.700000 3.867148 1.452118 1.486849 1.355303 0.483724
 25.800000 3.841606 1.376828 1.516099 1.342711 1.528313
 25.900000 3.878953 1.380182 1.458789 1.398346 0.198536
 26.000000 3.828422 1.340351 1.468726 1.402600 2.296303
 26.100000 3.901256 1.311732 1.496810 1.439564 0.000707
 26.200000 3.880002 1.331825 1.554373 1.380337 0.179236
 26.300000 3.845231 1.383462 1.485097 1.395994 1.344451
 26.400000 3.841125 1.419678 1.434800 1.348360 1.553605
 26.500000 3.852477 1.419735 1.485869 1.338042 1.012224
 26.600000 3.890032 1.393831 1.514555 1.328999 0.044531
 26.700000 3.879719 1.367296 1.520823 1.360228 0.184351
 26.800000 3.856946 1.362588 1.504592 1.392516 0.830809
 26.900000 3.830119 1.343452 1.441352 1.447835 2.188689
 27.000000 3.828625 1.347562 1.456929 1.410914 2.283277
 27.100000 3.896508 1.350679 1.499194 1.394529 0.005464
 27.200000 3.873315 1.387006 1.531641 1.334732 0.319157
 27.300000 3.867939 1.413093 1.482885 1.340582 0.460709
 27.400000 3.828279 1.437799 1.449796 1.335627 2.305520
 27.500000 3.829053 1.403707 1.460613 1.368933 2.256028
 27.600000 3.897225 1.355238 1.496807 1.390193 0.003450
 27.700000 3.876047 1.333277 1.533276 1.379107 0.257148
 27.800000 3.870604 1.347133 1.491753 1.403530 0.387310
 27.900000 3.828565 1.365976 1.453266 1.419115 2.287124
 28.000000 3.825865 1.395258 1.466528 1.360773 2.463333
 28.100000 3.898907 1.420094 1.487244 1.336051 0.000535
 28.200000 3.851769 1.383990 1.530743 1.321556 1.042637
 28.300000 3.885658 1.417005 1.485784 1.345605 0.092198
 28.400000 3.836532 1.348580 1.476084 1.403504 1.805451
 28.500000 3.838002 1.356512 1.451559 1.424562 1.722783
 28.600000 3.866886 1.334212 1.486295 1.417720 0.491461
 28.700000 3.889288 1.338590 1.533978 1.401673 0.051434
 28.800000 3.881575 1.366359 1.465263 1.373079 0.152163
 28.900000 3.851659 1.418645 1.491344 1.348552 1.047395
 29.000000 3.850635 1.390991 1.506708 1.358354 1.092237
 29.100000 3.854259 1.426044 1.460987 1.340358 0.937727
 29.200000 3.844250 1.365006 1.466260 1.394981 1.393010
 29.300000 3.898225 1.323356 1.530216 1.400683 0.001413
 29.400000 3.878717 1.338290 1.498934 1.409003 0.203013
 29.500000 3.833066 1.352727 1.460246 1.390613 2.008010
 29.600000 3.863136 1.397003 1.470490 1.395972 0.609070
 29.700000 3.841334 1.402114 1.510129 1.319141 1.542554
 29.800000 3.877162 1.406335 1.464050 1.362436 0.233774
 29.900000 3.861746 1.385550 1.554682 1.314420 0.655888
 30.000000 3.892774 1.380812 1.491783 1.389939 0.023404
 30.100000 3.830764 1.346906 1.448066 1.403717 2.148492
 30.200000 3.847740 1.344291 1.479451 1.427772 1.224105
 30.300000 3.891975 1.343626 1.541444 1.380629 0.028863
 30.400000 3.875572 1.376853 1.517057 1.366517 0.267449
 30.500000 3.833514 1.419296 1.461493 1.337353 1.981190
 30.600000 3.881080 1.411912 1.470772 1.338348 0.160437
 30.700000 3.857434 1.389103 1.499936 1.362587 0.812086
 30.800000 3.837927 1.369384 1.481368 1.375526 1.726924
 30.900000 3.883860 1.352646 1.506367 1.421105 0.116759
 31.000000 3.840062 1.323805 1.500663 1.372260 1.610183
 31.100000 3.872652 1.380417 1.424786 1.437312 0.335225
 31.200000 3.823010 1.358525 1.483671 1.361403 2.656674
 31.300000 3.918993 1.409857 1.520862 1.347612 0.161682
 31.400000 3.841132 1.391551 1.523817 1.324218 1.553235
 31.500000 3.838203 1.419566 1.453856 1.381176 1.711613
 31.600000 3.867450 1.368486 1.479786 1.375872 0.474868
 31.700000 3.857954 1.317435 1.486442 1.423755 0.792348
 31.800000 3.867211 1.356204 1.484176 1.391301 0.481859
 31.900000 3.871434 1.343808 1.526127 1.377780 0.365751
 32.000000 3.888002 1.398442 1.503688 1.363121 0.064515
 32.100000 3.793656 1.419060 1.429449 1.361801 5.068730
 32.200000 3.856631 1.430251 1.420539 1.374880 0.843003
 32.300000 3.882112 1.340063 1.541927 1.343730 0.143422
 32.400000 3.904824 1.368248 1.538981 1.395427 0.010430
 32.500000 3.811538 1.316498 1.455122 1.400209 3.507408
 32.600000 3.878427 1.382215 1.458297 1.443151 0.208597
 32.700000 3.818183 1.350591 1.512429 1.353330 3.000268
 32.800000 3.901759 1.410503 1.478244 1.362916 0.001387
 32.900000 3.861471 1.369599 1.542741 1.317112 0.665351
 33.000000 3.892352 1.397471 1.500755 1.363277 0.026215
 33.100000 3.831332 1.373342 1.468554 1.391282 2.113381
 33.200000 3.838175 1.376335 1.439003 1.400267 1.713189
 33.300000 3.877788 1.326344 1.518959 1.405533 0.221126
 33.400000 3.883342 1.337233 1.545399 1.396760 0.124377
 33.500000 3.859559 1.378104 1.461255 1.359397 0.733035
 33.600000 3.847193 1.390518 1.477507 1.375513 1.249863
 33.700000 3.851184 1.424478 1.470409 1.351604 1.068059
 33.800000 3.848032 1.374147 1.491108 1.351471 1.210460
 33.900000 3.902479 1.392126 1.517280 1.393047 0.002753
 34.000000 3.832825 1.319151 1.525471 1.362012 2.022483
 34.100000 3.883564 1.379316 1.446517 1.452685 0.121075
 34.200000 3.819327 1.331072 1.469529 1.376774 2.916978
 34.300000 3.886642 1.400604 1.489519 1.394363 0.079975
 34.400000 3.860753 1.350278 1.529808 1.339212 0.690360
 34.500000 3.899979 1.433397 1.472455 1.340949 0.000000
 34.600000 3.817324 1.396678 1.500476 1.346976 3.063597
 34.700000 3.855188 1.401897 1.446663 1.379827 0.900051
 34.800000 3.849597 1.363499 1.488307 1.378873 1.138656
 34.900000 3.880793 1.347821 1.518565 1.401832 0.165346
 35.000000 3.865564 1.342258 1.480029 1.383949 0.531505
 35.100000 3.867433 1.375631 1.482557 1.369307 0.475360
 35.200000 3.866088 1.391457 1.475592 1.387070 0.515435
 35.300000 3.820379 1.381582 1.485509 1.354278 2.841370
 35.400000 3.880124 1.418197 1.473241 1.374990 0.177065
 35.500000 3.870482 1.342145 1.562221 1.333825 0.390529
 35.600000 3.900839 1.394887 1.498278 1.376313 0.000315
 35.700000 3.815491 1.342398 1.431658 1.380252 3.200966
 35.800000 3.858392 1.380908 1.456583 1.441942 0.775925
 35.900000 3.847335 1.327169 1.577660 1.348950 1.243150
 36.000000 3.904559 1.394196 1.474949 1.395473 0.009316
 36.100000 3.825044 1.347164 1.489649 1.345243 2.518142
 36.200000 3.899936 1.408430 1.463003 1.384006 0.000002
 36.300000 3.822158 1.350860 1.495421 1.362368 2.715811
 36.400000 3.856705 1.411656 1.468872 1.393749 0.840120
 36.500000 3.860389 1.348694 1.530803 1.372053 0.703255
 36.600000 3.872367 1.348771 1.506687 1.381340 0.342243
 36.700000 3.865259 1.372826 1.416361 1.408022 0.540953
 36.800000 3.828777 1.352871 1.489599 1.357373 2.273563
 36.900000 3.911047 1.405960 1.514883 1.389625 0.054700
 37.000000 3.807406 1.361343 1.519278 1.323863 3.842708
 37.100000 3.903326 1.407611 1.465623 1.406936 0.004957
 37.200000 3.845952 1.345394 1.505453 1.330123 1.309280
 37.300000 3.885713 1.403068 1.468442 1.406264 0.091491
 37.400000 3.817699 1.358553 1.470253 1.362360 3.035848
 37.500000 3.881543 1.390744 1.498840 1.384870 0.152676
 37.600000 3.860189 1.353201 1.544690 1.346662 0.710360
 37.700000 3.875063 1.406559 1.443888 1.376330 0.278725
 37.800000 3.826335 1.384701 1.476382 1.341182 2.432192
 37.900000 3.898347 1.404039 1.473936 1.385350 0.001225
 38.000000 3.828251 1.358069 1.516925 1.359169 2.307283
 38.100000 3.873454 1.386805 1.488261 1.389644 0.315850
 38.200000 3.874570 1.340963 1.499708 1.375296 0.289847
 38.300000 3.855805 1.381985 1.498325 1.368010 0.875412
 38.400000 3.861501 1.374106 1.454268 1.400445 0.664316
 38.500000 3.834846 1.357179 1.515152 1.348583 1.902600
 38.600000 3.884944 1.427104 1.485405 1.378737 0.101604
 38.700000 3.834397 1.366824 1.474782 1.340114 1.928913
 38.800000 3.881681 1.390504 1.494387 1.394685 0.150410
 38.900000 3.849656 1.354830 1.502993 1.347434 1.135950
 39.000000 3.864585 1.367202 1.451552 1.425549 0.562133
 39.100000 3.830654 1.352486 1.487155 1.370219 2.155304
 39.200000 3.895606 1.377034 1.484323 1.405352 0.008654
 39.300000 3.831190 1.354137 1.499034 1.365611 2.122164
 39.400000 3.879674 1.392477 1.481034 1.380920 0.185175
 39.500000 3.847410 1.384385 1.504817 1.340326 1.239611
 39.600000 3.875019 1.391471 1.467610 1.378988 0.279697
 39.700000 3.858831 1.374474 1.485210 1.363141 0.759649
 39.800000 3.865238 1.345413 1.527352 1.384470 0.541618
 39.900000 3.876499 1.362861 1.479439 1.406116 0.247537
 40.000000 3.818126 1.353101 1.493521 1.381160 3.004447
 40.100000 3.897349 1.396133 1.458025 1.400825 0.003149
 40.200000 3.850460 1.367902 1.505496 1.329798 1.099957
 40.300000 3.882695 1.414605 1.483076 1.366549 0.134215
 40.400000 3.847877 1.381098 1.529100 1.322524 1.217673
 40.500000 3.867251 1.415808 1.477983 1.402487 0.480693
 40.600000 3.814086 1.339358 1.438112 1.388996 3.308270
 40.700000 3.902673 1.354386 1.482396 1.426650 0.003202
 40.800000 3.860037 1.332361 1.533174 1.364288 0.715799
 40.900000 3.888091 1.370914 1.475332 1.403985 0.063561
 41.000000 3.816391 1.399479 1.502594 1.348975 3.133103
 41.100000 3.863059 1.407509 1.472936 1.352509 0.611629
 41.200000 3.860164 1.414622 1.475943 1.346670 0.711248
 41.300000 3.855050 1.373773 1.497395 1.349903 0.905609
 41.400000 3.904220 1.364927 1.495514 1.385969 0.007980
 41.500000 3.819776 1.330259 1.487756 1.418332 2.884563
 41.600000 3.852161 1.374603 1.459463 1.420574 1.025756
 41.700000 3.864535 1.347341 1.504383 1.378178 0.563716
 41.800000 3.880187 1.398486 1.496581 1.344597 0.175936
 41.900000 3.849251 1.404383 1.454184 1.326450 1.154317
 42.000000 3.861001 1.438619 1.467813 1.340254 0.681670
 42.100000 3.845934 1.377279 1.489833 1.347835 1.310155
 42.200000 3.861924 1.382901 1.503985 1.397401 0.649784
 42.300000 3.861980 1.324673 1.509281 1.393071 0.647876
 42.400000 3.889505 1.332691 1.483788 1.400293 0.049363
 42.500000 3.837970 1.368341 1.465799 1.398126 1.724529
 42.600000 3.851980 1.381273 1.456271 1.366620 1.033503
 42.700000 3.881207 1.427831 1.530148 1.357918 0.158290
 42.800000 3.835792 1.382846 1.539228 1.313570 1.847800
 42.900000 3.894563 1.413667 1.463561 1.359174 0.013248
 43.000000 3.844185 1.362368 1.499332 1.361051 1.396264
 43.100000 3.885823 1.368709 1.457656 1.405839 0.090078
 43.200000 3.811474 1.331974 1.498538 1.407901 3.512512
 43.300000 3.877708 1.377926 1.500250 1.398752 0.222718
 43.400000 3.846604 1.354906 1.507007 1.351975 1.277856
 43.500000 3.880867 1.436414 1.446042 1.359456 0.164071
 43.600000 3.845542 1.367084 1.477365 1.324269 1.329207
 43.700000 3.884632 1.437838 1.504748 1.364056 0.105852
 43.800000 3.830741 1.366417 1.495415 1.358423 2.149925
 43.900000 3.877477 1.400290 1.471534 1.402823 0.227375
 44.000000 3.863718 1.334810 1.498201 1.406059 0.589994
 44.100000 3.871050 1.344387 1.467737 1.375564 0.375638
 44.200000 3.866955 1.359758 1.495868 1.416606 0.489415
 44.300000 3.831386 1.352902 1.525836 1.351497 2.110060
 44.400000 3.888234 1.427544 1.491086 1.386042 0.062046
 44.500000 3.827108 1.374604 1.476897 1.338489 2.381424
 44.600000 3.900519 1.396053 1.464424 1.365795 0.000121
 44.700000 3.851721 1.367436 1.510899 1.346648 1.044678
 44.800000 3.865027 1.368755 1.468138 1.416475 0.548209
 44.900000 3.826723 1.356642 1.504075 1.393829 2.406598
 45.000000 3.891450 1.359939 1.496090 1.419934 0.032761
 45.100000 3.858020 1.314836 1.506001 1.365887 0.789860
 45.200000 3.891195 1.405456 1.466092 1.380949 0.034746
 45.300000 3.827576 1.358386 1.505882 1.328554 2.350915
 45.400000 3.876436 1.452442 1.465638 1.392956 0.248862
 45.500000 3.803672 1.364644 1.474466 1.327715 4.158858
 45.600000 3.920154 1.397390 1.500275 1.395523 0.182051
 45.700000 3.852784 1.322317 1.533452 1.355616 0.999213
 45.800000 3.879258 1.379384 1.436917 1.403036 0.192838
 45.900000 3.813723 1.357738 1.458570 1.420610 3.336305
 46.000000 3.859728 1.378798 1.484573 1.374240 0.726909
 46.100000 3.878938 1.378580 1.520625 1.360970 0.198821
 46.200000 3.868511 1.400780 1.504300 1.326209 0.444410
 46.300000 3.867547 1.398294 1.474933 1.351759 0.472038
 46.400000 3.847843 1.392557 1.482438 1.369199 1.219270
 46.500000 3.862636 1.372639 1.467176 1.408742 0.625716
 46.600000 3.850323 1.336945 1.530767 1.374673 1.106051
 46.700000 3.900862 1.348436 1.513186 1.406983 0.000333
 46.800000 3.836431 1.347206 1.487546 1.365840 1.811184
 46.900000 3.873012 1.416265 1.436369 1.407132 0.326437
 47.000000 3.829363 1.383846 1.478342 1.314250 2.236320
 47.100000 3.900638 1.423464 1.538402 1.353917 0.000183
 47.200000 3.852001 1.356312 1.521850 1.349070 1.032615
 47.300000 3.858974 1.375010 1.465622 1.400635 0.754380
 47.400000 3.840629 1.354486 1.455187 1.412482 1.579846
 47.500000 3.867970 1.343213 1.457372 1.405179 0.459824
 47.600000 3.862275 1.374773 1.533691 1.366938 0.637863
 47.700000 3.884519 1.370496 1.502308 1.363894 0.107417
 47.800000 3.836632 1.377801 1.500792 1.353486 1.799775
 47.900000 3.856905 1.422270 1.472045 1.364214 0.832400
 48.000000 3.854983 1.351972 1.466445 1.370335 0.908298
 48.100000 3.865319 1.369737 1.529029 1.383233 0.539090
 48.200000 3.889520 1.332575 1.482511 1.398545 0.049224
 48.300000 3.828395 1.339357 1.499991 1.409621 2.298017
 48.400000 3.867004 1.383369 1.478020 1.402333 0.487957
 48.500000 3.860817 1.368781 1.481632 1.340876 0.688137
 48.600000 3.875249 1.393031 1.519621 1.372701 0.274579
 48.700000 3.862457 1.391304 1.455607 1.327053 0.631731
 48.800000 3.844257 1.383470 1.483472 1.377718 1.392693
 48.900000 3.868349 1.376459 1.486356 1.403198 0.449003
 49.000000 3.832846 1.349865 1.488307 1.370787 2.021212
 49.100000 3.879127 1.374568 1.511507 1.399075 0.195267
 49.200000 3.876643 1.338844 1.490267 1.353162 0.244521
 49.300000 3.859230 1.408403 1.484294 1.366448 0.744978
 49.400000 3.840496 1.384124 1.447665 1.377582 1.586960
 49.500000 3.847681 1.389940 1.492660 1.349029 1.226837
 49.600000 3.878597 1.383018 1.549494 1.379272 0.205310
 49.700000 3.865067 1.338162 1.461065 1.371468 0.546949
 49.800000 3.854508 1.383014 1.465389 1.388199 0.927559
 49.900000 3.867596 1.361287 1.465620 1.393698 0.470620
 50.000000 3.841445 1.368172 1.507905 1.371845 1.536746
