#! FIELDS time d1 d2 d3 d4 rest.bias
 0.000000 1.538609 1.477156 1.325403 1.514447 8.611021
 0.100000 1.406757 1.512815 1.360542 1.594014 0.020465
 0.200000 1.514615 1.494369 1.363002 1.523433 5.887837
 0.300000 1.467226 1.524264 1.347929 1.534891 2.025538
 0.400000 1.434260 1.512196 1.324192 1.565307 0.526065
 0.500000 1.534616 1.506573 1.338912 1.542793 8.121984
 0.600000 1.412108 1.513812 1.362862 1.534278 0.065704
 0.700000 1.508665 1.534029 1.351840 1.547133 5.292388
 0.800000 1.461253 1.473422 1.341157 1.533592 1.681623
 0.900000 1.468019 1.536570 1.346679 1.548842 2.073655
 1.000000 1.496093 1.523738 1.362061 1.499054 4.138652
 1.100000 1.436552 1.489343 1.367532 1.510656 0.598818
 1.200000 1.529321 1.570736 1.341801 1.541235 7.495610
 1.300000 1.417889 1.542778 1.343510 1.452513 0.143434
 1.400000 1.505537 1.542815 1.354518 1.526226 4.992076
 1.500000 1.483746 1.562212 1.355184 1.515649 3.143403
 1.600000 1.425843 1.551454 1.341266 1.470480 0.299332
 1.700000 1.538332 1.565068 1.321435 1.511088 8.576614
 1.800000 1.400927 1.560009 1.342874 1.521925 0.000385
 1.900000 1.500368 1.547409 1.381888 1.463774 4.515032
 2.000000 1.478165 1.564710 1.338760 1.502586 2.738405
 2.100000 1.458146 1.530835 1.343673 1.522945 1.515363
 2.200000 1.493029 1.521887 1.332457 1.471636 3.878883
 2.300000 1.443430 1.581904 1.383483 1.503883 0.845378
 2.400000 1.531850 1.487289 1.354272 1.476249 7.791672
 2.500000 1.411022 1.565280 1.343251 1.512887 0.054444
 2.600000 1.501083 1.566066 1.325647 1.498532 4.579614
 2.700000 1.487055 1.527576 1.358517 1.490719 3.396755
 2.800000 1.425168 1.568489 1.359055 1.520052 0.283900
 2.900000 1.520336 1.563295 1.344937 1.486843 6.490311
 3.000000 1.434974 1.545932 1.315093 1.476113 0.548219
 3.100000 1.485895 1.561217 1.363372 1.520686 3.306832
 3.200000 1.468984 1.545406 1.364994 1.449873 2.132896
 3.300000 1.473274 1.556294 1.357488 1.475872 2.406404
 3.400000 1.465077 1.543326 1.330747 1.529450 1.898106
 3.500000 1.470290 1.521724 1.354612 1.474902 2.214406
 3.600000 1.499955 1.565734 1.364081 1.501228 4.477952
 3.700000 1.439722 1.537974 1.371684 1.519244 0.707184
 3.800000 1.494449 1.512996 1.318553 1.489662 3.998204
 3.900000 1.469478 1.599827 1.348140 1.537727 2.163535
 4.000000 1.469093 1.501059 1.352653 1.490606 2.139658
 4.100000 1.471160 1.531963 1.368570 1.526388 2.269561
 4.200000 1.472194 1.592327 1.325853 1.531877 2.336029
 4.300000 1.485377 1.498226 1.343286 1.478073 3.267062
 4.400000 1.446914 1.545674 1.370736 1.528105 0.986441
 4.500000 1.497041 1.531479 1.383400 1.543598 4.220715
 4.600000 1.458343 1.482774 1.335122 1.482432 1.525605
 4.700000 1.470441 1.543668 1.343460 1.567978 2.223939
 4.800000 1.491340 1.489315 1.347380 1.534871 3.739308
 4.900000 1.444689 1.501473 1.399914 1.508251 0.895107
 5.000000 1.478144 1.527970 1.340812 1.595466 2.736910
 5.100000 1.490606 1.477356 1.319415 1.549182 3.679473
 5.200000 1.443822 1.533340 1.344118 1.547373 0.860726
 5.300000 1.472546 1.513651 1.386521 1.555994 2.358847
 5.400000 1.492546 1.466840 1.341363 1.516374 3.838692
 5.500000 1.447088 1.535333 1.330436 1.583773 0.993800
 5.600000 1.480718 1.465100 1.341359 1.542008 2.920224
 5.700000 1.484576 1.453087 1.405050 1.525077 3.206047
 5.800000 1.441557 1.523326 1.351059 1.581150 0.774017
 5.900000 1.498158 1.460608 1.324074 1.531944 4.318367
 6.000000 1.459988 1.484228 1.334543 1.562174 1.612882
 6.100000 1.450176 1.509330 1.367203 1.595972 1.128407
 6.200000 1.504243 1.461378 1.354995 1.507561 4.870398
 6.300000 1.457292 1.535154 1.334029 1.605039 1.471175
 6.400000 1.453581 1.470271 1.306649 1.557273 1.286768
 6.500000 1.497228 1.485605 1.367015 1.532223 4.236921
 6.600000 1.456172 1.528377 1.359319 1.584278 1.414195
 6.700000 1.468988 1.456738 1.380221 1.509630 2.133109
 6.800000 1.484987 1.518555 1.318060 1.538898 3.237217
 6.900000 1.449315 1.505235 1.333264 1.581434 1.090011
 7.000000 1.474451 1.427408 1.359081 1.503147 2.484374
 7.100000 1.487896 1.524304 1.391303 1.615522 3.462686
 7.200000 1.457575 1.511510 1.327649 1.512328 1.485711
 7.300000 1.469317 1.494265 1.328735 1.546868 2.153540
 7.400000 1.489182 1.523944 1.343388 1.584370 3.564719
 7.500000 1.474060 1.516796 1.394318 1.514666 2.458314
 7.600000 1.476358 1.494545 1.342430 1.548703 2.613229
 7.700000 1.477722 1.542894 1.337548 1.563800 2.707439
 7.800000 1.461565 1.487438 1.338858 1.488789 1.698785
 7.900000 1.483929 1.529681 1.384023 1.546981 3.157175
 8.000000 1.454570 1.529747 1.352957 1.529585 1.334665
 8.100000 1.479475 1.482204 1.352473 1.498668 2.830968
 8.200000 1.478338 1.592873 1.324094 1.547063 2.750516
 8.300000 1.468308 1.501387 1.374622 1.504852 2.091276
 8.400000 1.478086 1.515163 1.355709 1.520334 2.732851
 8.500000 1.463529 1.589737 1.349294 1.531792 1.808896
 8.600000 1.475099 1.503387 1.317543 1.486045 2.527787
 8.700000 1.475737 1.578165 1.354756 1.534547 2.570900
 8.800000 1.453633 1.547513 1.366161 1.478734 1.289241
 8.900000 1.486143 1.545624 1.355680 1.493630 3.325932
 9.000000 1.478672 1.535247 1.318209 1.538403 2.774038
 9.100000 1.464746 1.542946 1.355597 1.483230 1.878853
 9.200000 1.458162 1.557519 1.356362 1.481269 1.516159
 9.300000 1.503790 1.562480 1.370789 1.508773 4.828216
 9.400000 1.442813 1.526468 1.328500 1.480643 0.821529
 9.500000 1.470629 1.574549 1.335793 1.477549 2.235833
 9.600000 1.501731 1.577209 1.341750 1.505491 4.638507
 9.700000 1.432036 1.533517 1.372294 1.464507 0.460000
 9.800000 1.490081 1.589217 1.341021 1.481806 3.636962
 9.900000 1.479265 1.542627 1.347521 1.492901 2.815987
 10.000000 1.445902 1.558037 1.313753 1.484525 0.944367
 10.100000 1.488159 1.565338 1.377694 1.506043 3.483393
 10.200000 1.463738 1.538749 1.369527 1.467092 1.820808
 10.300000 1.472325 1.558864 1.348899 1.503416 2.344498
 10.400000 1.463729 1.534396 1.317757 1.520865 1.820339
 10.500000 1.494398 1.538293 1.354892 1.483902 3.993938
 10.600000 1.451550 1.536093 1.372577 1.489382 1.191068
 10.700000 1.473092 1.552758 1.369859 1.511537 2.394514
 10.800000 1.479539 1.541345 1.314498 1.478000 2.835515
 10.900000 1.455579 1.579596 1.358225 1.517695 1.384521
 11.000000 1.500827 1.505245 1.364692 1.493496 4.556447
 11.100000 1.443899 1.521689 1.357722 1.511708 0.863727
 11.200000 1.494749 1.573375 1.328288 1.554594 4.023620
 11.300000 1.467573 1.491719 1.351418 1.502421 2.046503
 11.400000 1.453402 1.541865 1.375954 1.537395 1.278167
 11.500000 1.506106 1.524686 1.372218 1.557755 5.046088
 11.600000 1.438816 1.479928 1.314266 1.503786 0.675300
 11.700000 1.504680 1.535301 1.348275 1.561170 4.911335
 11.800000 1.447341 1.509622 1.364587 1.528007 1.004504
 11.900000 1.460494 1.481677 1.385079 1.508204 1.640173
 12.000000 1.504763 1.523213 1.335650 1.584196 4.919118
 12.100000 1.435904 1.498276 1.346178 1.522952 0.577785
 12.200000 1.498559 1.516587 1.348593 1.521811 4.353758
 12.300000 1.461784 1.501089 1.367562 1.551356 1.710915
 12.400000 1.470732 1.487566 1.350032 1.554471 2.242349
 12.500000 1.473533 1.499675 1.349610 1.537226 2.423495
 12.600000 1.473214 1.488845 1.338397 1.595901 2.402509
 12.700000 1.481769 1.468375 1.341390 1.552919 2.996716
 12.800000 1.441335 1.495466 1.355466 1.530650 0.765788
 12.900000 1.496678 1.495419 1.346115 1.579472 4.189183
 13.000000 1.454810 1.472506 1.333987 1.556228 1.346445
 13.100000 1.466186 1.474793 1.351662 1.546670 1.963363
 13.200000 1.501892 1.493312 1.348455 1.563490 4.653186
 13.300000 1.438697 1.471459 1.367216 1.545363 0.671169
 13.400000 1.482063 1.482539 1.318383 1.542193 3.018307
 13.500000 1.463494 1.520198 1.346385 1.587557 1.806936
 13.600000 1.460541 1.449329 1.361117 1.509628 1.642733
 13.700000 1.493668 1.525762 1.357598 1.565065 3.932374
 13.800000 1.443599 1.523101 1.317326 1.547961 0.851978
 13.900000 1.495511 1.455679 1.333926 1.546711 4.088646
 14.000000 1.474563 1.507677 1.371056 1.595063 2.491843
 14.100000 1.459829 1.513115 1.373651 1.522039 1.604349
 14.200000 1.498686 1.501086 1.319214 1.522570 4.364989
 14.300000 1.450079 1.514852 1.342451 1.553498 1.124062
 14.400000 1.486906 1.503380 1.359218 1.529201 3.385089
 14.500000 1.464213 1.510587 1.377550 1.501658 1.848042
 14.600000 1.454590 1.533108 1.332453 1.546699 1.335647
 14.700000 1.511512 1.516112 1.335933 1.532719 5.573380
 14.800000 1.430667 1.532874 1.363723 1.487448 0.421513
 14.900000 1.510335 1.540733 1.370945 1.543055 5.456335
 15.000000 1.465489 1.521761 1.337936 1.522079 1.922273
 15.100000 1.445918 1.530321 1.348543 1.511305 0.945002
 15.200000 1.503677 1.559721 1.335143 1.506412 4.817696
 15.300000 1.444523 1.537912 1.373759 1.531888 0.888479
 15.400000 1.495280 1.487392 1.336509 1.488945 4.068873
 15.500000 1.461802 1.610288 1.354968 1.534782 1.711895
 15.600000 1.470630 1.510461 1.326777 1.484986 2.235876
 15.700000 1.493257 1.537838 1.361400 1.514376 3.897971
 15.800000 1.443729 1.561919 1.349983 1.501068 0.857041
 15.900000 1.518280 1.529336 1.360047 1.478175 6.270404
 16.000000 1.423725 1.548310 1.323867 1.520568 0.252271
 16.100000 1.487228 1.560558 1.348693 1.494264 3.410258
 16.200000 1.475681 1.561925 1.353296 1.465534 2.567085
 16.300000 1.438545 1.543445 1.362136 1.502021 0.665883
 16.400000 1.514060 1.543044 1.314492 1.513672 5.830898
 16.500000 1.436618 1.565563 1.349394 1.487738 0.600968
 16.600000 1.497538 1.552821 1.355364 1.486681 4.264035
 16.700000 1.459055 1.546247 1.375818 1.500373 1.563112
 16.800000 1.461786 1.565447 1.309627 1.463142 1.711025
 16.900000 1.505044 1.559860 1.354343 1.490295 4.945508
 17.000000 1.426124 1.532548 1.337083 1.502589 0.305878
 17.100000 1.512445 1.557309 1.360618 1.490015 5.667010
 17.200000 1.439789 1.547191 1.346402 1.465647 0.709578
 17.300000 1.468907 1.590132 1.361171 1.518985 2.128102
 17.400000 1.508655 1.514121 1.308502 1.456879 5.291446
 17.500000 1.437115 1.593461 1.358271 1.491484 0.617419
 17.600000 1.514422 1.547400 1.352808 1.487929 5.868023
 17.700000 1.449087 1.526130 1.376862 1.505437 1.079965
 17.800000 1.465850 1.579494 1.313846 1.508747 1.943496
 17.900000 1.491441 1.530313 1.349560 1.482531 3.747638
 18.000000 1.425314 1.549318 1.368256 1.525239 0.287207
 18.100000 1.523393 1.534816 1.364592 1.486663 6.824191
 18.200000 1.433383 1.553670 1.318520 1.490237 0.499478
 18.300000 1.477063 1.553498 1.357268 1.516058 2.661744
 18.400000 1.496440 1.510946 1.359305 1.489124 4.168592
 18.500000 1.434031 1.568328 1.380229 1.493948 0.519075
 18.600000 1.524535 1.543881 1.297637 1.480237 6.951163
 18.700000 1.432012 1.533489 1.365306 1.519041 0.459313
 18.800000 1.473305 1.538029 1.363287 1.503604 2.408463
 18.900000 1.485282 1.556557 1.369005 1.503279 3.259774
 19.000000 1.439728 1.506846 1.326865 1.507737 0.707401
 19.100000 1.516055 1.549129 1.361947 1.548362 6.036708
 19.200000 1.426287 1.524613 1.327845 1.491788 0.309714
 19.300000 1.497309 1.537427 1.372377 1.531239 4.244021
 19.400000 1.473184 1.511075 1.353680 1.525682 2.400536
 19.500000 1.446596 1.534584 1.387589 1.533086 0.973117
 19.600000 1.513775 1.535240 1.312647 1.497209 5.801860
 19.700000 1.441200 1.498664 1.352644 1.525558 0.760798
 19.800000 1.492680 1.515714 1.371814 1.540292 3.849874
 19.900000 1.461591 1.525787 1.379076 1.500997 1.700229
 20.000000 1.457113 1.502947 1.309907 1.523917 1.461985
 20.100000 1.485328 1.529697 1.355274 1.570750 3.263297
 20.200000 1.457683 1.516055 1.367874 1.485996 1.491316
 20.300000 1.500583 1.520020 1.357571 1.540576 4.534380
 20.400000 1.447408 1.496480 1.320979 1.568935 1.007320
 20.500000 1.486918 1.513821 1.354618 1.538225 3.386035
 20.600000 1.465899 1.528338 1.368993 1.525970 1.946396
 20.700000 1.449090 1.497933 1.366232 1.554065 1.080066
 20.800000 1.495530 1.475680 1.317858 1.548384 4.090260
 20.900000 1.448332 1.534288 1.361334 1.527711 1.046973
 21.000000 1.475889 1.490750 1.348272 1.535807 2.581230
 21.100000 1.483955 1.460088 1.374159 1.569495 3.159083
 21.200000 1.461100 1.500007 1.346196 1.529824 1.673214
 21.300000 1.488193 1.513418 1.346005 1.550373 3.486100
 21.400000 1.461624 1.481136 1.341349 1.545175 1.702023
 21.500000 1.479121 1.487493 1.357873 1.546002 2.805779
 21.600000 1.458122 1.510095 1.349582 1.545899 1.514079
 21.700000 1.459245 1.490455 1.349723 1.559455 1.573181
 21.800000 1.492333 1.466052 1.304867 1.569903 3.821112
 21.900000 1.444572 1.514750 1.359486 1.558552 0.890432
 22.000000 1.494505 1.495023 1.362670 1.521818 4.002988
 22.100000 1.466948 1.485404 1.347538 1.564411 2.008858
 22.200000 1.446711 1.502283 1.325953 1.555456 0.977952
 22.300000 1.516589 1.495680 1.359779 1.516091 6.092340
 22.400000 1.431061 1.479936 1.356170 1.556083 0.432426
 22.500000 1.490130 1.484636 1.351840 1.550881 3.640938
 22.600000 1.483516 1.509899 1.336249 1.519400 3.126132
 22.700000 1.440673 1.518772 1.353416 1.541543 0.741465
 22.800000 1.503480 1.493732 1.352044 1.551161 4.799360
 22.900000 1.458662 1.508748 1.353786 1.534309 1.542357
 23.000000 1.479673 1.547374 1.341211 1.522623 2.845091
 23.100000 1.479297 1.502076 1.341573 1.565386 2.818275
 23.200000 1.452151 1.504498 1.339166 1.539988 1.218961
 23.300000 1.476440 1.527380 1.379157 1.507194 2.618877
 23.400000 1.458896 1.512089 1.358830 1.523262 1.554670
 23.500000 1.489987 1.517516 1.332433 1.537567 3.629356
 23.600000 1.452225 1.522639 1.327433 1.509425 1.222436
 23.700000 1.491697 1.535112 1.381308 1.511094 3.768605
 23.800000 1.481137 1.487396 1.381478 1.521873 2.950572
 23.900000 1.454919 1.540642 1.337640 1.529595 1.351806
 24.000000 1.494904 1.552502 1.308257 1.496201 4.036800
 24.100000 1.453854 1.522846 1.378824 1.519810 1.299890
 24.200000 1.473806 1.525642 1.383231 1.535986 2.441494
 24.300000 1.467997 1.569673 1.334750 1.486989 2.072275
 24.400000 1.467402 1.539898 1.312236 1.511162 2.036196
 24.500000 1.482390 1.532738 1.360263 1.535655 3.042459
 24.600000 1.459423 1.529860 1.368857 1.493874 1.582635
 24.700000 1.504852 1.542018 1.354992 1.492124 4.927522
 24.800000 1.440583 1.557094 1.336060 1.517569 0.738184
 24.900000 1.479042 1.518137 1.354545 1.492931 2.800201
 25.000000 1.485328 1.561554 1.344764 1.470914 3.263317
 25.100000 1.437458 1.545116 1.358324 1.486854 0.628883
 25.200000 1.508604 1.506983 1.354758 1.507242 5.286417
 25.300000 1.448148 1.563435 1.338687 1.494563 1.039049
 25.400000 1.453642 1.575908 1.328660 1.479483 1.289690
 25.500000 1.512070 1.540756 1.372102 1.507034 5.629217
 25.600000 1.448757 1.529970 1.362933 1.495549 1.065494
 25.700000 1.486377 1.581556 1.327402 1.505287 3.344023
 25.800000 1.470406 1.544336 1.314620 1.487903 2.221704
 25.900000 1.457863 1.531135 1.383922 1.499424 1.500650
 26.000000 1.469426 1.551057 1.377854 1.486885 2.160292
 26.100000 1.460647 1.560545 1.333313 1.471300 1.648524
 26.200000 1.485096 1.517658 1.310366 1.507324 3.245565
 26.300000 1.466646 1.535617 1.371923 1.514810 1.990788
 26.400000 1.481478 1.540301 1.375909 1.471387 2.975458
 26.500000 1.482558 1.528561 1.355481 1.517843 3.054848
 26.600000 1.436846 1.523837 1.321000 1.535442 0.608496
 26.700000 1.503708 1.550578 1.348914 1.493054 4.820548
 26.800000 1.450168 1.546910 1.382795 1.495705 1.128050
 26.900000 1.461684 1.516317 1.354023 1.528429 1.705359
 27.000000 1.493452 1.527215 1.320330 1.532942 3.914280
 27.100000 1.440799 1.548060 1.351797 1.514751 0.746061
 27.200000 1.490761 1.503879 1.362879 1.506529 3.692045
 27.300000 1.485936 1.508848 1.372600 1.538139 3.309987
 27.400000 1.461023 1.534465 1.324458 1.507322 1.669009
 27.500000 1.468771 1.519653 1.343397 1.528134 2.119721
 27.600000 1.470772 1.490403 1.357005 1.544499 2.244914
 27.700000 1.479517 1.507101 1.378304 1.518021 2.833974
 27.800000 1.449114 1.517505 1.338966 1.511191 1.081160
 27.900000 1.511816 1.506141 1.322887 1.543379 5.603783
 28.000000 1.438540 1.502848 1.347814 1.554889 0.665717
 28.100000 1.468724 1.508777 1.396172 1.528935 2.116860
 28.200000 1.515680 1.512980 1.350554 1.533587 5.997740
 28.300000 1.427604 1.497442 1.323003 1.575446 0.341508
 28.400000 1.505084 1.495161 1.333337 1.526123 4.949312
 28.500000 1.457813 1.518160 1.368085 1.537509 1.498028
 28.600000 1.439096 1.474597 1.359145 1.553867 0.685067
 28.700000 1.498298 1.487899 1.369314 1.537369 4.330745
 28.800000 1.450585 1.513951 1.328479 1.526158 1.146864
 28.900000 1.486410 1.496045 1.331510 1.545743 3.346551
 29.000000 1.473934 1.466544 1.359213 1.552713 2.449943
 29.100000 1.483161 1.513685 1.390549 1.528343 3.099617
 29.200000 1.458920 1.507771 1.335074 1.526484 1.555981
 29.300000 1.463919 1.480705 1.316844 1.570866 1.831161
 29.400000 1.491503 1.498255 1.346914 1.544523 3.752648
 29.500000 1.447669 1.509030 1.386825 1.529913 1.018443
 29.600000 1.483826 1.495508 1.331118 1.552744 3.149399
 29.700000 1.474005 1.512186 1.326707 1.556047 2.454671
 29.800000 1.446843 1.523468 1.338051 1.535678 0.983484
 29.900000 1.506794 1.487966 1.386695 1.543177 5.111748
 30.000000 1.477100 1.488558 1.360709 1.553759 2.664308
 30.100000 1.458167 1.512261 1.327575 1.536956 1.516445
 30.200000 1.470571 1.524802 1.328297 1.510728 2.232140
 30.300000 1.476328 1.498504 1.401856 1.548467 2.611174
 30.400000 1.446929 1.487108 1.374459 1.504074 0.987069
 30.500000 1.490447 1.545879 1.328808 1.517993 3.666538
 30.600000 1.475617 1.517241 1.316754 1.537395 2.562788
 30.700000 1.450838 1.519365 1.379687 1.520203 1.158372
 30.800000 1.500281 1.530390 1.372162 1.511107 4.507214
 30.900000 1.473051 1.558346 1.337955 1.532829 2.391764
 31.000000 1.451651 1.506819 1.303627 1.522690 1.195734
 31.100000 1.507847 1.549048 1.350163 1.520639 5.213038
 31.200000 1.450232 1.530449 1.360395 1.491350 1.130917
 31.300000 1.457570 1.522257 1.374196 1.516032 1.485482
 31.400000 1.486823 1.530364 1.328636 1.518765 3.378674
 31.500000 1.459515 1.539639 1.340208 1.483292 1.587544
 31.600000 1.480537 1.538520 1.352578 1.497506 2.907133
 31.700000 1.489725 1.528009 1.370001 1.492800 3.608283
 31.800000 1.452464 1.573374 1.358646 1.500244 1.233676
 31.900000 1.462693 1.532020 1.347651 1.482687 1.761623
 32.000000 1.475479 1.528856 1.319088 1.517549 2.553417
 32.100000 1.464858 1.557427 1.355686 1.514549 1.885358
 32.200000 1.470177 1.545707 1.360227 1.455347 2.207298
 32.300000 1.484283 1.560451 1.353758 1.527264 3.183875
 32.400000 1.456405 1.538444 1.305399 1.530275 1.425951
 32.500000 1.470914 1.552480 1.361503 1.470478 2.253902
 32.600000 1.494420 1.541599 1.371253 1.489214 3.995732
 32.700000 1.462151 1.531539 1.363605 1.502784 1.731303
 32.800000 1.467115 1.533123 1.310856 1.496875 2.018885
 32.900000 1.478693 1.565493 1.369231 1.505696 2.775539
 33.000000 1.449922 1.489954 1.366323 1.473213 1.117022
 33.100000 1.481450 1.546610 1.377863 1.529986 2.973430
 33.200000 1.486003 1.542435 1.311079 1.475525 3.315103
 33.300000 1.458971 1.539825 1.333771 1.532585 1.558665
 33.400000 1.466242 1.514940 1.360440 1.533653 1.966684
 33.500000 1.496967 1.541121 1.388455 1.500948 4.214212
 33.600000 1.456176 1.557701 1.321194 1.523424 1.414396
 33.700000 1.475845 1.503310 1.313761 1.532578 2.578232
 33.800000 1.486939 1.510465 1.353714 1.510698 3.387685
 33.900000 1.433874 1.530388 1.412568 1.528008 0.514280
 34.000000 1.478633 1.497867 1.344125 1.501411 2.771297
 34.100000 1.481748 1.512228 1.330596 1.549259 2.995190
 34.200000 1.453638 1.510094 1.340492 1.521820 1.289463
 34.300000 1.510780 1.504732 1.384732 1.512931 5.500401
 34.400000 1.463182 1.496414 1.344967 1.563739 1.789171
 34.500000 1.461452 1.504330 1.370687 1.519588 1.692545
 34.600000 1.477154 1.534964 1.321768 1.537202 2.668040
 34.700000 1.471857 1.493275 1.338503 1.548496 2.314222
 34.800000 1.461305 1.480962 1.347638 1.528742 1.684473
 34.900000 1.482659 1.544155 1.376175 1.559835 3.062294
 35.000000 1.466653 1.473353 1.320585 1.517935 1.991189
 35.100000 1.463601 1.509450 1.345458 1.580256 1.813012
 35.200000 1.482855 1.488890 1.342954 1.527933 3.076881
 35.300000 1.474877 1.490668 1.381333 1.523818 2.512859
 35.400000 1.466359 1.495825 1.333424 1.551162 1.973683
 35.500000 1.465965 1.507442 1.346346 1.539164 1.950313
 35.600000 1.464662 1.515803 1.326598 1.529930 1.874017
 35.700000 1.462531 1.495508 1.385829 1.536195 1.752493
 35.800000 1.475101 1.489230 1.357501 1.518572 2.527939
 35.900000 1.480805 1.541632 1.329193 1.553272 2.926529
 36.000000 1.454603 1.505531 1.305824 1.524175 1.336294
 36.100000 1.491316 1.516269 1.394393 1.545656 3.737352
 36.200000 1.473036 1.526263 1.383664 1.550588 2.390815
 36.300000 1.470316 1.511255 1.333667 1.497047 2.216042
 36.400000 1.481528 1.520783 1.301068 1.565175 2.979067
 36.500000 1.464582 1.486641 1.378110 1.507469 1.869391
 36.600000 1.452795 1.530410 1.388377 1.508733 1.249280
 36.700000 1.475982 1.516118 1.366278 1.527194 2.587596
 36.800000 1.476941 1.497645 1.299313 1.514806 2.653287
 36.900000 1.462412 1.537330 1.354225 1.536945 1.745847
 37.000000 1.497971 1.514095 1.365673 1.497094 4.301968
 37.100000 1.457392 1.522309 1.373161 1.533463 1.476306
 37.200000 1.455500 1.535731 1.315074 1.527812 1.380547
 37.300000 1.499016 1.535387 1.339028 1.503107 4.394227
 37.400000 1.449926 1.541149 1.349774 1.531585 1.117192
 37.500000 1.481190 1.517426 1.356313 1.535638 2.954424
 37.600000 1.469296 1.515627 1.328209 1.491717 2.152234
 37.700000 1.458001 1.574788 1.364647 1.544335 1.507803
 37.800000 1.479700 1.490186 1.328451 1.485762 2.847023
 37.900000 1.484233 1.542757 1.369535 1.512222 3.180034
 38.000000 1.478386 1.527560 1.355891 1.488148 2.753892
 38.100000 1.471795 1.532140 1.358571 1.486294 2.310236
 38.200000 1.462330 1.531749 1.315236 1.550078 1.741258
 38.300000 1.466875 1.514525 1.365520 1.484315 2.004478
 38.400000 1.466873 1.553478 1.373088 1.496776 2.004376
 38.500000 1.485619 1.528387 1.351404 1.514657 3.285552
 38.600000 1.464160 1.532100 1.293197 1.503547 1.845020
 38.700000 1.463611 1.565570 1.354603 1.533345 1.813567
 38.800000 1.487036 1.526513 1.377411 1.499966 3.395270
 38.900000 1.467044 1.533602 1.362390 1.520212 2.014639
 39.000000 1.472917 1.551974 1.313980 1.519946 2.383059
 39.100000 1.483767 1.517022 1.340559 1.475482 3.144978
 39.200000 1.443901 1.545295 1.366551 1.543951 0.863804
 39.300000 1.474489 1.512484 1.407607 1.498701 2.486898
 39.400000 1.471755 1.515996 1.327173 1.470989 2.307656
 39.500000 1.456492 1.559259 1.324487 1.555931 1.430352
 39.600000 1.500895 1.490970 1.332207 1.473418 4.562632
 39.700000 1.473860 1.550485 1.402746 1.513359 2.445074
 39.800000 1.455672 1.510184 1.360037 1.509656 1.389131
 39.900000 1.486083 1.551788 1.321860 1.538378 3.321293
 40.000000 1.465538 1.522993 1.312560 1.524831 1.925120
 40.100000 1.465617 1.521181 1.403639 1.505475 1.929790
 40.200000 1.471089 1.515445 1.358518 1.525210 2.265057
 40.300000 1.468530 1.534093 1.325445 1.555059 2.104932
 40.400000 1.451539 1.522619 1.314742 1.495626 1.190522
 40.500000 1.499672 1.526510 1.414539 1.553093 4.452690
 40.600000 1.478204 1.474889 1.391746 1.498773 2.741137
 40.700000 1.466061 1.526574 1.324456 1.538150 1.955988
 40.800000 1.480283 1.537266 1.306826 1.541196 2.888824
 40.900000 1.456339 1.476060 1.396998 1.481767 1.422645
 41.000000 1.477210 1.538895 1.400784 1.560539 2.671861
 41.100000 1.474029 1.494126 1.334464 1.502944 2.456253
 41.200000 1.446411 1.508815 1.270815 1.538205 0.965396
 41.300000 1.475594 1.505684 1.371397 1.576395 2.561221
 41.400000 1.472110 1.512155 1.400193 1.504766 2.330566
 41.500000 1.473511 1.513473 1.358674 1.549299 2.421994
 41.600000 1.471250 1.486756 1.309915 1.556756 2.275298
 41.700000 1.483913 1.527649 1.335964 1.529211 3.155971
 41.800000 1.468237 1.504161 1.366178 1.543951 2.086960
 41.900000 1.448895 1.478017 1.391251 1.549072 1.071532
 42.000000 1.475525 1.498016 1.349193 1.543910 2.556543
 42.100000 1.458416 1.519148 1.325508 1.527361 1.529470
 42.200000 1.468392 1.485717 1.323856 1.515698 2.096443
 42.300000 1.493987 1.500042 1.381370 1.571485 3.959206
 42.400000 1.460813 1.474603 1.389407 1.485199 1.657558
 42.500000 1.470189 1.538804 1.356086 1.585637 2.208075
 42.600000 1.493299 1.497440 1.291013 1.552933 3.901443
 42.700000 1.453185 1.503478 1.354586 1.508723 1.267813
 42.800000 1.485015 1.545624 1.386745 1.533080 3.239362
 42.900000 1.477018 1.501293 1.349596 1.525929 2.658628
 43.000000 1.423281 1.517425 1.288743 1.576935 0.242920
 43.100000 1.491500 1.529617 1.346022 1.523373 3.752455
 43.200000 1.466582 1.502893 1.403126 1.507216 1.986961
 43.300000 1.483888 1.504523 1.373053 1.538288 3.154062
 43.400000 1.478922 1.524724 1.300263 1.516447 2.791717
 43.500000 1.466957 1.538946 1.340498 1.515099 2.009375
 43.600000 1.475874 1.499988 1.394631 1.527328 2.580234
 43.700000 1.453933 1.491714 1.402039 1.497748 1.303694
 43.800000 1.499454 1.564576 1.324242 1.522411 4.433171
 43.900000 1.444692 1.520516 1.302564 1.504380 0.895216
 44.000000 1.472100 1.518253 1.370447 1.528509 2.329941
 44.100000 1.486643 1.560427 1.397347 1.514712 3.364634
 44.200000 1.444979 1.537082 1.346207 1.471858 0.906748
 44.300000 1.509151 1.532242 1.312124 1.572579 5.339796
 44.400000 1.469068 1.539059 1.321466 1.498067 2.138113
 44.500000 1.458920 1.560712 1.384013 1.498568 1.555958
 44.600000 1.479567 1.528663 1.370709 1.503507 2.837535
 44.700000 1.467046 1.518007 1.353919 1.506993 2.014711
 44.800000 1.456169 1.548913 1.311226 1.506105 1.414058
 44.900000 1.476755 1.554158 1.331640 1.483405 2.640520
 45.000000 1.467963 1.485723 1.382500 1.495676 2.070208
 45.100000 1.469251 1.561071 1.390953 1.511165 2.149425
 45.200000 1.478601 1.559848 1.332209 1.466967 2.769058
 45.300000 1.481482 1.530795 1.305257 1.532977 2.975760
 45.400000 1.475710 1.525891 1.363170 1.515397 2.569107
 45.500000 1.464094 1.558716 1.394924 1.469019 1.841217
 45.600000 1.480157 1.550077 1.344928 1.532250 2.879746
 45.700000 1.442848 1.508243 1.304445 1.506959 0.822854
 45.800000 1.479213 1.581075 1.353889 1.518705 2.812310
 45.900000 1.490524 1.514165 1.403243 1.461297 3.672810
 46.000000 1.445922 1.513953 1.357335 1.533306 0.945179
 46.100000 1.505602 1.539510 1.305236 1.540360 4.998202
 46.200000 1.459808 1.544553 1.350422 1.464601 1.603227
 46.300000 1.464722 1.511039 1.409603 1.521904 1.877499
 46.400000 1.489792 1.502390 1.372459 1.531706 3.613659
 46.500000 1.450575 1.544480 1.300123 1.485121 1.146403
 46.600000 1.474593 1.537469 1.330418 1.516074 2.493867
 46.700000 1.461196 1.502996 1.409352 1.555390 1.678460
 46.800000 1.476425 1.508274 1.379299 1.518300 2.617842
 46.900000 1.470368 1.564006 1.320293 1.513677 2.219325
 47.000000 1.480906 1.501049 1.314294 1.527663 2.933802
 47.100000 1.487424 1.535646 1.378116 1.562391 3.425581
 47.200000 1.442728 1.512191 1.381860 1.455735 0.818272
 47.300000 1.492838 1.532222 1.352429 1.559046 3.862987
 47.400000 1.453408 1.493378 1.326217 1.538374 1.278440
 47.500000 1.458218 1.507955 1.338135 1.504167 1.519120
 47.600000 1.492023 1.530448 1.362099 1.526439 3.795458
 47.700000 1.453782 1.463888 1.391706 1.530038 1.296423
 47.800000 1.471299 1.497679 1.348721 1.547689 2.278424
 47.900000 1.483542 1.543140 1.311518 1.528704 3.128071
 48.000000 1.469293 1.501805 1.347276 1.536234 2.152070
 48.100000 1.476170 1.486450 1.385223 1.549273 2.600417
 48.200000 1.480029 1.545984 1.370231 1.524193 2.870555
 48.300000 1.438562 1.484006 1.290732 1.530123 0.666503
 48.400000 1.464639 1.516991 1.330744 1.609338 1.872682
 48.500000 1.471687 1.487616 1.381810 1.493864 2.303336
 48.600000 1.472781 1.523636 1.391770 1.541295 2.374129
 48.700000 1.475547 1.481337 1.318385 1.531147 2.558039
 48.800000 1.476051 1.511945 1.316344 1.574677 2.592276
 48.900000 1.474245 1.508548 1.383754 1.502762 2.470613
 49.000000 1.453775 1.472975 1.425804 1.515402 1.296061
 49.100000 1.497563 1.497344 1.336481 1.591885 4.266185
 49.200000 1.456228 1.507968 1.297794 1.481766 1.417040
 49.300000 1.454204 1.542666 1.358308 1.551436 1.316849
 49.400000 1.488344 1.483271 1.410730 1.565976 3.498029
 49.500000 1.426385 1.502040 1.366040 1.506143 0.312025
 49.600000 1.509118 1.541507 1.285005 1.523641 5.336597
 49.700000 1.479928 1.518064 1.327937 1.593310 2.863299
 49.800000 1.463507 1.463394 1.382898 1.509902 1.807675
 49.900000 1.487454 1.549526 1.375937 1.518548 3.427896
 50.000000 1.445126 1.525004 1.335368 1.546108 0.912677
