#! FIELDS time d1 d2 d3 d4 rest.bias
 0.000000 2.880708 1.362698 1.435946 1.311538 2.919459
 0.100000 2.825344 1.314922 1.460016 1.347851 0.287882
 0.200000 2.815218 1.342154 1.463335 1.347093 0.103791
 0.300000 2.822999 1.357690 1.477584 1.334421 0.237071
 0.400000 2.797270 1.317458 1.459427 1.348924 0.003341
 0.500000 2.849941 1.367092 1.453355 1.335864 1.117876
 0.600000 2.827038 1.323857 1.439454 1.343230 0.327647
 0.700000 2.851547 1.328351 1.458162 1.351005 1.190891
 0.800000 2.826372 1.352008 1.480741 1.294283 0.311721
 0.900000 2.805201 1.347815 1.473663 1.376743 0.012124
 1.000000 2.811825 1.314892 1.466127 1.332740 0.062676
 1.100000 2.873994 1.375606 1.417999 1.320209 2.453951
 1.200000 2.811907 1.313631 1.457441 1.319544 0.063541
 1.300000 2.846812 1.343067 1.480266 1.376866 0.982190
 1.400000 2.814120 1.350017 1.468540 1.293927 0.089354
 1.500000 2.839227 1.339672 1.484556 1.353750 0.689677
 1.600000 2.818182 1.316871 1.441411 1.346213 0.148173
 1.700000 2.830191 1.361105 1.436680 1.322122 0.408521
 1.800000 2.821880 1.317730 1.451234 1.343949 0.214568
 1.900000 2.832806 1.336044 1.481908 1.357218 0.482366
 2.000000 2.801708 1.369659 1.510106 1.311848 0.001307
 2.100000 2.841654 1.326207 1.488682 1.375445 0.777648
 2.200000 2.851005 1.323995 1.447095 1.326482 1.165979
 2.300000 2.841283 1.343342 1.433404 1.324280 0.763856
 2.400000 2.805368 1.335698 1.432458 1.367505 0.012914
 2.500000 2.815186 1.336114 1.430085 1.313637 0.103356
 2.600000 2.855034 1.347873 1.455733 1.324305 1.357478
 2.700000 2.805528 1.324409 1.481194 1.345455 0.013695
 2.800000 2.839705 1.347431 1.493477 1.360047 0.706567
 2.900000 2.807437 1.340524 1.439527 1.316931 0.024789
 3.000000 2.833090 1.338234 1.428044 1.376000 0.490752
 3.100000 2.812025 1.333246 1.456132 1.327146 0.064811
 3.200000 2.867658 1.344952 1.429940 1.328071 2.051671
 3.300000 2.849580 1.306735 1.468560 1.329553 1.101761
 3.400000 2.805985 1.355537 1.522179 1.360360 0.016055
 3.500000 2.769302 1.358870 1.488648 1.334421 0.422365
 3.600000 2.876206 1.333604 1.425934 1.347177 2.602870
 3.700000 2.812016 1.305012 1.410414 1.332647 0.064713
 3.800000 2.825204 1.362274 1.483055 1.345157 0.284724
 3.900000 2.825532 1.336694 1.463614 1.319706 0.292173
 4.000000 2.841350 1.310050 1.471678 1.347141 0.766325
 4.100000 2.830212 1.352753 1.466240 1.350446 0.409093
 4.200000 2.789901 1.345767 1.452116 1.321348 0.045707
 4.300000 2.858123 1.317894 1.432479 1.374990 1.514122
 4.400000 2.818027 1.338586 1.449773 1.311429 0.145660
 4.500000 2.815409 1.355758 1.491475 1.347837 0.106413
 4.600000 2.854187 1.319936 1.434410 1.334974 1.316012
 4.700000 2.818352 1.339175 1.439646 1.334293 0.150956
 4.800000 2.814555 1.336143 1.418980 1.353463 0.094956
 4.900000 2.842691 1.365202 1.477816 1.337546 0.816837
 5.000000 2.805653 1.326676 1.461018 1.329682 0.014323
 5.100000 2.835151 1.343095 1.464255 1.353654 0.553788
 5.200000 2.822707 1.354307 1.457136 1.340260 0.231096
 5.300000 2.830082 1.312173 1.440832 1.314357 0.405584
 5.400000 2.864671 1.343676 1.422144 1.373154 1.874520
 5.500000 2.776934 1.326072 1.471868 1.314074 0.238453
 5.600000 2.858769 1.361560 1.487793 1.344540 1.548017
 5.700000 2.811978 1.314814 1.481467 1.329026 0.064304
 5.800000 2.822347 1.336412 1.469681 1.343066 0.223825
 5.900000 2.832944 1.345655 1.437027 1.326561 0.486426
 6.000000 2.825179 1.320195 1.432574 1.358750 0.284143
 6.100000 2.813957 1.348736 1.462552 1.336608 0.087310
 6.200000 2.822443 1.348072 1.480225 1.343639 0.225752
 6.300000 2.832384 1.316595 1.491292 1.339528 0.470027
 6.400000 2.855448 1.332177 1.464000 1.318959 1.377975
 6.500000 2.805683 1.351768 1.425402 1.358309 0.014476
 6.600000 2.821868 1.327789 1.444496 1.339628 0.214328
 6.700000 2.833281 1.347816 1.456971 1.327902 0.496452
 6.800000 2.821283 1.342281 1.490626 1.357238 0.203019
 6.900000 2.849688 1.329121 1.473729 1.338237 1.106556
 7.000000 2.844267 1.344485 1.449824 1.316908 0.878294
 7.100000 2.821988 1.347187 1.432026 1.341487 0.216701
 7.200000 2.799982 1.324621 1.460135 1.356698 0.000000
 7.300000 2.836736 1.362053 1.467292 1.325841 0.604850
 7.400000 2.830960 1.327950 1.455865 1.332857 0.429619
 7.500000 2.822488 1.327179 1.460259 1.365419 0.226654
 7.600000 2.832644 1.352285 1.445603 1.306737 0.477629
 7.700000 2.826379 1.346375 1.448177 1.348564 0.311872
 7.800000 2.810769 1.309155 1.495521 1.347689 0.051980
 7.900000 2.832189 1.379034 1.479595 1.340129 0.464385
 8.000000 2.799210 1.317206 1.453963 1.331001 0.000280
 8.100000 2.862398 1.334746 1.383046 1.351351 1.745071
 8.200000 2.820037 1.341689 1.440709 1.312838 0.179942
 8.300000 2.801665 1.344044 1.466674 1.372466 0.001243
 8.400000 2.833008 1.346097 1.482812 1.334938 0.488331
 8.500000 2.843828 1.328079 1.460204 1.322266 0.860935
 8.600000 2.841440 1.330365 1.458403 1.354879 0.769698
 8.700000 2.826904 1.347455 1.464127 1.356889 0.324408
 8.800000 2.799723 1.364006 1.444764 1.322601 0.000034
 8.900000 2.820082 1.319128 1.438709 1.364183 0.180758
 9.000000 2.830536 1.349524 1.418893 1.341145 0.417935
 9.100000 2.821360 1.329234 1.470394 1.315294 0.204482
 9.200000 2.871850 1.358942 1.473277 1.364124 2.313815
 9.300000 2.793545 1.309840 1.518938 1.320666 0.018675
 9.400000 2.854056 1.369971 1.469761 1.347004 1.309664
 9.500000 2.784767 1.316272 1.408356 1.328265 0.103998
 9.600000 2.822230 1.355646 1.405269 1.364144 0.221490
 9.700000 2.794293 1.328313 1.436478 1.322982 0.014596
 9.800000 2.846009 1.358531 1.494490 1.363696 0.948779
 9.900000 2.852454 1.306621 1.489974 1.294511 1.233177
 10.000000 2.856819 1.347673 1.468402 1.356634 1.446987
 10.100000 2.795927 1.341579 1.447172 1.330832 0.007437
 10.200000 2.813752 1.346331 1.464660 1.354131 0.084768
 10.300000 2.829981 1.334306 1.426184 1.324942 0.402868
 10.400000 2.847919 1.317810 1.450930 1.351686 1.029157
 10.500000 2.813300 1.360969 1.443505 1.340547 0.079279
 10.600000 2.799129 1.337150 1.450895 1.327450 0.000340
 10.700000 2.833915 1.344472 1.456023 1.383113 0.515544
 10.800000 2.802770 1.330127 1.465253 1.309395 0.003438
 10.900000 2.883215 1.371116 1.457737 1.338658 3.103696
 11.000000 2.810259 1.274611 1.476677 1.332867 0.047168
 11.100000 2.818629 1.390955 1.466223 1.354541 0.155536
 11.200000 2.799285 1.344255 1.442532 1.336419 0.000229
 11.300000 2.833232 1.327971 1.426833 1.359554 0.494969
 11.400000 2.832843 1.341159 1.413549 1.318596 0.483468
 11.500000 2.833281 1.347607 1.482996 1.350734 0.496432
 11.600000 2.805357 1.329154 1.463395 1.347380 0.012864
 11.700000 2.835788 1.357018 1.477316 1.336554 0.574057
 11.800000 2.826372 1.340143 1.452870 1.322791 0.311714
 11.900000 2.820710 1.317975 1.488406 1.354755 0.192241
 12.000000 2.832030 1.376208 1.446097 1.339590 0.459830
 12.100000 2.805867 1.313587 1.437056 1.330218 0.015429
 12.200000 2.870497 1.346170 1.429572 1.376031 2.227476
 12.300000 2.797761 1.342162 1.459561 1.295320 0.002247
 12.400000 2.841159 1.349102 1.444427 1.375360 0.759286
 12.500000 2.794418 1.300300 1.472377 1.324302 0.013963
 12.600000 2.819504 1.416005 1.494011 1.350476 0.170507
 12.700000 2.810327 1.292899 1.476845 1.342027 0.047803
 12.800000 2.899247 1.333014 1.412963 1.342542 4.414736
 12.900000 2.801894 1.351636 1.428543 1.295579 0.001608
 13.000000 2.804876 1.351906 1.447085 1.409378 0.010657
 13.100000 2.819991 1.319097 1.459166 1.324806 0.179125
 13.200000 2.840756 1.348415 1.456770 1.308328 0.744497
 13.300000 2.802367 1.347448 1.483836 1.373496 0.002511
 13.400000 2.811465 1.336060 1.461359 1.336953 0.058914
 13.500000 2.858920 1.378144 1.445379 1.306269 1.555975
 13.600000 2.813421 1.295688 1.459781 1.361476 0.080728
 13.700000 2.847355 1.364986 1.465120 1.355910 1.005095
 13.800000 2.816468 1.344909 1.461285 1.295884 0.121546
 13.900000 2.848980 1.330909 1.440962 1.390007 1.075229
 14.000000 2.763522 1.338629 1.463502 1.315681 0.596387
 14.100000 2.829274 1.394619 1.431192 1.347120 0.384083
 14.200000 2.831824 1.266866 1.453834 1.344093 0.453930
 14.300000 2.859742 1.380728 1.464245 1.330711 1.599660
 14.400000 2.802777 1.341375 1.498352 1.327204 0.003457
 14.500000 2.834100 1.351452 1.465725 1.381480 0.521163
 14.600000 2.804606 1.317631 1.421354 1.301484 0.009509
 14.700000 2.846650 1.363722 1.415356 1.330767 0.975369
 14.800000 2.793314 1.313745 1.472357 1.360866 0.020038
 14.900000 2.813658 1.357200 1.500323 1.331453 0.083603
 15.000000 2.858350 1.349208 1.481879 1.331073 1.525988
 15.100000 2.813200 1.287292 1.481783 1.339147 0.078099
 15.200000 2.856402 1.416528 1.424549 1.343956 1.425824
 15.300000 2.806079 1.276549 1.446585 1.327509 0.016561
 15.400000 2.847022 1.368810 1.442843 1.370201 0.991019
 15.500000 2.782558 1.350928 1.493681 1.295955 0.136357
 15.600000 2.850869 1.336910 1.481447 1.411307 1.159771
 15.700000 2.834203 1.307227 1.448675 1.293107 0.524333
 15.800000 2.848727 1.404194 1.422950 1.334336 1.064172
 15.900000 2.780397 1.299645 1.476994 1.362296 0.172232
 16.000000 2.862727 1.362222 1.457086 1.336955 1.763515
 16.100000 2.820132 1.334209 1.485515 1.313899 0.181652
 16.200000 2.827129 1.340029 1.478170 1.367858 0.329858
 16.300000 2.810954 1.346053 1.464391 1.349330 0.053777
 16.400000 2.825577 1.335325 1.409140 1.316330 0.293211
 16.500000 2.835863 1.331985 1.475799 1.335688 0.576442
 16.600000 2.799395 1.360190 1.507425 1.370559 0.000164
 16.700000 2.834603 1.340247 1.483160 1.323531 0.536664
 16.800000 2.865150 1.308666 1.444668 1.335592 1.902409
 16.900000 2.808577 1.361574 1.448623 1.339556 0.032968
 17.000000 2.800471 1.343930 1.454415 1.345196 0.000099
 17.100000 2.851360 1.319310 1.444971 1.359543 1.182306
 17.200000 2.808053 1.344558 1.464546 1.305314 0.029069
 17.300000 2.832908 1.364016 1.502161 1.347145 0.485359
 17.400000 2.822562 1.315469 1.461269 1.354365 0.228162
 17.500000 2.839151 1.348307 1.454691 1.317190 0.687014
 17.600000 2.822464 1.336975 1.425520 1.332264 0.226177
 17.700000 2.810987 1.335281 1.432026 1.376113 0.054100
 17.800000 2.822045 1.333745 1.424699 1.319181 0.217824
 17.900000 2.859164 1.342398 1.433566 1.311939 1.568860
 18.000000 2.815793 1.328785 1.485153 1.354682 0.111793
 18.100000 2.831768 1.353265 1.481134 1.343309 0.452338
 18.200000 2.816195 1.328161 1.442281 1.319922 0.117558
 18.300000 2.828873 1.311517 1.420602 1.364184 0.373635
 18.400000 2.823219 1.380292 1.462834 1.321786 0.241632
 18.500000 2.831815 1.336663 1.455788 1.344177 0.453665
 18.600000 2.849594 1.308111 1.469326 1.348766 1.102357
 18.700000 2.808390 1.370123 1.460983 1.322638 0.031553
 18.800000 2.802821 1.344348 1.467718 1.361311 0.003566
 18.900000 2.825228 1.316640 1.422221 1.353805 0.285252
 19.000000 2.843561 1.353196 1.466655 1.301895 0.850471
 19.100000 2.838610 1.340877 1.496322 1.355847 0.668152
 19.200000 2.815834 1.333933 1.488344 1.360311 0.112370
 19.300000 2.856171 1.349431 1.445790 1.297159 1.414160
 19.400000 2.830428 1.329698 1.425692 1.347711 0.414978
 19.500000 2.782538 1.343456 1.464738 1.358704 0.136659
 19.600000 2.838478 1.371798 1.481664 1.328786 0.663593
 19.700000 2.842046 1.308722 1.456465 1.330244 0.792364
 19.800000 2.822908 1.336368 1.474851 1.352504 0.235197
 19.900000 2.817808 1.370344 1.486599 1.328626 0.142133
 20.000000 2.830193 1.309800 1.439330 1.351041 0.408577
 20.100000 2.836785 1.327520 1.440337 1.332949 0.606476
 20.200000 2.817737 1.386164 1.468730 1.327457 0.141012
 20.300000 2.794032 1.318517 1.480310 1.371670 0.015965
 20.400000 2.844091 1.342223 1.455202 1.332291 0.871316
 20.500000 2.818947 1.349866 1.477431 1.313783 0.160899
 20.600000 2.815407 1.330150 1.473040 1.382731 0.106399
 20.700000 2.830757 1.351740 1.446954 1.324129 0.424006
 20.800000 2.843091 1.345512 1.436144 1.318774 0.832223
 20.900000 2.811039 1.320476 1.445552 1.354337 0.054619
 21.000000 2.806068 1.369418 1.486202 1.363901 0.016503
 21.100000 2.819489 1.343062 1.458994 1.314863 0.170244
 21.200000 2.866490 1.314434 1.450739 1.354626 1.981449
 21.300000 2.785949 1.368682 1.472471 1.345853 0.088493
 21.400000 2.821116 1.353416 1.469029 1.344038 0.199852
 21.500000 2.858170 1.305345 1.430124 1.357564 1.516589
 21.600000 2.814206 1.353026 1.453200 1.320026 0.090454
 21.700000 2.816967 1.363739 1.459431 1.349435 0.129025
 21.800000 2.836364 1.315164 1.457905 1.369474 0.592686
 21.900000 2.829898 1.345883 1.440285 1.315985 0.400650
 22.000000 2.828311 1.361050 1.469208 1.331081 0.359247
 22.100000 2.803453 1.325717 1.454980 1.370250 0.005343
 22.200000 2.839939 1.345246 1.449497 1.320635 0.714921
 22.300000 2.862448 1.348085 1.436018 1.312138 1.747877
 22.400000 2.792068 1.325388 1.499640 1.379880 0.028200
 22.500000 2.824371 1.363157 1.465658 1.340261 0.266209
 22.600000 2.837893 1.337622 1.421152 1.313763 0.643568
 22.700000 2.820883 1.318009 1.429924 1.371783 0.195454
 22.800000 2.811806 1.376557 1.480505 1.326107 0.062470
 22.900000 2.837667 1.341834 1.467593 1.340015 0.635910
 23.000000 2.852321 1.305181 1.476913 1.343342 1.226949
 23.100000 2.832405 1.370585 1.447548 1.324713 0.470641
 23.200000 2.803135 1.336566 1.438455 1.336404 0.004406
 23.300000 2.827835 1.327907 1.416768 1.369433 0.347262
 23.400000 2.808104 1.351252 1.480225 1.316665 0.029436
 23.500000 2.839570 1.349928 1.459018 1.354439 0.701796
 23.600000 2.837171 1.324201 1.496720 1.341089 0.619259
 23.700000 2.839758 1.359604 1.428659 1.316645 0.708454
 23.800000 2.819840 1.327169 1.453518 1.363061 0.176431
 23.900000 2.792669 1.347228 1.423817 1.360072 0.024091
 24.000000 2.836183 1.357520 1.436574 1.318348 0.586777
 24.100000 2.836156 1.307307 1.442134 1.340910 0.585909
 24.200000 2.837993 1.350727 1.487594 1.341387 0.646945
 24.300000 2.836230 1.348259 1.487440 1.325651 0.588321
 24.400000 2.838088 1.322336 1.462627 1.360822 0.650199
 24.500000 2.806088 1.345703 1.401904 1.336582 0.016612
 24.600000 2.807432 1.365341 1.425606 1.332971 0.024759
 24.700000 2.803562 1.323997 1.432842 1.365772 0.005688
 24.800000 2.851060 1.342735 1.473276 1.327153 1.168530
 24.900000 2.855642 1.346352 1.510260 1.325299 1.387648
 25.000000 2.844151 1.319058 1.491036 1.361719 0.873662
 25.100000 2.816835 1.355618 1.438945 1.330777 0.127033
 25.200000 2.817623 1.352686 1.411551 1.330818 0.139203
 25.300000 2.795576 1.325561 1.448311 1.361968 0.008770
 25.400000 2.842989 1.364543 1.481721 1.344888 0.828300
 25.500000 2.841740 1.328740 1.489422 1.312555 0.780850
 25.600000 2.861569 1.313926 1.466353 1.354210 1.698997
 25.700000 2.809554 1.348821 1.466488 1.318770 0.040908
 25.800000 2.799118 1.358329 1.432008 1.362194 0.000349
 25.900000 2.820984 1.322133 1.457845 1.341862 0.197361
 26.000000 2.840445 1.355904 1.438562 1.323620 0.733151
 26.100000 2.837258 1.324083 1.510116 1.350095 0.622162
 26.200000 2.848968 1.332238 1.475872 1.338726 1.074712
 26.300000 2.824744 1.338820 1.453215 1.317444 0.274428
 26.400000 2.820049 1.343910 1.434750 1.363062 0.180163
 26.500000 2.776128 1.345649 1.462668 1.350651 0.255416
 26.600000 2.840604 1.369034 1.430425 1.324445 0.738940
 26.700000 2.873806 1.291104 1.468342 1.342828 2.441481
 26.800000 2.847937 1.356443 1.489684 1.336165 1.029931
 26.900000 2.815366 1.354420 1.474672 1.333219 0.105832
 27.000000 2.838659 1.322747 1.440941 1.357998 0.669829
 27.100000 2.790661 1.340836 1.432289 1.330022 0.039093
 27.200000 2.816785 1.368014 1.460460 1.351675 0.126268
 27.300000 2.831169 1.305815 1.432618 1.350888 0.435432
 27.400000 2.857369 1.344615 1.458805 1.311403 1.475122
 27.500000 2.826064 1.348374 1.460546 1.344735 0.304466
 27.600000 2.798235 1.327573 1.499287 1.360002 0.001396
 27.700000 2.826493 1.363381 1.447145 1.329488 0.314574
 27.800000 2.834120 1.323514 1.422565 1.324783 0.521768
 27.900000 2.825278 1.333294 1.448019 1.347823 0.286396
 28.000000 2.842440 1.348996 1.463777 1.330770 0.807267
 28.100000 2.829634 1.327454 1.466780 1.340006 0.393589
 28.200000 2.833957 1.338759 1.455006 1.356438 0.516810
 28.300000 2.806318 1.356980 1.457604 1.323234 0.017892
 28.400000 2.830543 1.339969 1.414584 1.352499 0.418106
 28.500000 2.842811 1.303101 1.428653 1.327939 0.821451
 28.600000 2.848738 1.373455 1.491989 1.332453 1.064651
 28.700000 2.801493 1.333932 1.473297 1.347063 0.000999
 28.800000 2.864181 1.326700 1.446133 1.352820 1.846228
 28.900000 2.832892 1.329280 1.426709 1.299893 0.484899
 29.000000 2.822166 1.365585 1.434662 1.363844 0.220215
 29.100000 2.792783 1.325438 1.456214 1.349998 0.023346
 29.200000 2.836744 1.345725 1.453938 1.327190 0.605130
 29.300000 2.832278 1.351530 1.479928 1.341481 0.466963
 29.400000 2.831404 1.325401 1.455418 1.338944 0.442009
 29.500000 2.852892 1.339582 1.440730 1.339463 1.253884
 29.600000 2.821908 1.326030 1.452051 1.317725 0.215110
 29.700000 2.793398 1.365112 1.461088 1.360321 0.019532
 29.800000 2.804698 1.331216 1.490968 1.341453 0.009892
 29.900000 2.876779 1.327723 1.426603 1.339300 2.642163
 30.000000 2.819480 1.339863 1.474237 1.330969 0.170079
 30.100000 2.808310 1.355192 1.463802 1.347957 0.030950
 30.200000 2.811587 1.323264 1.482206 1.346670 0.060178
 30.300000 2.828673 1.361960 1.434835 1.336230 0.368475
 30.400000 2.812933 1.338161 1.471767 1.330646 0.074963
 30.500000 2.866160 1.316411 1.437936 1.367168 1.961818
 30.600000 2.834917 1.330052 1.474371 1.303590 0.546441
 30.700000 2.823128 1.373535 1.472251 1.347369 0.239747
 30.800000 2.788182 1.320836 1.464511 1.358287 0.062599
 30.900000 2.822490 1.350417 1.432978 1.333670 0.226696
 31.000000 2.849457 1.331901 1.432020 1.311482 1.096293
 31.100000 2.848306 1.325889 1.450845 1.353152 1.045858
 31.200000 2.815018 1.349431 1.502995 1.337848 0.101089
 31.300000 2.785860 1.354014 1.459453 1.334971 0.089609
 31.400000 2.829200 1.323500 1.462431 1.357597 0.382146
 31.500000 2.846380 1.334550 1.430294 1.310647 0.964107
 31.600000 2.875606 1.354655 1.463465 1.337512 2.562059
 31.700000 2.821449 1.299187 1.464071 1.343500 0.206207
 31.800000 2.826147 1.368303 1.460093 1.355308 0.306426
 31.900000 2.803243 1.344789 1.455530 1.316814 0.004714
 32.000000 2.807503 1.319666 1.455201 1.378022 0.025233
 32.100000 2.813024 1.385073 1.472046 1.318369 0.076022
 32.200000 2.867765 1.321372 1.480524 1.325882 2.058191
 32.300000 2.848290 1.296116 1.469037 1.364634 1.045178
 32.400000 2.837375 1.377176 1.477752 1.322965 0.626093
 32.500000 2.785320 1.322051 1.475696 1.343419 0.096590
 32.600000 2.827511 1.337398 1.438840 1.372261 0.339217
 32.700000 2.818483 1.341520 1.439052 1.291441 0.153110
 32.800000 2.870866 1.338348 1.454660 1.370696 2.250882
 32.900000 2.825406 1.299078 1.475430 1.349776 0.289295
 33.000000 2.819307 1.376655 1.496230 1.323948 0.167063
 33.100000 2.815654 1.328348 1.455402 1.336676 0.109835
 33.200000 2.835474 1.330894 1.451691 1.354831 0.564013
 33.300000 2.827044 1.341370 1.428891 1.317473 0.327804
 33.400000 2.804774 1.343115 1.459704 1.335329 0.010215
 33.500000 2.823035 1.324379 1.488666 1.376943 0.237816
 33.600000 2.816583 1.356348 1.494197 1.291576 0.123252
 33.700000 2.862137 1.332140 1.459339 1.354730 1.730509
 33.800000 2.823106 1.302720 1.453272 1.344180 0.239298
 33.900000 2.826400 1.406799 1.421964 1.311750 0.312372
 34.000000 2.793339 1.291150 1.466562 1.361942 0.019889
 34.100000 2.819667 1.358995 1.449097 1.381100 0.173363
 34.200000 2.831946 1.353841 1.484689 1.296170 0.457396
 34.300000 2.867752 1.314112 1.458444 1.368284 2.057401
 34.400000 2.828294 1.335672 1.450800 1.315503 0.358802
 34.500000 2.840752 1.387325 1.429059 1.336845 0.744335
 34.600000 2.769531 1.311885 1.439487 1.352961 0.416090
 34.700000 2.810857 1.363769 1.472320 1.374888 0.052833
 34.800000 2.830837 1.359419 1.448303 1.317294 0.426206
 34.900000 2.843824 1.318353 1.472291 1.346243 0.860805
 35.000000 2.858126 1.341130 1.434375 1.339806 1.514291
 35.100000 2.818031 1.338035 1.450746 1.315809 0.145715
 35.200000 2.814383 1.326099 1.423824 1.395448 0.092717
 35.300000 2.790500 1.346751 1.471863 1.313926 0.040454
 35.400000 2.844634 1.372661 1.450299 1.337700 0.892898
 35.500000 2.836724 1.274670 1.476332 1.331693 0.604475
 35.600000 2.856640 1.390088 1.457228 1.345992 1.437852
 35.700000 2.767263 1.318313 1.497305 1.305416 0.480355
 35.800000 2.834075 1.357930 1.461102 1.404179 0.520422
 35.900000 2.810239 1.322908 1.467653 1.303755 0.046984
 36.000000 2.849923 1.354192 1.446717 1.346107 1.117068
 36.100000 2.841421 1.301248 1.463043 1.329520 0.768959
 36.200000 2.850626 1.360256 1.421669 1.335200 1.148735
 36.300000 2.809600 1.322949 1.440368 1.330677 0.041306
 36.400000 2.820253 1.351760 1.473846 1.352787 0.183836
 36.500000 2.796270 1.362702 1.504637 1.332563 0.006236
 36.600000 2.851501 1.322770 1.453083 1.345338 1.188775
 36.700000 2.862172 1.329069 1.432285 1.322141 1.732437
 36.800000 2.808999 1.345052 1.418758 1.319247 0.036295
 36.900000 2.808747 1.347093 1.450264 1.396088 0.034293
 37.000000 2.788252 1.334787 1.472008 1.320815 0.061861
 37.100000 2.851190 1.380061 1.490062 1.316939 1.174457
 37.200000 2.828634 1.284657 1.489734 1.356992 0.367474
 37.300000 2.843574 1.368697 1.459426 1.336628 0.850975
 37.400000 2.802232 1.347765 1.424630 1.306177 0.002232
 37.500000 2.839642 1.322233 1.428525 1.399867 0.704335
 37.600000 2.813553 1.343439 1.469421 1.313086 0.082332
 37.700000 2.857304 1.371717 1.474745 1.329111 1.471778
 37.800000 2.817556 1.298048 1.481114 1.352199 0.138134
 37.900000 2.807721 1.366422 1.457918 1.341606 0.026717
 38.000000 2.807424 1.356560 1.468461 1.334914 0.024703
 38.100000 2.840795 1.306886 1.427648 1.355413 0.745926
 38.200000 2.881243 1.343540 1.451462 1.306289 2.958328
 38.300000 2.812204 1.343486 1.511216 1.351504 0.066758
 38.400000 2.804286 1.351185 1.502737 1.381325 0.008235
 38.500000 2.807615 1.339211 1.445303 1.301995 0.025987
 38.600000 2.823611 1.341150 1.424610 1.360534 0.249863
 38.700000 2.798737 1.328197 1.448968 1.339455 0.000715
 38.800000 2.840669 1.363585 1.478354 1.324659 0.741314
 38.900000 2.844747 1.305644 1.494244 1.343779 0.897413
 39.000000 2.827776 1.343607 1.514218 1.355474 0.345790
 39.100000 2.827814 1.345877 1.443899 1.313308 0.346744
 39.200000 2.845169 1.328787 1.406239 1.356554 0.914439
 39.300000 2.779788 1.325163 1.462245 1.327394 0.183100
 39.400000 2.811454 1.402825 1.478566 1.349911 0.058804
 39.500000 2.851151 1.308436 1.489087 1.359609 1.172703
 39.600000 2.874934 1.320224 1.426567 1.311543 2.516710
 39.700000 2.834012 1.357610 1.433082 1.335394 0.518485
 39.800000 2.778302 1.332469 1.434088 1.366772 0.211012
 39.900000 2.810731 1.343890 1.454373 1.339644 0.051616
 40.000000 2.827528 1.341747 1.494818 1.322459 0.339654
 40.100000 2.858155 1.330233 1.457527 1.339365 1.515814
 40.200000 2.852902 1.308021 1.430598 1.314357 1.254354
 40.300000 2.823921 1.368957 1.409274 1.346295 0.256461
 40.400000 2.762191 1.331712 1.472145 1.361677 0.640722
 40.500000 2.841801 1.360492 1.456361 1.340189 0.783157
 40.600000 2.849232 1.309256 1.465088 1.311231 1.086357
 40.700000 2.885630 1.326913 1.449052 1.351112 3.286418
 40.800000 2.816911 1.343890 1.467530 1.306375 0.128179
 40.900000 2.795530 1.344390 1.426689 1.359027 0.008957
 41.000000 2.774628 1.321743 1.460255 1.356644 0.288529
 41.100000 2.802307 1.382247 1.472369 1.339297 0.002385
 41.200000 2.869072 1.323055 1.471339 1.318913 2.138310
 41.300000 2.889293 1.276037 1.445579 1.340202 3.573576
 41.400000 2.813352 1.366283 1.434908 1.323248 0.079898
 41.500000 2.797053 1.344023 1.439320 1.354607 0.003893
 41.600000 2.821608 1.329130 1.445025 1.358404 0.209268
 41.700000 2.799794 1.348560 1.501213 1.297068 0.000019
 41.800000 2.865990 1.352750 1.550039 1.377458 1.951782
 41.900000 2.829784 1.312824 1.477600 1.314129 0.397579
 42.000000 2.861571 1.348578 1.409712 1.340889 1.699117
 42.100000 2.804860 1.306114 1.409989 1.329315 0.010585
 42.200000 2.820353 1.383510 1.432946 1.349321 0.185661
 42.300000 2.807631 1.317941 1.497717 1.329207 0.026099
 42.400000 2.832018 1.330209 1.513273 1.359656 0.459480
 42.500000 2.793823 1.351484 1.515988 1.333363 0.017101
 42.600000 2.826450 1.357860 1.421535 1.333889 0.313569
 42.700000 2.833578 1.299944 1.379199 1.330783 0.505345
 42.800000 2.835385 1.342524 1.419424 1.342179 0.561187
 42.900000 2.808845 1.361003 1.507884 1.337143 0.035068
 43.000000 2.842104 1.328617 1.513353 1.353799 0.794552
 43.100000 2.837550 1.318056 1.481958 1.317583 0.631969
 43.200000 2.803358 1.369447 1.437675 1.347080 0.005054
 43.300000 2.795224 1.326112 1.439102 1.347821 0.010223
 43.400000 2.831614 1.350892 1.426638 1.332879 0.447955
 43.500000 2.839074 1.331246 1.470258 1.325429 0.684288
 43.600000 2.868728 1.336329 1.516455 1.363606 2.117117
 43.700000 2.830378 1.332324 1.505590 1.311827 0.413600
 43.800000 2.844953 1.353660 1.439887 1.347314 0.905700
 43.900000 2.798456 1.334813 1.435463 1.326460 0.001069
 44.000000 2.786341 1.346184 1.455203 1.354065 0.083614
 44.100000 2.848375 1.346785 1.453342 1.337543 1.048845
 44.200000 2.863752 1.299391 1.480643 1.311562 1.821653
 44.300000 2.835567 1.364767 1.501093 1.351856 0.566985
 44.400000 2.789280 1.356836 1.457060 1.349795 0.051503
 44.500000 2.815032 1.324986 1.390293 1.356430 0.101271
 44.600000 2.846363 1.333112 1.413800 1.293369 0.963418
 44.700000 2.827630 1.345243 1.466208 1.363223 0.342162
 44.800000 2.809843 1.330808 1.532399 1.343217 0.043422
 44.900000 2.857094 1.348202 1.470212 1.325022 1.461000
 45.000000 2.789044 1.328857 1.469127 1.335841 0.053799
 45.100000 2.801349 1.358441 1.427804 1.391201 0.000816
 45.200000 2.813455 1.350968 1.436524 1.305709 0.081143
 45.300000 2.859208 1.318904 1.449689 1.342496 1.571203
 45.400000 2.840258 1.327821 1.487130 1.319690 0.726413
 45.500000 2.841595 1.370978 1.494242 1.347133 0.775445
 45.600000 2.807055 1.312121 1.466033 1.331206 0.022311
 45.700000 2.828337 1.341577 1.455736 1.362846 0.359908
 45.800000 2.782263 1.381158 1.466506 1.320891 0.141001
 45.900000 2.845248 1.323680 1.462185 1.354877 0.917638
 46.000000 2.862964 1.314759 1.407811 1.326311 1.776884
 46.100000 2.828292 1.352325 1.448669 1.317693 0.358751
 46.200000 2.784612 1.356310 1.448062 1.380431 0.106126
 46.300000 2.777833 1.331446 1.503795 1.336523 0.220242
 46.400000 2.849609 1.348242 1.467911 1.333284 1.103034
 46.500000 2.844866 1.327433 1.467888 1.333110 0.902192
 46.600000 2.831707 1.336898 1.444825 1.332994 0.450588
 46.700000 2.822706 1.331426 1.442598 1.330310 0.231069
 46.800000 2.809485 1.345234 1.427437 1.356881 0.040323
 46.900000 2.802383 1.357491 1.467778 1.332244 0.002545
 47.000000 2.849072 1.340605 1.476809 1.354088 1.079278
 47.100000 2.852102 1.316438 1.480984 1.316839 1.216676
 47.200000 2.852785 1.343138 1.469439 1.342508 1.248813
 47.300000 2.805220 1.330461 1.449940 1.331760 0.012213
 47.400000 2.841134 1.349554 1.437115 1.340770 0.758340
 47.500000 2.825311 1.318571 1.451931 1.319094 0.287146
 47.600000 2.815427 1.345563 1.507409 1.358292 0.106663
 47.700000 2.810555 1.347688 1.497956 1.336069 0.049930
 47.800000 2.831591 1.333900 1.446818 1.354736 0.447312
 47.900000 2.828649 1.330316 1.407936 1.314901 0.367875
 48.000000 2.835733 1.363077 1.431968 1.336998 0.572287
 48.100000 2.790077 1.310578 1.472122 1.353701 0.044134
 48.200000 2.862358 1.375376 1.468138 1.348342 1.742833
 48.300000 2.804166 1.331273 1.492750 1.319654 0.007779
 48.400000 2.831220 1.350254 1.459804 1.371361 0.436850
 48.500000 2.814957 1.326637 1.436944 1.325036 0.100263
 48.600000 2.826905 1.347267 1.428252 1.323245 0.324451
 48.700000 2.818667 1.319036 1.462668 1.348438 0.156173
 48.800000 2.834201 1.368063 1.479851 1.355103 0.524265
 48.900000 2.840730 1.304890 1.503246 1.312085 0.743524
 49.000000 2.836188 1.349419 1.463324 1.334994 0.586959
 49.100000 2.781227 1.375335 1.475001 1.345705 0.157957
 49.200000 2.810975 1.310655 1.416783 1.360417 0.053984
 49.300000 2.862489 1.338145 1.412352 1.313988 1.750161
 49.400000 2.825318 1.338844 1.469054 1.318229 0.287302
 49.500000 2.840213 1.348407 1.492753 1.388891 0.724771
 49.600000 2.806019 1.329789 1.483163 1.311432 0.016237
 49.700000 2.822650 1.365187 1.446011 1.341343 0.229931
 49.800000 2.801733 1.324561 1.467742 1.359645 0.001346
 49.900000 2.847078 1.347064 1.404021 1.328693 0.993370
 50.000000 2.853086 1.312563 1.462886 1.321514 1.263067
