#! FIELDS time d1 d2 d3 d4 rest.bias
 0.000000 3.671655 1.354873 1.453803 1.352923 2.301230
 0.100000 3.606706 1.307998 1.454544 1.284456 0.020155
 0.200000 3.639894 1.337516 1.477465 1.390217 0.713323
 0.300000 3.631997 1.342291 1.429756 1.323180 0.458864
 0.400000 3.610359 1.323314 1.448781 1.298976 0.048094
 0.500000 3.606557 1.341267 1.440674 1.364356 0.019272
 0.600000 3.631242 1.342553 1.386769 1.333460 0.437471
 0.700000 3.611070 1.325065 1.435180 1.305508 0.054928
 0.800000 3.586544 1.346791 1.421055 1.363416 0.081155
 0.900000 3.626959 1.351043 1.377081 1.333414 0.325758
 1.000000 3.601500 1.314744 1.468971 1.312675 0.001009
 1.100000 3.623948 1.349285 1.430143 1.357442 0.257054
 1.200000 3.639791 1.333040 1.396451 1.323382 0.709643
 1.300000 3.606537 1.315984 1.483102 1.327646 0.019153
 1.400000 3.636115 1.352005 1.455690 1.340677 0.584584
 1.500000 3.643911 1.320298 1.432280 1.334881 0.864213
 1.600000 3.601504 1.325611 1.501239 1.337675 0.001014
 1.700000 3.656613 1.351683 1.455852 1.311138 1.436516
 1.800000 3.643113 1.319705 1.423373 1.351061 0.833093
 1.900000 3.582592 1.316359 1.479300 1.337241 0.135816
 2.000000 3.660396 1.369090 1.421388 1.314200 1.634914
 2.100000 3.591406 1.324435 1.401815 1.351083 0.033102
 2.200000 3.598358 1.330798 1.456159 1.344975 0.001208
 2.300000 3.648205 1.362736 1.412521 1.311470 1.041485
 2.400000 3.580151 1.309456 1.411348 1.353289 0.176577
 2.500000 3.623084 1.344952 1.446102 1.356348 0.238836
 2.600000 3.641260 1.339250 1.424401 1.291499 0.763023
 2.700000 3.607911 1.340959 1.450142 1.349305 0.028049
 2.800000 3.625424 1.319416 1.454119 1.350336 0.289709
 2.900000 3.644072 1.342536 1.449099 1.296398 0.870548
 3.000000 3.611571 1.321609 1.495286 1.363646 0.060012
 3.100000 3.646957 1.337840 1.451761 1.330171 0.988273
 3.200000 3.653643 1.345569 1.470914 1.292715 1.289734
 3.300000 3.617996 1.306441 1.488970 1.371156 0.145155
 3.400000 3.630053 1.342757 1.429442 1.310514 0.404802
 3.500000 3.654563 1.355426 1.450709 1.314107 1.334345
 3.600000 3.594581 1.301154 1.460981 1.371607 0.013164
 3.700000 3.636210 1.362552 1.402184 1.292628 0.587665
 3.800000 3.651950 1.332408 1.452561 1.344084 1.209623
 3.900000 3.595564 1.315121 1.455717 1.379668 0.008820
 4.000000 3.614239 1.363997 1.401980 1.275115 0.090872
 4.100000 3.638408 1.333447 1.449352 1.368181 0.661181
 4.200000 3.614742 1.324164 1.444791 1.338652 0.097410
 4.300000 3.640046 1.345384 1.419934 1.297045 0.718777
 4.400000 3.620436 1.323857 1.468763 1.361602 0.187186
 4.500000 3.646902 1.342338 1.470282 1.332380 0.985948
 4.600000 3.628917 1.344456 1.449595 1.291814 0.374790
 4.700000 3.623593 1.329925 1.503843 1.371561 0.249473
 4.800000 3.663302 1.333612 1.471290 1.313715 1.795998
 4.900000 3.627515 1.343792 1.441362 1.304579 0.339315
 5.000000 3.630142 1.321585 1.479902 1.366566 0.407208
 5.100000 3.644496 1.331660 1.441315 1.308039 0.887372
 5.200000 3.604314 1.358286 1.418699 1.320827 0.008340
 5.300000 3.620851 1.328772 1.462523 1.372479 0.194867
 5.400000 3.633229 1.327857 1.432789 1.296963 0.494885
 5.500000 3.605681 1.337945 1.418308 1.344293 0.014465
 5.600000 3.623183 1.344818 1.431653 1.357239 0.240887
 5.700000 3.636604 1.329615 1.421166 1.291745 0.600523
 5.800000 3.594809 1.317534 1.433697 1.357086 0.012076
 5.900000 3.619735 1.369182 1.417159 1.335603 0.174557
 6.000000 3.623314 1.316473 1.444428 1.311899 0.243625
 6.100000 3.607645 1.323980 1.458944 1.365802 0.026193
 6.200000 3.628223 1.370089 1.411897 1.304956 0.357002
 6.300000 3.657367 1.307831 1.441035 1.321735 1.475031
 6.400000 3.616664 1.332396 1.469140 1.364510 0.124467
 6.500000 3.611930 1.361770 1.418629 1.290812 0.063795
 6.600000 3.657216 1.296715 1.460478 1.368222 1.467235
 6.700000 3.604676 1.353655 1.481739 1.334346 0.009801
 6.800000 3.638699 1.360445 1.412994 1.299663 0.671219
 6.900000 3.633818 1.291589 1.452358 1.374022 0.512589
 7.000000 3.619175 1.374548 1.463602 1.310288 0.164802
 7.100000 3.637893 1.323753 1.393200 1.327796 0.643569
 7.200000 3.605649 1.308717 1.436046 1.365526 0.014304
 7.300000 3.627175 1.390710 1.453171 1.305191 0.330980
 7.400000 3.624493 1.322008 1.401285 1.336023 0.268879
 7.500000 3.605902 1.321077 1.451762 1.363984 0.015611
 7.600000 3.628985 1.362444 1.457872 1.296661 0.376547
 7.700000 3.646037 1.303079 1.403436 1.360898 0.949916
 7.800000 3.597514 1.342335 1.464119 1.336706 0.002771
 7.900000 3.645489 1.349218 1.454169 1.295072 0.927456
 8.000000 3.634696 1.301934 1.425051 1.362313 0.539538
 8.100000 3.612408 1.349217 1.459891 1.335274 0.069009
 8.200000 3.639915 1.338166 1.460492 1.298967 0.714078
 8.300000 3.634782 1.293729 1.440021 1.374534 0.542228
 8.400000 3.628835 1.381292 1.465655 1.312659 0.372655
 8.500000 3.657764 1.331439 1.460423 1.294519 1.495512
 8.600000 3.632255 1.283103 1.443285 1.399374 0.466304
 8.700000 3.603586 1.390869 1.429793 1.298979 0.005763
 8.800000 3.626746 1.325581 1.414538 1.322142 0.320612
 8.900000 3.620367 1.307236 1.422021 1.390526 0.185914
 9.000000 3.576105 1.382739 1.410869 1.275186 0.255913
 9.100000 3.657501 1.321962 1.391363 1.364104 1.481936
 9.200000 3.599103 1.318224 1.432783 1.358258 0.000361
 9.300000 3.589691 1.376996 1.404197 1.282808 0.047631
 9.400000 3.647594 1.314194 1.383498 1.367855 1.015256
 9.500000 3.598256 1.342564 1.438993 1.342166 0.001364
 9.600000 3.589884 1.352626 1.417075 1.301478 0.045870
 9.700000 3.637979 1.311105 1.397228 1.377747 0.646478
 9.800000 3.622942 1.374940 1.460519 1.324095 0.235914
 9.900000 3.613679 1.313162 1.427882 1.302746 0.083862
 10.000000 3.656585 1.314910 1.431624 1.359070 1.435087
 10.100000 3.626883 1.366148 1.489375 1.315221 0.323902
 10.200000 3.632417 1.322545 1.442145 1.326855 0.471008
 10.300000 3.609763 1.315138 1.424843 1.365815 0.042717
 10.400000 3.618177 1.369820 1.462429 1.320874 0.148080
 10.500000 3.627943 1.309137 1.410493 1.325227 0.349952
 10.600000 3.615881 1.328971 1.426090 1.348859 0.113039
 10.700000 3.624447 1.351409 1.453144 1.315308 0.267860
 10.800000 3.641855 1.308641 1.409138 1.336193 0.785172
 10.900000 3.583911 1.345109 1.423389 1.345423 0.116026
 11.000000 3.619192 1.351464 1.439917 1.318351 0.165083
 11.100000 3.610496 1.301253 1.403468 1.345121 0.049373
 11.200000 3.595998 1.366407 1.405267 1.332680 0.007179
 11.300000 3.619660 1.330555 1.409359 1.329441 0.173238
 11.400000 3.637477 1.304917 1.421949 1.351948 0.629495
 11.500000 3.587629 1.361300 1.419570 1.307694 0.068596
 11.600000 3.637937 1.323187 1.418387 1.357080 0.645048
 11.700000 3.613788 1.315012 1.460517 1.327478 0.085201
 11.800000 3.617255 1.380122 1.452898 1.319838 0.133445
 11.900000 3.646133 1.285450 1.426523 1.369033 0.953901
 12.000000 3.656393 1.346450 1.489327 1.310145 1.425328
 12.100000 3.620417 1.340811 1.473597 1.311284 0.186837
 12.200000 3.655994 1.307130 1.451376 1.358687 1.405233
 12.300000 3.637249 1.347880 1.504887 1.319647 0.621885
 12.400000 3.620299 1.336400 1.473914 1.322056 0.184685
 12.500000 3.649932 1.298295 1.434278 1.356168 1.117472
 12.600000 3.640303 1.362826 1.476659 1.311276 0.728022
 12.700000 3.600448 1.314510 1.437859 1.325306 0.000090
 12.800000 3.626354 1.333008 1.404035 1.351578 0.311281
 12.900000 3.607622 1.355696 1.440047 1.326201 0.026041
 13.000000 3.604530 1.317238 1.399373 1.334298 0.009199
 13.100000 3.601474 1.331760 1.359213 1.343795 0.000974
 13.200000 3.595326 1.376545 1.405303 1.331092 0.009793
 13.300000 3.598168 1.298678 1.393522 1.352265 0.001505
 13.400000 3.605662 1.352368 1.385831 1.320973 0.014367
 13.500000 3.616970 1.357876 1.430256 1.336422 0.129067
 13.600000 3.633651 1.286018 1.437585 1.348926 0.507535
 13.700000 3.620743 1.360287 1.431277 1.320423 0.192847
 13.800000 3.628717 1.363198 1.471373 1.327429 0.369621
 13.900000 3.644612 1.265903 1.469973 1.351010 0.892014
 14.000000 3.634154 1.372830 1.448182 1.313470 0.522821
 14.100000 3.640662 1.341240 1.466669 1.327332 0.741068
 14.200000 3.645276 1.270148 1.468091 1.351331 0.918757
 14.300000 3.637869 1.403724 1.457239 1.307529 0.642739
 14.400000 3.645586 1.322297 1.471641 1.345467 0.931378
 14.500000 3.630644 1.273510 1.460827 1.334009 0.420875
 14.600000 3.642238 1.398742 1.439155 1.326408 0.799620
 14.700000 3.609949 1.307088 1.432708 1.340592 0.044366
 14.800000 3.616373 1.305636 1.439025 1.322613 0.120157
 14.900000 3.621092 1.397147 1.417679 1.341767 0.199398
 15.000000 3.613666 1.301398 1.401298 1.348321 0.083703
 15.100000 3.606824 1.323886 1.429615 1.301344 0.020874
 15.200000 3.622784 1.365860 1.407800 1.360906 0.232670
 15.300000 3.605703 1.315652 1.388689 1.344173 0.014578
 15.400000 3.590622 1.342385 1.425925 1.298691 0.039418
 15.500000 3.609794 1.353743 1.389755 1.370565 0.042989
 15.600000 3.602816 1.316948 1.364102 1.343508 0.003555
 15.700000 3.598359 1.356402 1.422233 1.298443 0.001207
 15.800000 3.622315 1.339189 1.414805 1.373993 0.223181
 15.900000 3.622162 1.313802 1.409990 1.332955 0.220132
 16.000000 3.629338 1.369660 1.461826 1.293979 0.385779
 16.100000 3.647877 1.309822 1.467219 1.378498 1.027371
 16.200000 3.641778 1.315000 1.461371 1.323077 0.782278
 16.300000 3.626528 1.364151 1.500036 1.301977 0.315414
 16.400000 3.671060 1.309605 1.504720 1.368197 2.263183
 16.500000 3.645684 1.317169 1.485973 1.302182 0.935410
 16.600000 3.662808 1.347186 1.505078 1.315761 1.768080
 16.700000 3.686567 1.303934 1.517077 1.345301 3.358774
 16.800000 3.639883 1.330415 1.488614 1.302734 0.712925
 16.900000 3.630397 1.342517 1.497892 1.345826 0.414119
 17.000000 3.642565 1.317086 1.468729 1.336633 0.812038
 17.100000 3.619876 1.352089 1.418115 1.306989 0.177063
 17.200000 3.595361 1.313778 1.426462 1.372865 0.009644
 17.300000 3.633753 1.341208 1.410265 1.328104 0.510614
 17.400000 3.600549 1.357234 1.388383 1.308211 0.000135
 17.500000 3.592694 1.315905 1.398959 1.365909 0.023921
 17.600000 3.619420 1.341761 1.403140 1.326533 0.169040
 17.700000 3.604419 1.360547 1.420688 1.314630 0.008751
 17.800000 3.581692 1.304433 1.428437 1.381176 0.150227
 17.900000 3.642471 1.347770 1.430596 1.312146 0.808446
 18.000000 3.642927 1.341427 1.470489 1.324469 0.825927
 18.100000 3.618530 1.306984 1.456939 1.347468 0.153898
 18.200000 3.667649 1.336810 1.467702 1.300547 2.051136
 18.300000 3.655252 1.335113 1.536142 1.335869 1.368253
 18.400000 3.631690 1.307471 1.495729 1.349920 0.450096
 18.500000 3.673293 1.355362 1.482811 1.289670 2.407664
 18.600000 3.644998 1.313062 1.509452 1.344441 0.907523
 18.700000 3.642561 1.321194 1.455009 1.329639 0.811896
 18.800000 3.661426 1.363133 1.462869 1.298802 1.691106
 18.900000 3.622344 1.295080 1.516059 1.359465 0.223766
 19.000000 3.631222 1.336958 1.436713 1.322186 0.436902
 19.100000 3.646964 1.380932 1.427251 1.315794 0.988577
 19.200000 3.600117 1.289200 1.474504 1.350587 0.000006
 19.300000 3.637641 1.354700 1.405190 1.324447 0.635038
 19.400000 3.604877 1.358241 1.394431 1.323376 0.010659
 19.500000 3.586032 1.295660 1.438320 1.370036 0.087451
 19.600000 3.622645 1.360621 1.367399 1.312124 0.229833
 19.700000 3.589963 1.356540 1.379114 1.341953 0.045155
 19.800000 3.607938 1.306991 1.438148 1.355689 0.028243
 19.900000 3.608989 1.351075 1.398187 1.299714 0.036215
 20.000000 3.605718 1.343764 1.399142 1.363246 0.014656
 20.100000 3.620934 1.316521 1.442349 1.325478 0.196414
 20.200000 3.643092 1.343642 1.434478 1.307295 0.832265
 20.300000 3.600739 1.319731 1.443692 1.359073 0.000245
 20.400000 3.639468 1.345137 1.477339 1.317422 0.698185
 20.500000 3.643880 1.328610 1.470948 1.316621 0.863007
 20.600000 3.630261 1.319469 1.468181 1.355068 0.410427
 20.700000 3.668308 1.341235 1.489232 1.297231 2.091310
 20.800000 3.659222 1.308112 1.490422 1.319967 1.571938
 20.900000 3.629517 1.335935 1.479084 1.373772 0.390494
 21.000000 3.625845 1.337151 1.472567 1.295843 0.299374
 21.100000 3.645700 1.321640 1.458910 1.332567 0.936044
 21.200000 3.616095 1.331674 1.430031 1.356156 0.116101
 21.300000 3.611187 1.334436 1.429451 1.289989 0.056094
 21.400000 3.640643 1.332483 1.438079 1.358980 0.740376
 21.500000 3.577976 1.334479 1.395444 1.342106 0.217404
 21.600000 3.615745 1.345640 1.398854 1.320383 0.111116
 21.700000 3.606686 1.319416 1.418870 1.335215 0.020033
 21.800000 3.585741 1.368877 1.370513 1.354506 0.091128
 21.900000 3.612108 1.335148 1.382115 1.314355 0.065704
 22.000000 3.608347 1.313820 1.455964 1.341777 0.031224
 22.100000 3.628934 1.367940 1.424407 1.343233 0.375231
 22.200000 3.616699 1.307344 1.439073 1.313202 0.124990
 22.300000 3.635761 1.316970 1.480938 1.357050 0.573191
 22.400000 3.641852 1.372845 1.441930 1.307958 0.785044
 22.500000 3.623542 1.304133 1.449787 1.336397 0.248411
 22.600000 3.632601 1.317921 1.479636 1.346621 0.476362
 22.700000 3.649841 1.359876 1.435727 1.310017 1.113395
 22.800000 3.614641 1.301038 1.443653 1.350655 0.096081
 22.900000 3.632129 1.333909 1.489698 1.330185 0.462661
 23.000000 3.663207 1.375432 1.438392 1.317806 1.790608
 23.100000 3.592744 1.293605 1.417558 1.351662 0.023595
 23.200000 3.630235 1.350217 1.444810 1.327135 0.409719
 23.300000 3.632461 1.349285 1.405134 1.328312 0.472280
 23.400000 3.582297 1.305647 1.403576 1.351515 0.140458
 23.500000 3.621557 1.361121 1.430778 1.334392 0.208284
 23.600000 3.624485 1.329664 1.393917 1.317706 0.268695
 23.700000 3.591933 1.316589 1.403564 1.352318 0.029168
 23.800000 3.621675 1.352465 1.414966 1.328850 0.210559
 23.900000 3.621960 1.324100 1.423711 1.334177 0.216135
 24.000000 3.588469 1.321732 1.422263 1.342054 0.059594
 24.100000 3.634509 1.349526 1.423034 1.326298 0.533754
 24.200000 3.643769 1.324154 1.459787 1.329207 0.858646
 24.300000 3.607787 1.307877 1.456617 1.338004 0.027176
 24.400000 3.648202 1.361092 1.450584 1.326790 1.041380
 24.500000 3.647437 1.311824 1.488878 1.321140 1.008576
 24.600000 3.624432 1.324705 1.474709 1.342193 0.267533
 24.700000 3.647725 1.358688 1.458043 1.316685 1.020850
 24.800000 3.649193 1.303721 1.493866 1.330740 1.084627
 24.900000 3.620972 1.337664 1.461434 1.341399 0.197125
 25.000000 3.634701 1.327298 1.441683 1.315956 0.539712
 25.100000 3.647794 1.325081 1.472414 1.341461 1.023790
 25.200000 3.596955 1.342303 1.429329 1.341510 0.004155
 25.300000 3.620912 1.324252 1.404595 1.323210 0.195998
 25.400000 3.616241 1.343350 1.435229 1.361391 0.118224
 25.500000 3.585059 1.330897 1.400852 1.308665 0.100058
 25.600000 3.629298 1.328267 1.372916 1.368359 0.384735
 25.700000 3.596212 1.340879 1.416914 1.331345 0.006431
 25.800000 3.601106 1.343619 1.414358 1.316038 0.000549
 25.900000 3.633122 1.327099 1.397247 1.361269 0.491694
 26.000000 3.605455 1.331537 1.452640 1.326613 0.013338
 26.100000 3.643227 1.349871 1.452157 1.316781 0.837488
 26.200000 3.616948 1.291499 1.422011 1.360494 0.128734
 26.300000 3.644398 1.359731 1.497373 1.328681 0.883481
 26.400000 3.654501 1.325149 1.481314 1.303119 1.331314
 26.500000 3.628768 1.306770 1.440739 1.352099 0.370920
 26.600000 3.656597 1.358712 1.491802 1.325612 1.435659
 26.700000 3.626974 1.303568 1.458973 1.301889 0.326112
 26.800000 3.635637 1.340296 1.440448 1.380463 0.569218
 26.900000 3.630688 1.335609 1.493158 1.319522 0.422080
 27.000000 3.630884 1.312354 1.439208 1.317958 0.427491
 27.100000 3.623958 1.343859 1.414596 1.351361 0.257256
 27.200000 3.619994 1.332504 1.427211 1.321815 0.179178
 27.300000 3.623029 1.322558 1.423514 1.344215 0.237687
 27.400000 3.583989 1.335733 1.404181 1.339168 0.114902
 27.500000 3.617447 1.357894 1.399264 1.341627 0.136433
 27.600000 3.604197 1.304280 1.428259 1.326582 0.007893
 27.700000 3.613098 1.354957 1.410309 1.336592 0.076891
 27.800000 3.635351 1.334939 1.406579 1.337953 0.560110
 27.900000 3.606071 1.295541 1.477403 1.319346 0.016519
 28.000000 3.633642 1.367525 1.441737 1.353961 0.507272
 28.100000 3.608878 1.320673 1.433775 1.313062 0.035327
 28.200000 3.651115 1.321435 1.495146 1.345536 1.171038
 28.300000 3.641734 1.341830 1.464840 1.326714 0.780630
 28.400000 3.649694 1.309751 1.469290 1.314019 1.106817
 28.500000 3.662526 1.328619 1.513358 1.330130 1.752266
 28.600000 3.636101 1.327598 1.470740 1.336946 0.584143
 28.700000 3.653570 1.333521 1.475925 1.318803 1.286216
 28.800000 3.625849 1.314670 1.505605 1.328217 0.299485
 28.900000 3.654905 1.342703 1.463299 1.346813 1.351128
 29.000000 3.628159 1.300442 1.441883 1.318556 0.355384
 29.100000 3.626563 1.357683 1.461250 1.319938 0.316251
 29.200000 3.625820 1.322264 1.416514 1.350320 0.298792
 29.300000 3.603791 1.326762 1.396526 1.336182 0.006441
 29.400000 3.579260 1.366175 1.430475 1.327063 0.192796
 29.500000 3.621810 1.309913 1.397472 1.353272 0.213188
 29.600000 3.599197 1.332247 1.363033 1.350600 0.000289
 29.700000 3.600452 1.361418 1.416611 1.306739 0.000092
 29.800000 3.641252 1.315588 1.416173 1.350392 0.762703
 29.900000 3.592273 1.329896 1.405524 1.327965 0.026761
 30.000000 3.619484 1.361073 1.456859 1.331823 0.170149
 30.100000 3.629341 1.305275 1.448529 1.338820 0.385851
 30.200000 3.617799 1.327174 1.439815 1.340452 0.141997
 30.300000 3.642408 1.355444 1.476662 1.331358 0.806051
 30.400000 3.645752 1.304981 1.454086 1.321417 0.938211
 30.500000 3.635430 1.332024 1.457972 1.331230 0.562614
 30.600000 3.645165 1.339024 1.475138 1.334160 0.914255
 30.700000 3.648815 1.305969 1.463624 1.312936 1.067997
 30.800000 3.611156 1.347028 1.479202 1.342604 0.055777
 30.900000 3.636565 1.337572 1.455605 1.342071 0.599246
 31.000000 3.643550 1.314818 1.447414 1.313083 0.850060
 31.100000 3.621075 1.337621 1.450564 1.341104 0.199080
 31.200000 3.625044 1.332623 1.416291 1.325478 0.281120
 31.300000 3.636933 1.327347 1.420687 1.325362 0.611382
 31.400000 3.565068 1.333234 1.428327 1.352731 0.546927
 31.500000 3.607942 1.352703 1.377565 1.336104 0.028267
 31.600000 3.613898 1.309673 1.410015 1.334755 0.086570
 31.700000 3.581211 1.354539 1.404107 1.334651 0.158226
 31.800000 3.638184 1.330832 1.363533 1.340406 0.653485
 31.900000 3.595781 1.321253 1.429302 1.326296 0.007977
 32.000000 3.595960 1.350155 1.432785 1.348749 0.007315
 32.100000 3.630084 1.336608 1.406742 1.326286 0.405647
 32.200000 3.610401 1.319595 1.460299 1.345194 0.048488
 32.300000 3.622596 1.342624 1.452760 1.319930 0.228840
 32.400000 3.682331 1.327135 1.445481 1.333604 3.038057
 32.500000 3.629307 1.316667 1.525865 1.318518 0.384947
 32.600000 3.657068 1.321343 1.509401 1.320015 1.459659
 32.700000 3.662227 1.341980 1.476666 1.330289 1.735519
 32.800000 3.621787 1.325541 1.517788 1.322735 0.212745
 32.900000 3.678911 1.309381 1.506991 1.332079 2.790940
 33.000000 3.640139 1.340698 1.452256 1.311430 0.722124
 33.100000 3.641707 1.330564 1.497292 1.346590 0.779614
 33.200000 3.650781 1.309251 1.474843 1.312827 1.155795
 33.300000 3.632064 1.349686 1.443065 1.338820 0.460795
 33.400000 3.631492 1.331314 1.467610 1.335784 0.444500
 33.500000 3.621026 1.305091 1.444617 1.317448 0.198142
 33.600000 3.636240 1.383273 1.410445 1.350932 0.588644
 33.700000 3.598235 1.301417 1.434634 1.329192 0.001396
 33.800000 3.641879 1.343558 1.420839 1.324004 0.786081
 33.900000 3.615879 1.335931 1.414280 1.349353 0.113014
 34.000000 3.603700 1.331224 1.419130 1.327833 0.006135
 34.100000 3.613123 1.332075 1.418700 1.334342 0.077186
 34.200000 3.597119 1.346934 1.402735 1.345664 0.003719
 34.300000 3.612499 1.347269 1.391567 1.325398 0.070019
 34.400000 3.617048 1.303865 1.407621 1.329280 0.130260
 34.500000 3.627836 1.346630 1.432929 1.357133 0.347285
 34.600000 3.614161 1.340575 1.429541 1.310864 0.089886
 34.700000 3.622880 1.313189 1.464092 1.342670 0.234630
 34.800000 3.635421 1.353793 1.457317 1.352131 0.562320
 34.900000 3.620665 1.325674 1.453671 1.294260 0.191399
 35.000000 3.653648 1.311970 1.483624 1.354271 1.289946
 35.100000 3.648566 1.344136 1.464259 1.322351 1.057146
 35.200000 3.637019 1.316866 1.462010 1.318061 0.614228
 35.300000 3.637392 1.324274 1.480174 1.334950 0.626658
 35.400000 3.638522 1.360351 1.473162 1.326806 0.665102
 35.500000 3.613445 1.298773 1.469816 1.329122 0.081017
 35.600000 3.637943 1.348494 1.468052 1.330267 0.645251
 35.700000 3.633285 1.333038 1.439197 1.336171 0.496553
 35.800000 3.627968 1.305695 1.420950 1.329079 0.350578
 35.900000 3.621037 1.354329 1.437961 1.329225 0.198353
 36.000000 3.609744 1.332940 1.426553 1.339172 0.042557
 36.100000 3.610933 1.323125 1.423494 1.343551 0.053577
 36.200000 3.593417 1.356744 1.432661 1.326441 0.019421
 36.300000 3.637051 1.316610 1.406467 1.350567 0.615282
 36.400000 3.602379 1.329306 1.395387 1.317247 0.002537
 36.500000 3.607259 1.340109 1.410722 1.349659 0.023617
 36.600000 3.618048 1.344080 1.390716 1.330967 0.145989
 36.700000 3.570283 1.327304 1.393483 1.334600 0.395805
 36.800000 3.611701 1.347619 1.420314 1.352482 0.061368
 36.900000 3.629893 1.338409 1.427056 1.324103 0.400501
 37.000000 3.609026 1.320873 1.449458 1.328817 0.036515
 37.100000 3.645107 1.327721 1.465799 1.352145 0.911944
 37.200000 3.667978 1.353556 1.454215 1.293723 2.071151
 37.300000 3.627050 1.294385 1.498872 1.336791 0.327946
 37.400000 3.660000 1.347350 1.484473 1.336281 1.613495
 37.500000 3.641225 1.322367 1.475701 1.314523 0.761724
 37.600000 3.642155 1.330778 1.523506 1.340970 0.796478
 37.700000 3.636001 1.316988 1.510475 1.336011 0.580888
 37.800000 3.672960 1.334762 1.463376 1.313681 2.385841
 37.900000 3.638790 1.329347 1.491883 1.330996 0.674382
 38.000000 3.616765 1.312305 1.435496 1.328383 0.125968
 38.100000 3.654597 1.346729 1.423382 1.335070 1.335993
 38.200000 3.576510 1.340159 1.463795 1.322579 0.247305
 38.300000 3.614919 1.317532 1.415181 1.360828 0.099764
 38.400000 3.614300 1.350213 1.401399 1.312619 0.091658
 38.500000 3.597753 1.339376 1.427472 1.342896 0.002264
 38.600000 3.625193 1.310525 1.384390 1.338608 0.284460
 38.700000 3.613848 1.353167 1.401198 1.312819 0.085956
 38.800000 3.588097 1.337238 1.422158 1.369179 0.063505
 38.900000 3.597194 1.325753 1.389712 1.323214 0.003529
 39.000000 3.618464 1.355490 1.412222 1.339885 0.152808
 39.100000 3.597964 1.322173 1.428130 1.349773 0.001859
 39.200000 3.642495 1.341853 1.395697 1.312295 0.809379
 39.300000 3.625879 1.327589 1.420598 1.345010 0.300176
 39.400000 3.611139 1.324824 1.454672 1.330782 0.055608
 39.500000 3.647308 1.342016 1.443483 1.311875 1.003088
 39.600000 3.611858 1.319615 1.482783 1.367134 0.063026
 39.700000 3.662930 1.342831 1.506560 1.314007 1.774938
 39.800000 3.654998 1.331311 1.463686 1.299149 1.355723
 39.900000 3.643218 1.312221 1.487982 1.370345 0.837164
 40.000000 3.650037 1.331636 1.474570 1.303766 1.122177
 40.100000 3.637844 1.334636 1.454476 1.330578 0.641881
 40.200000 3.615836 1.322703 1.477959 1.346698 0.112405
 40.300000 3.650052 1.339410 1.454200 1.316969 1.122826
 40.400000 3.613086 1.336257 1.431741 1.328401 0.076753
 40.500000 3.602441 1.319297 1.442541 1.349895 0.002670
 40.600000 3.643540 1.341486 1.406540 1.322847 0.849666
 40.700000 3.588911 1.324268 1.414774 1.330957 0.055116
 40.800000 3.609263 1.337809 1.407522 1.345004 0.038460
 40.900000 3.614800 1.325382 1.384723 1.332096 0.098176
 41.000000 3.584926 1.347462 1.410478 1.335466 0.101840
 41.100000 3.594091 1.335791 1.405316 1.349696 0.015648
 41.200000 3.623114 1.334986 1.402333 1.318800 0.239446
 41.300000 3.617847 1.338524 1.442625 1.350557 0.142755
 41.400000 3.607075 1.320210 1.418448 1.327895 0.022437
 41.500000 3.648989 1.345040 1.432955 1.322364 1.075649
 41.600000 3.592883 1.317321 1.454675 1.352959 0.022702
 41.700000 3.619920 1.348839 1.409715 1.321804 0.177841
 41.800000 3.642721 1.340416 1.443956 1.321159 0.818006
 41.900000 3.615333 1.302279 1.481326 1.357897 0.105367
 42.000000 3.662665 1.351975 1.447587 1.306004 1.760014
 42.100000 3.649142 1.320091 1.493282 1.314706 1.082369
 42.200000 3.635648 1.309591 1.501988 1.370463 0.569579
 42.300000 3.638012 1.356378 1.460533 1.290893 0.647610
 42.400000 3.645987 1.313734 1.485931 1.351793 0.947865
 42.500000 3.634212 1.332812 1.483209 1.333583 0.524613
 42.600000 3.640359 1.331911 1.432583 1.303315 0.730057
 42.700000 3.653524 1.328449 1.468235 1.350182 1.284009
 42.800000 3.603740 1.321022 1.463467 1.319794 0.006270
 42.900000 3.634470 1.347543 1.424790 1.340022 0.532545
 43.000000 3.589857 1.338997 1.449068 1.362455 0.046107
 43.100000 3.591849 1.333423 1.420919 1.314715 0.029774
 43.200000 3.634381 1.327343 1.386787 1.344407 0.529797
 43.300000 3.599993 1.349659 1.410843 1.329068 0.000000
 43.400000 3.605609 1.322107 1.403756 1.337005 0.014099
 43.500000 3.619727 1.330670 1.384701 1.332880 0.174415
 43.600000 3.581524 1.352859 1.434703 1.347735 0.152992
 43.700000 3.613661 1.325034 1.431597 1.320688 0.083643
 43.800000 3.623560 1.329590 1.414594 1.342272 0.248775
 43.900000 3.610945 1.343816 1.445708 1.337638 0.053692
 44.000000 3.648055 1.314488 1.442185 1.306405 1.035016
 44.100000 3.637286 1.338574 1.456625 1.345221 0.623125
 44.200000 3.630339 1.319647 1.480215 1.343389 0.412544
 44.300000 3.643030 1.333344 1.465387 1.297634 0.829876
 44.400000 3.627397 1.325618 1.462928 1.356202 0.336415
 44.500000 3.639459 1.342151 1.471832 1.334072 0.697845
 44.600000 3.628928 1.328420 1.453782 1.291735 0.375070
 44.700000 3.648808 1.325981 1.439125 1.373343 1.067719
 44.800000 3.614303 1.342089 1.421560 1.314415 0.091695
 44.900000 3.627811 1.325729 1.412378 1.319044 0.346656
 45.000000 3.611964 1.338603 1.424197 1.364246 0.064158
 45.100000 3.596656 1.355892 1.402913 1.318984 0.005013
 45.200000 3.607041 1.308120 1.404066 1.334026 0.022221
 45.300000 3.608189 1.362653 1.398054 1.364908 0.030058
 45.400000 3.598686 1.340900 1.371413 1.307903 0.000774
 45.500000 3.621376 1.305941 1.424554 1.347686 0.204793
 45.600000 3.624367 1.353406 1.444809 1.344812 0.266126
 45.700000 3.606143 1.328972 1.430402 1.306868 0.016912
 45.800000 3.624610 1.323952 1.448288 1.356296 0.271446
 45.900000 3.621366 1.353578 1.454752 1.319389 0.204603
 46.000000 3.638332 1.313557 1.426811 1.322988 0.658575
 46.100000 3.622802 1.332406 1.444857 1.327314 0.233039
 46.200000 3.643857 1.336368 1.458058 1.342630 0.862074
 46.300000 3.629961 1.327741 1.447296 1.310482 0.402322
 46.400000 3.613115 1.330140 1.477194 1.341462 0.077088
 46.500000 3.658137 1.345135 1.474383 1.348764 1.514850
 46.600000 3.608459 1.300604 1.441881 1.302496 0.032070
 46.700000 3.638553 1.356921 1.444109 1.340799 0.666165
 46.800000 3.647510 1.315192 1.440028 1.342787 1.011677
 46.900000 3.615416 1.331043 1.444910 1.301560 0.106512
 47.000000 3.625012 1.335173 1.463060 1.369155 0.280388
 47.100000 3.628144 1.316939 1.477360 1.317975 0.355018
 47.200000 3.633981 1.344813 1.471066 1.329340 0.517552
 47.300000 3.594055 1.314599 1.451079 1.337578 0.015840
 47.400000 3.662841 1.343945 1.434693 1.323753 1.769912
 47.500000 3.606116 1.329336 1.430988 1.325329 0.016764
 47.600000 3.589171 1.323484 1.418312 1.349401 0.052556
 47.700000 3.662211 1.362741 1.414987 1.332620 1.734634
 47.800000 3.560036 1.316449 1.450510 1.322179 0.715847
 47.900000 3.602116 1.356693 1.413142 1.353209 0.002007
 48.000000 3.634659 1.332861 1.406755 1.324304 0.538407
 48.100000 3.598984 1.325058 1.440364 1.356077 0.000463
 48.200000 3.613051 1.342507 1.411955 1.318654 0.076340
 48.300000 3.666406 1.337927 1.414942 1.338729 1.976471
 48.400000 3.595808 1.313385 1.484054 1.348094 0.007877
 48.500000 3.623095 1.335648 1.450893 1.309522 0.239056
 48.600000 3.643363 1.350543 1.448701 1.360735 0.842755
 48.700000 3.605962 1.318096 1.501542 1.331521 0.015934
 48.800000 3.648212 1.327393 1.439111 1.305320 1.041784
 48.900000 3.661206 1.341418 1.447734 1.346849 1.679038
 49.000000 3.615631 1.319065 1.496702 1.313343 0.109512
 49.100000 3.636884 1.327702 1.436413 1.334170 0.609753
 49.200000 3.628676 1.346129 1.445600 1.345360 0.368566
 49.300000 3.607684 1.333092 1.464581 1.323896 0.026464
 49.400000 3.614537 1.308468 1.407442 1.332769 0.094718
 49.500000 3.647981 1.364385 1.403525 1.356229 1.031840
 49.600000 3.590885 1.315693 1.422220 1.316112 0.037237
 49.700000 3.620124 1.334486 1.383909 1.324732 0.181516
 49.800000 3.605414 1.348901 1.421883 1.376135 0.013139
 49.900000 3.580795 1.327053 1.435055 1.302760 0.165317
 50.000000 3.622261 1.338269 1.407383 1.329695 0.222099
