#! FIELDS time d1 d2 d3 d4 rest.bias
 0.000000 2.252028 1.428080 1.390360 1.344016 10.359053
 0.100000 2.131251 1.474460 1.351592 1.537138 0.437727
 0.200000 2.055182 1.531748 1.388260 1.476390 0.900280
 0.300000 2.047461 1.497857 1.366496 1.493071 1.237170
 0.400000 2.035046 1.506612 1.320088 1.580257 1.890939
 0.500000 2.070749 1.514163 1.369812 1.496996 0.383484
 0.600000 2.065489 1.549353 1.357085 1.483926 0.533796
 0.700000 2.131730 1.403422 1.330671 1.508412 0.451253
 0.800000 2.061664 1.473680 1.358972 1.533034 0.658711
 0.900000 2.054570 1.526260 1.371116 1.429010 0.925016
 1.000000 2.043171 1.554885 1.369785 1.485333 1.447489
 1.100000 2.074612 1.479269 1.318175 1.549524 0.288882
 1.200000 2.055443 1.534928 1.346267 1.513203 0.889828
 1.300000 2.041549 1.547789 1.379868 1.478628 1.531310
 1.400000 2.052374 1.508229 1.354709 1.530920 1.016639
 1.500000 2.045466 1.495248 1.309049 1.541120 1.332940
 1.600000 2.033973 1.477109 1.378865 1.501793 1.953968
 1.700000 2.024287 1.542213 1.373602 1.498044 2.569305
 1.800000 2.062522 1.506651 1.304921 1.506629 0.629547
 1.900000 2.064127 1.495159 1.355357 1.540785 0.576767
 2.000000 2.014590 1.532146 1.390568 1.475866 3.269595
 2.100000 2.051280 1.530182 1.321603 1.439008 1.063862
 2.200000 2.050099 1.508845 1.316105 1.551724 1.116073
 2.300000 2.056495 1.433927 1.385111 1.483506 0.848301
 2.400000 2.023484 1.549816 1.356084 1.519665 2.624070
 2.500000 2.046086 1.515606 1.298435 1.529000 1.302789
 2.600000 2.030626 1.469218 1.371479 1.544334 2.157077
 2.700000 2.010164 1.542779 1.403839 1.513743 3.617176
 2.800000 2.027245 1.558799 1.304058 1.480819 2.372437
 2.900000 2.027166 1.510538 1.343256 1.530218 2.377630
 3.000000 2.000083 1.509557 1.378343 1.493266 4.474546
 3.100000 2.021412 1.552285 1.343882 1.442559 2.768085
 3.200000 2.009775 1.518894 1.297666 1.505003 3.648592
 3.300000 2.021976 1.457595 1.364109 1.504426 2.728503
 3.400000 2.008720 1.525520 1.382810 1.459950 3.734454
 3.500000 1.999781 1.531107 1.298275 1.482122 4.501619
 3.600000 1.996674 1.502231 1.358047 1.522848 4.785098
 3.700000 1.991670 1.501813 1.361004 1.463109 5.259826
 3.800000 2.007223 1.566948 1.313719 1.463738 3.857945
 3.900000 2.057328 1.503198 1.311562 1.472348 0.816141
 4.000000 2.029071 1.516583 1.374924 1.462203 2.254857
 4.100000 2.044130 1.537867 1.369740 1.469054 1.399051
 4.200000 2.043374 1.514528 1.295275 1.495651 1.437146
 4.300000 2.034879 1.526306 1.373499 1.548928 1.900704
 4.400000 2.062093 1.493253 1.390347 1.487364 0.644048
 4.500000 2.052376 1.550930 1.315001 1.556216 1.016535
 4.600000 2.075277 1.492608 1.339721 1.539199 0.273958
 4.700000 2.026753 1.496287 1.371285 1.494576 2.404670
 4.800000 2.044574 1.530380 1.383320 1.486266 1.376878
 4.900000 2.060750 1.519866 1.304805 1.507920 0.690470
 5.000000 2.066952 1.510952 1.339198 1.466168 0.489507
 5.100000 2.027176 1.539964 1.396824 1.535579 2.376975
 5.200000 2.062935 1.470211 1.350057 1.508500 0.615734
 5.300000 2.042858 1.521656 1.331778 1.529034 1.463489
 5.400000 2.053146 1.524375 1.368595 1.499757 0.983943
 5.500000 2.053123 1.500627 1.358765 1.488983 0.984880
 5.600000 2.064857 1.526840 1.324013 1.528464 0.553540
 5.700000 2.064388 1.535207 1.357097 1.480803 0.568404
 5.800000 2.025538 1.505929 1.353347 1.470851 2.485082
 5.900000 2.039495 1.504433 1.333942 1.553127 1.640789
 6.000000 2.021915 1.515897 1.335619 1.519062 2.732800
 6.100000 2.027562 1.511095 1.377185 1.448643 2.351798
 6.200000 2.026037 1.520695 1.357444 1.539952 2.451863
 6.300000 2.067751 1.477275 1.294819 1.514077 0.466135
 6.400000 2.053489 1.531388 1.368934 1.451391 0.969594
 6.500000 2.011467 1.542562 1.412047 1.503093 3.513004
 6.600000 2.045646 1.478787 1.331997 1.511378 1.324166
 6.700000 2.049295 1.519338 1.314369 1.525334 1.152312
 6.800000 2.030009 1.514801 1.386663 1.475337 2.195584
 6.900000 2.036913 1.477934 1.338833 1.487189 1.783833
 7.000000 2.083063 1.485945 1.311801 1.547971 0.128571
 7.100000 2.022489 1.504741 1.351720 1.508345 2.692799
 7.200000 2.012996 1.529889 1.373377 1.498461 3.392755
 7.300000 2.027015 1.539286 1.320553 1.536851 2.387472
 7.400000 2.049447 1.464617 1.340728 1.517972 1.145424
 7.500000 2.020901 1.526069 1.368291 1.502035 2.804226
 7.600000 2.041218 1.510984 1.319168 1.483609 1.548669
 7.700000 2.041370 1.476806 1.312797 1.536548 1.540651
 7.800000 2.016342 1.482245 1.395450 1.488063 3.136832
 7.900000 1.986581 1.517009 1.326747 1.469689 5.765631
 8.000000 2.001403 1.511364 1.310099 1.516849 4.357131
 8.100000 1.979467 1.483226 1.355497 1.508203 6.511496
 8.200000 2.003608 1.522044 1.355015 1.482737 4.164384
 8.300000 1.999381 1.550818 1.304045 1.485195 4.537631
 8.400000 2.031680 1.485021 1.373428 1.524140 2.092018
 8.500000 2.007721 1.457683 1.355329 1.462716 3.816570
 8.600000 1.994758 1.583441 1.317811 1.517481 4.964249
 8.700000 2.023455 1.476524 1.313956 1.486743 2.626087
 8.800000 2.013587 1.459427 1.372653 1.519981 3.346778
 8.900000 1.992113 1.553697 1.332613 1.536689 5.216866
 9.000000 2.056823 1.510882 1.312865 1.411870 0.835539
 9.100000 2.029806 1.496635 1.350813 1.548558 2.208357
 9.200000 2.035509 1.462736 1.348296 1.493986 1.864076
 9.300000 2.023440 1.538341 1.331150 1.471602 2.627120
 9.400000 2.004476 1.533901 1.334629 1.488580 4.089766
 9.500000 1.984085 1.463705 1.359966 1.512976 6.022136
 9.600000 2.052058 1.395841 1.379721 1.511574 1.030166
 9.700000 2.033979 1.574312 1.320577 1.527415 1.953578
 9.800000 2.044504 1.525706 1.348042 1.493198 1.380356
 9.900000 2.038969 1.447716 1.356007 1.512620 1.669459
 10.000000 2.058052 1.488508 1.335832 1.582001 0.788651
 10.100000 2.059203 1.511839 1.321501 1.446593 0.745977
 10.200000 2.041638 1.532175 1.404041 1.502819 1.526623
 10.300000 2.040636 1.494313 1.331132 1.560151 1.579471
 10.400000 2.040847 1.500805 1.331493 1.508017 1.568276
 10.500000 2.021238 1.571175 1.371522 1.480581 2.780368
 10.600000 2.022816 1.476404 1.337356 1.480812 2.670061
 10.700000 2.008532 1.477828 1.311901 1.577721 3.749792
 10.800000 2.050744 1.522697 1.377654 1.473675 1.087402
 10.900000 2.015151 1.524388 1.353800 1.439986 3.226717
 11.000000 2.028696 1.503792 1.304430 1.571178 2.278773
 11.100000 2.022806 1.468874 1.347796 1.522012 2.670789
 11.200000 2.000052 1.519481 1.381522 1.469315 4.477348
 11.300000 2.021805 1.503341 1.320924 1.530770 2.740466
 11.400000 2.010106 1.476770 1.314604 1.542438 3.621847
 11.500000 2.006556 1.490607 1.386474 1.506550 3.913561
 11.600000 2.007564 1.526997 1.326741 1.522575 3.829607
 11.700000 2.013467 1.489700 1.308528 1.494662 3.356129
 11.800000 1.994409 1.527279 1.403487 1.519484 4.997213
 11.900000 1.990266 1.485985 1.335887 1.498678 5.397013
 12.000000 2.032619 1.493650 1.303855 1.528141 2.034939
 12.100000 1.986870 1.532912 1.387930 1.540190 5.736286
 12.200000 2.033134 1.447051 1.376999 1.461091 2.003953
 12.300000 2.017880 1.534218 1.289043 1.601191 3.022526
 12.400000 2.029986 1.480350 1.340827 1.500974 2.197040
 12.500000 2.024261 1.503566 1.403396 1.469489 2.571079
 12.600000 2.038951 1.534193 1.301013 1.569500 1.670427
 12.700000 2.055197 1.462809 1.349123 1.484976 0.899684
 12.800000 1.996844 1.573990 1.374666 1.499466 4.769364
 12.900000 2.037794 1.510917 1.337118 1.484672 1.734357
 13.000000 2.018482 1.499781 1.288779 1.542867 2.978404
 13.100000 2.015081 1.530080 1.410718 1.498530 3.232062
 13.200000 2.026628 1.491466 1.380447 1.443449 2.412862
 13.300000 2.027075 1.503659 1.283128 1.589441 2.383550
 13.400000 2.038142 1.475439 1.369470 1.534121 1.714984
 13.500000 2.015078 1.514197 1.336568 1.492062 3.232313
 13.600000 2.043229 1.524839 1.345272 1.514862 1.444506
 13.700000 2.027618 1.474437 1.321373 1.527746 2.348168
 13.800000 2.022767 1.496324 1.413159 1.516868 2.673502
 13.900000 2.060737 1.599770 1.353345 1.435422 0.690925
 14.000000 2.058906 1.508469 1.286543 1.515229 0.756881
 14.100000 2.067742 1.477153 1.382090 1.571089 0.466387
 14.200000 2.025375 1.547872 1.384231 1.484417 2.496009
 14.300000 2.076701 1.528303 1.316342 1.470673 0.243295
 14.400000 2.048416 1.482913 1.342423 1.610550 1.192642
 14.500000 2.074799 1.442990 1.403105 1.523262 0.284654
 14.600000 2.062009 1.566391 1.354003 1.470734 0.646878
 14.700000 2.059392 1.534368 1.320279 1.548846 0.739098
 14.800000 2.047080 1.419226 1.345454 1.538826 1.255209
 14.900000 2.050905 1.556657 1.392955 1.523978 1.080319
 15.000000 2.044387 1.551438 1.295588 1.460575 1.386181
 15.100000 2.040892 1.471665 1.357725 1.535352 1.565909
 15.200000 2.027790 1.484847 1.386452 1.563905 2.337018
 15.300000 2.066177 1.553835 1.343363 1.489855 0.512736
 15.400000 2.037565 1.519058 1.307159 1.502833 1.747161
 15.500000 2.035460 1.452907 1.384330 1.545262 1.866953
 15.600000 2.034758 1.476619 1.371931 1.521133 1.907750
 15.700000 2.031256 1.539418 1.271447 1.494817 2.118099
 15.800000 2.013122 1.494625 1.371276 1.538146 3.382944
 15.900000 2.019531 1.447713 1.389443 1.534624 2.902188
 16.000000 2.012803 1.544837 1.301640 1.501042 3.407790
 16.100000 2.013419 1.543627 1.341654 1.454698 3.359831
 16.200000 1.995707 1.471063 1.386972 1.494969 4.875054
 16.300000 2.017436 1.503667 1.320726 1.496532 3.055265
 16.400000 1.989519 1.546750 1.305648 1.483933 5.470730
 16.500000 1.989476 1.471682 1.390516 1.467852 5.475029
 16.600000 1.987155 1.477480 1.332302 1.559870 5.707330
 16.700000 1.992430 1.533993 1.276065 1.467037 5.186267
 16.800000 1.988774 1.546396 1.390603 1.479201 5.544812
 16.900000 1.991314 1.481025 1.377826 1.524431 5.294476
 17.000000 2.017324 1.517157 1.295010 1.515405 3.063615
 17.100000 1.999031 1.584530 1.333878 1.445557 4.569279
 17.200000 2.023424 1.508517 1.368017 1.471273 2.628217
 17.300000 2.036557 1.483197 1.315925 1.552704 1.804024
 17.400000 2.050341 1.545995 1.337770 1.461572 1.105253
 17.500000 2.016945 1.542463 1.364228 1.443337 3.091738
 17.600000 2.028539 1.467731 1.347659 1.570691 2.288839
 17.700000 1.999617 1.478767 1.320282 1.546688 4.516409
 17.800000 2.023776 1.567597 1.368995 1.458464 2.604089
 17.900000 2.010945 1.543618 1.337420 1.552752 3.554546
 18.000000 2.014306 1.459191 1.332212 1.562272 3.291348
 18.100000 2.018132 1.496326 1.364054 1.502036 3.004004
 18.200000 2.029492 1.576541 1.331136 1.466288 2.228198
 18.300000 2.053712 1.518513 1.346203 1.486279 0.960286
 18.400000 2.059977 1.468075 1.343250 1.532376 0.717950
 18.500000 2.045727 1.540744 1.349854 1.509372 1.320214
 18.600000 2.040955 1.542696 1.314685 1.450210 1.562540
 18.700000 1.999652 1.539545 1.369004 1.582304 4.513248
 18.800000 2.033420 1.443747 1.336241 1.518908 1.986797
 18.900000 2.023456 1.580589 1.346775 1.546411 2.625979
 19.000000 2.015398 1.550209 1.359755 1.502892 3.208008
 19.100000 2.042713 1.478285 1.340116 1.528500 1.470927
 19.200000 2.058728 1.494216 1.342426 1.570650 0.763461
 19.300000 2.096787 1.511488 1.322880 1.469325 0.004626
 19.400000 2.076472 1.568580 1.380467 1.485644 0.248110
 19.500000 2.092088 1.463718 1.322116 1.509836 0.028057
 19.600000 2.060510 1.539929 1.339864 1.519374 0.698934
 19.700000 2.030812 1.568732 1.370069 1.461832 2.145542
 19.800000 2.032236 1.519305 1.333901 1.483790 2.058117
 19.900000 2.025389 1.522979 1.339918 1.601159 2.495010
 20.000000 2.032480 1.509469 1.344253 1.484089 2.043337
 20.100000 2.024250 1.560546 1.352186 1.482424 2.571815
 20.200000 2.023120 1.520988 1.334410 1.550542 2.649128
 20.300000 2.037277 1.420673 1.329011 1.513937 1.763299
 20.400000 2.003234 1.556815 1.367454 1.533617 4.196802
 20.500000 2.023664 1.527792 1.331530 1.458956 2.611746
 20.600000 1.998142 1.451293 1.330480 1.538728 4.650055
 20.700000 1.981633 1.495710 1.335661 1.555646 6.279586
 20.800000 1.977103 1.534383 1.342613 1.448878 6.769472
 20.900000 2.000761 1.522111 1.316069 1.508875 4.414006
 21.000000 1.957470 1.477804 1.345509 1.569426 9.105049
 21.100000 1.987088 1.460294 1.349458 1.454833 5.714149
 21.200000 1.971027 1.577524 1.317914 1.514496 7.455347
 21.300000 1.987054 1.431882 1.361706 1.484055 5.717609
 21.400000 1.985147 1.497046 1.304069 1.505143 5.912306
 21.500000 1.993419 1.577544 1.325415 1.508206 5.091358
 21.600000 1.984727 1.472904 1.346226 1.465612 5.955620
 21.700000 1.978188 1.507196 1.362365 1.550057 6.650420
 21.800000 1.986277 1.520621 1.309975 1.481319 5.796497
 21.900000 2.001919 1.521892 1.352843 1.458774 4.311605
 22.000000 1.976627 1.511163 1.400973 1.532527 6.821980
 22.100000 2.032493 1.476329 1.280511 1.477592 2.042520
 22.200000 2.026297 1.553268 1.344763 1.509255 2.434705
 22.300000 2.012939 1.486885 1.369160 1.520400 3.397191
 22.400000 2.019189 1.451674 1.314282 1.514182 2.926955
 22.500000 2.023203 1.584081 1.348372 1.548901 2.643371
 22.600000 2.017355 1.439028 1.355323 1.506080 3.061274
 22.700000 2.022318 1.469114 1.361293 1.584657 2.704689
 22.800000 2.041026 1.560092 1.326138 1.509458 1.558805
 22.900000 2.054673 1.491215 1.314999 1.490811 0.920853
 23.000000 2.033312 1.509792 1.356465 1.578838 1.993281
 23.100000 2.030332 1.480390 1.342637 1.455346 2.175384
 23.200000 2.035472 1.564869 1.353211 1.482630 1.866220
 23.300000 2.014438 1.508547 1.331419 1.578080 3.281189
 23.400000 2.015382 1.481925 1.346626 1.457182 3.209169
 23.500000 2.013963 1.597358 1.341990 1.493423 3.317703
 23.600000 2.021843 1.510442 1.315633 1.506601 2.737835
 23.700000 2.008640 1.484113 1.339314 1.509372 3.740997
 23.800000 2.002816 1.539226 1.369213 1.481040 4.233089
 23.900000 1.987962 1.491810 1.325306 1.490398 5.626036
 24.000000 1.982233 1.497797 1.351341 1.552114 6.216105
 24.100000 1.992586 1.496173 1.326839 1.482820 5.171198
 24.200000 2.001160 1.515575 1.343404 1.520147 4.378578
 24.300000 1.995126 1.496160 1.320140 1.581210 4.929571
 24.400000 2.005996 1.455514 1.319640 1.495007 3.960636
 24.500000 2.017689 1.505925 1.385407 1.484925 3.036579
 24.600000 1.997908 1.494109 1.324740 1.512109 4.671490
 24.700000 2.006032 1.486173 1.334031 1.532196 3.957605
 24.800000 2.007729 1.508528 1.337430 1.496082 3.815931
 24.900000 2.003519 1.527421 1.343482 1.510148 4.172127
 25.000000 2.013872 1.501742 1.321242 1.577351 3.324787
 25.100000 2.020348 1.438664 1.358382 1.518149 2.843570
 25.200000 2.011433 1.563033 1.389888 1.515354 3.515744
 25.300000 2.030048 1.502303 1.302637 1.522479 2.193170
 25.400000 2.030487 1.458074 1.346434 1.557053 2.165728
 25.500000 2.022583 1.504395 1.369533 1.486970 2.686244
 25.600000 2.055909 1.565390 1.313899 1.497562 0.871291
 25.700000 2.057264 1.464527 1.329996 1.584475 0.818563
 25.800000 2.030846 1.451459 1.389730 1.513544 2.143414
 25.900000 2.018812 1.574497 1.338365 1.489210 2.954343
 26.000000 2.018972 1.508004 1.311163 1.533964 2.942659
 26.100000 2.020195 1.444405 1.376634 1.553806 2.854547
 26.200000 2.025288 1.516372 1.340712 1.512143 2.501810
 26.300000 2.017988 1.576430 1.298172 1.493779 3.014615
 26.400000 2.009913 1.424656 1.391103 1.519276 3.637465
 26.500000 2.006489 1.474643 1.333063 1.537938 3.919209
 26.600000 2.027880 1.550717 1.317247 1.503700 2.331192
 26.700000 2.028116 1.491076 1.358662 1.485604 2.315973
 26.800000 1.979852 1.456237 1.354987 1.545341 6.469956
 26.900000 2.015380 1.513008 1.308056 1.532208 3.209365
 27.000000 1.986285 1.532500 1.342606 1.454801 5.795768
 27.100000 1.985966 1.474473 1.383868 1.513525 5.828333
 27.200000 2.007800 1.502870 1.297370 1.525816 3.810115
 27.300000 2.019264 1.531715 1.357370 1.495047 2.921511
 27.400000 2.022942 1.491927 1.341898 1.484687 2.661384
 27.500000 1.992638 1.522122 1.321702 1.541645 5.166216
 27.600000 2.023819 1.489649 1.343054 1.498075 2.601116
 27.700000 2.031723 1.526555 1.351851 1.481930 2.089388
 27.800000 2.031801 1.529519 1.348608 1.497953 2.084612
 27.900000 2.054689 1.526204 1.312983 1.498315 0.920184
 28.000000 2.048766 1.526998 1.374418 1.494172 1.176506
 28.100000 2.052219 1.539098 1.323616 1.506812 1.023249
 28.200000 2.051431 1.561504 1.320409 1.498234 1.057259
 28.300000 2.078382 1.504464 1.394070 1.488686 0.209463
 28.400000 2.046211 1.521582 1.353101 1.539181 1.296770
 28.500000 2.052362 1.521951 1.334290 1.500451 1.017128
 28.600000 2.057586 1.528973 1.339214 1.486773 0.806281
 28.700000 2.093980 1.526119 1.379703 1.500702 0.016242
 28.800000 2.085708 1.539983 1.301612 1.536155 0.091548
 28.900000 2.069088 1.498917 1.367162 1.462519 0.428278
 29.000000 2.056343 1.546256 1.372034 1.468931 0.854223
 29.100000 2.049048 1.526488 1.299775 1.510704 1.163584
 29.200000 2.015318 1.518782 1.364150 1.503828 3.214044
 29.300000 2.038185 1.519697 1.356297 1.469758 1.712619
 29.400000 2.034093 1.567367 1.323050 1.516036 1.946873
 29.500000 2.020701 1.507410 1.349908 1.525230 2.818425
 29.600000 2.016063 1.462985 1.376023 1.467970 3.157736
 29.700000 2.012306 1.608223 1.324751 1.508512 3.446773
 29.800000 2.031447 1.490601 1.332783 1.504015 2.106316
 29.900000 2.015180 1.461930 1.375031 1.521722 3.224510
 30.000000 1.988704 1.548135 1.320538 1.497787 5.551758
 30.100000 2.000124 1.497098 1.301460 1.456996 4.470869
 30.200000 1.968324 1.478727 1.390408 1.537671 7.771129
 30.300000 2.005812 1.476790 1.346062 1.478678 3.976188
 30.400000 1.998273 1.566301 1.306934 1.499340 4.638175
 30.500000 1.989373 1.520537 1.373510 1.510562 5.485242
 30.600000 2.011360 1.481292 1.323602 1.485666 3.521512
 30.700000 1.989540 1.616116 1.318872 1.515263 5.468700
 30.800000 2.004185 1.495842 1.345595 1.446443 4.114722
 30.900000 2.012487 1.470933 1.343282 1.521384 3.432514
 31.000000 2.004204 1.536404 1.339778 1.508809 4.113111
 31.100000 1.997395 1.499705 1.323030 1.448740 4.718509
 31.200000 1.999882 1.527328 1.346624 1.527597 4.492586
 31.300000 2.009517 1.481353 1.320888 1.517270 3.669452
 31.400000 2.011370 1.520760 1.370315 1.485004 3.520741
 31.500000 2.002496 1.551834 1.330777 1.507199 4.261037
 31.600000 2.023458 1.488688 1.329721 1.494961 2.625835
 31.700000 2.002552 1.558249 1.357221 1.538197 4.256115
 31.800000 2.024534 1.545748 1.347760 1.432368 2.552546
 31.900000 2.043654 1.503914 1.352571 1.518921 1.422991
 32.000000 2.027795 1.522083 1.317111 1.549929 2.336698
 32.100000 2.053555 1.514761 1.366608 1.468578 0.966840
 32.200000 2.044729 1.522173 1.324560 1.521899 1.369208
 32.300000 2.053293 1.474520 1.350897 1.527468 0.977763
 32.400000 2.034494 1.510255 1.358136 1.515622 1.923261
 32.500000 2.044489 1.554970 1.349155 1.506128 1.381104
 32.600000 2.021984 1.508726 1.337144 1.521437 2.727983
 32.700000 2.008125 1.516475 1.329597 1.534886 3.783247
 32.800000 2.022275 1.506879 1.368699 1.491846 2.707664
 32.900000 2.024613 1.533329 1.336331 1.501277 2.547222
 33.000000 2.026546 1.502039 1.355274 1.506540 2.418284
 33.100000 2.055054 1.492973 1.324330 1.480754 0.905447
 33.200000 2.058194 1.528764 1.349891 1.507988 0.783339
 33.300000 2.033066 1.483265 1.355224 1.490756 2.007999
 33.400000 2.010722 1.511190 1.344957 1.509949 3.572422
 33.500000 2.016049 1.533290 1.326906 1.509055 3.158791
 33.600000 1.986013 1.490045 1.350698 1.507450 5.823490
 33.700000 1.990656 1.505012 1.378216 1.532174 5.358701
 33.800000 2.016888 1.531740 1.289803 1.485036 3.095997
 33.900000 2.007561 1.513464 1.359837 1.484630 3.829850
 34.000000 2.012239 1.490420 1.352680 1.505145 3.452044
 34.100000 2.018013 1.507778 1.307927 1.473557 3.012777
 34.200000 2.011838 1.538170 1.344597 1.504383 3.483638
 34.300000 1.983405 1.457436 1.359626 1.475103 6.092995
 34.400000 1.992652 1.502928 1.324767 1.536473 5.164843
 34.500000 1.994548 1.528604 1.315659 1.547374 4.984041
 34.600000 1.978496 1.470851 1.353388 1.505596 6.616861
 34.700000 1.992303 1.510048 1.348327 1.531830 5.198515
 34.800000 2.023310 1.486425 1.324503 1.518402 2.636015
 34.900000 2.016663 1.514576 1.327236 1.498922 3.112799
 35.000000 2.009900 1.504425 1.394826 1.495889 3.638514
 35.100000 2.032625 1.480688 1.322734 1.490330 2.034541
 35.200000 2.026842 1.574301 1.319571 1.505494 2.398828
 35.300000 2.006511 1.509303 1.363529 1.479193 3.917355
 35.400000 2.021035 1.501501 1.358101 1.521665 2.794727
 35.500000 2.045202 1.585321 1.298830 1.554381 1.345887
 35.600000 2.037877 1.501036 1.357827 1.475704 1.729728
 35.700000 2.015503 1.512292 1.413284 1.546219 3.200064
 35.800000 2.028100 1.496893 1.328493 1.522490 2.316998
 35.900000 2.031952 1.517783 1.312478 1.490566 2.075373
 36.000000 2.031654 1.524767 1.392914 1.534942 2.093623
 36.100000 2.050320 1.453861 1.347627 1.497312 1.106194
 36.200000 2.072930 1.563525 1.304333 1.484548 0.328439
 36.300000 2.039708 1.610104 1.373298 1.514550 1.629249
 36.400000 2.050579 1.458665 1.351930 1.467857 1.094690
 36.500000 2.050299 1.552644 1.357414 1.549562 1.107130
 36.600000 2.049265 1.495497 1.323564 1.485960 1.153673
 36.700000 2.036105 1.486591 1.374480 1.515891 1.829819
 36.800000 2.041347 1.504122 1.354214 1.556303 1.541910
 36.900000 2.042365 1.471312 1.291209 1.494180 1.488839
 37.000000 2.016379 1.532010 1.397952 1.515066 3.134027
 37.100000 2.012399 1.516565 1.355829 1.487694 3.439475
 37.200000 2.035348 1.519832 1.322090 1.464440 1.873409
 37.300000 2.018426 1.578357 1.328925 1.525362 2.982438
 37.400000 2.022338 1.478587 1.387220 1.428039 2.703282
 37.500000 2.031237 1.549304 1.331359 1.523015 2.119228
 37.600000 2.025718 1.524727 1.336845 1.506912 2.473103
 37.700000 2.032335 1.474621 1.346705 1.480499 2.052088
 37.800000 2.008359 1.558862 1.350121 1.535757 3.764051
 37.900000 2.037027 1.511690 1.337261 1.492607 1.777390
 38.000000 2.010695 1.528046 1.365814 1.509803 3.574535
 38.100000 2.039094 1.539746 1.360507 1.507880 1.662619
 38.200000 2.022708 1.577336 1.305391 1.466950 2.677569
 38.300000 2.043334 1.552586 1.368974 1.495351 1.439205
 38.400000 2.031453 1.481432 1.360049 1.509349 2.105938
 38.500000 2.041145 1.525105 1.335016 1.507448 1.552532
 38.600000 2.037935 1.536966 1.340976 1.508919 1.726504
 38.700000 2.043485 1.457760 1.373973 1.505864 1.431514
 38.800000 2.057808 1.507271 1.332165 1.569863 0.797883
 38.900000 2.033077 1.531306 1.328229 1.511492 2.007365
 39.000000 2.027643 1.512109 1.372781 1.469599 2.346564
 39.100000 2.018471 1.516287 1.346774 1.558949 2.979198
 39.200000 2.027692 1.503667 1.304117 1.474077 2.343405
 39.300000 2.018160 1.551156 1.379646 1.454930 3.001927
 39.400000 2.038777 1.492603 1.386869 1.508453 1.679985
 39.500000 2.050647 1.487466 1.287240 1.532173 1.091702
 39.600000 2.031736 1.555391 1.354286 1.486609 2.088592
 39.700000 2.036678 1.517428 1.367009 1.488478 1.797111
 39.800000 2.034858 1.473092 1.344207 1.557632 1.901942
 39.900000 2.050525 1.532330 1.310541 1.537785 1.097093
 40.000000 2.046037 1.534454 1.386473 1.429774 1.305176
 40.100000 2.054645 1.547064 1.371059 1.517542 0.921965
 40.200000 2.059291 1.507581 1.302992 1.501149 0.742756
 40.300000 2.060154 1.564335 1.370485 1.454326 0.711601
 40.400000 2.063191 1.563354 1.350324 1.498400 0.607253
 40.500000 2.055818 1.481951 1.327423 1.517846 0.874889
 40.600000 2.057412 1.558585 1.348217 1.527437 0.812924
 40.700000 2.063246 1.532418 1.394174 1.489255 0.605466
 40.800000 2.076622 1.437285 1.353201 1.537130 0.244950
 40.900000 2.072893 1.559246 1.354078 1.596012 0.329329
 41.000000 2.081068 1.527153 1.342327 1.483489 0.160643
 41.100000 2.073606 1.509546 1.359829 1.558562 0.312236
 41.200000 2.072476 1.527113 1.352723 1.543723 0.339549
 41.300000 2.071656 1.544419 1.335750 1.445573 0.360072
 41.400000 2.075186 1.556568 1.387461 1.521927 0.275962
 41.500000 2.058420 1.506106 1.338044 1.510777 0.774885
 41.600000 2.072104 1.511417 1.355355 1.481453 0.348776
 41.700000 2.049446 1.569886 1.351418 1.533463 1.145481
 41.800000 2.074525 1.488355 1.353265 1.489976 0.290862
 41.900000 2.054987 1.524263 1.325459 1.547308 0.908150
 42.000000 2.054678 1.512165 1.374611 1.545680 0.920631
 42.100000 2.066785 1.448112 1.377135 1.529683 0.494479
 42.200000 2.090064 1.569299 1.330003 1.529062 0.044247
 42.300000 2.068501 1.558271 1.356574 1.496825 0.444688
 42.400000 2.083225 1.494968 1.348178 1.504773 0.126118
 42.500000 2.068603 1.533879 1.343414 1.512385 0.441827
 42.600000 2.036400 1.560812 1.330497 1.450785 1.812969
 42.700000 2.044923 1.548135 1.377441 1.456993 1.359592
 42.800000 2.044995 1.511288 1.329988 1.552303 1.356056
 42.900000 2.050987 1.497958 1.351861 1.504947 1.076687
 43.000000 2.030760 1.610250 1.364338 1.484186 2.148745
 43.100000 2.060551 1.474685 1.338887 1.503433 0.697501
 43.200000 2.013473 1.487251 1.340624 1.564932 3.355646
 43.300000 2.028741 1.498681 1.367192 1.487663 2.275902
 43.400000 2.020202 1.534495 1.306696 1.462010 2.854027
 43.500000 2.018320 1.530245 1.362894 1.535752 2.990194
 43.600000 2.026530 1.471613 1.355417 1.456673 2.419329
 43.700000 2.013567 1.572021 1.305750 1.504432 3.348377
 43.800000 2.023222 1.541161 1.340860 1.492967 2.642077
 43.900000 2.012746 1.462635 1.367436 1.487099 3.412266
 44.000000 2.002462 1.519769 1.342876 1.556041 4.263996
 44.100000 2.013006 1.509514 1.315133 1.479407 3.391941
 44.200000 1.980795 1.517441 1.381420 1.508444 6.368881
 44.300000 2.027804 1.464504 1.338987 1.522154 2.336159
 44.400000 2.021467 1.541212 1.300672 1.502724 2.764250
 44.500000 2.004227 1.537265 1.367087 1.454196 4.111070
 44.600000 1.991970 1.486315 1.358263 1.503721 5.230690
 44.700000 1.995923 1.498451 1.315873 1.506577 4.854918
 44.800000 2.008871 1.539233 1.360210 1.482732 3.722108
 44.900000 2.012425 1.514354 1.358532 1.476719 3.437449
 45.000000 2.054803 1.432151 1.324708 1.532827 0.915550
 45.100000 2.022389 1.564588 1.340231 1.550488 2.699711
 45.200000 2.018604 1.528831 1.343173 1.446356 2.969457
 45.300000 2.011612 1.509201 1.353520 1.509183 3.501538
 45.400000 2.014200 1.510610 1.352805 1.514100 3.299461
 45.500000 2.031568 1.553842 1.348323 1.424966 2.098896
 45.600000 2.018194 1.549063 1.331402 1.506887 2.999419
 45.700000 2.054975 1.485229 1.332408 1.534915 0.908620
 45.800000 2.046118 1.524328 1.357253 1.475904 1.301267
 45.900000 2.043677 1.556245 1.341833 1.509353 1.421794
 46.000000 2.052283 1.430270 1.350716 1.537976 1.020523
 46.100000 2.035254 1.484615 1.334632 1.576453 1.878887
 46.200000 2.052501 1.481324 1.375058 1.491711 1.011227
 46.300000 2.023516 1.495270 1.315160 1.554647 2.621868
 46.400000 2.034958 1.484275 1.352128 1.538793 1.896117
 46.500000 2.014199 1.510115 1.328562 1.481684 3.299592
 46.600000 2.004662 1.511481 1.344538 1.473347 4.073879
 46.700000 2.021604 1.531247 1.346678 1.507636 2.754594
 46.800000 2.019764 1.508062 1.357503 1.478823 2.885461
 46.900000 2.036602 1.498488 1.343270 1.531560 1.801438
 47.000000 2.011586 1.514534 1.318495 1.540572 3.503615
 47.100000 2.022737 1.486255 1.359129 1.516353 2.675552
 47.200000 2.003797 1.506849 1.344611 1.526201 4.148105
 47.300000 2.010150 1.471449 1.349117 1.520098 3.618352
 47.400000 1.997844 1.500548 1.320276 1.525238 4.677302
 47.500000 2.004674 1.525253 1.374902 1.483120 4.072849
 47.600000 1.999243 1.523520 1.324628 1.475011 4.550077
 47.700000 2.007837 1.545151 1.335300 1.518080 3.807026
 47.800000 2.000389 1.514503 1.351166 1.485682 4.447201
 47.900000 1.992770 1.520619 1.327915 1.484507 5.153524
 48.000000 1.991714 1.534560 1.355470 1.532180 5.255518
 48.100000 2.018278 1.464072 1.345879 1.481516 2.993293
 48.200000 2.003865 1.536342 1.351313 1.536342 4.142257
 48.300000 2.013662 1.472539 1.313095 1.515040 3.341006
 48.400000 2.003021 1.474377 1.343798 1.522253 4.215258
 48.500000 1.994465 1.529728 1.337317 1.532244 4.991915
 48.600000 1.988088 1.451968 1.338974 1.484512 5.613378
 48.700000 2.000934 1.513921 1.376763 1.531490 4.398697
 48.800000 2.009575 1.523754 1.319489 1.497027 3.664797
 48.900000 2.030107 1.520029 1.326200 1.442594 2.189469
 49.000000 2.008855 1.542247 1.351418 1.520241 3.723382
 49.100000 2.020881 1.501413 1.334128 1.459330 2.805672
 49.200000 1.986705 1.545449 1.335535 1.493185 5.753026
 49.300000 1.984582 1.506113 1.385694 1.476622 5.970584
 49.400000 2.000157 1.487434 1.327855 1.503528 4.467928
 49.500000 2.007774 1.531676 1.342164 1.522460 3.812238
 49.600000 2.010405 1.522835 1.337248 1.478312 3.597814
 49.700000 2.021639 1.489168 1.343308 1.490634 2.752167
 49.800000 2.026063 1.531537 1.325780 1.533997 2.450146
 49.900000 2.028794 1.483837 1.358753 1.447832 2.272527
 50.000000 2.019711 1.554084 1.352897 1.519104 2.889237
