#! FIELDS time d1 d2 d3 d4 rest.bias
 0.000000 3.547761 1.333195 1.453610 1.366955 9.785637
 0.100000 3.403478 1.300284 1.493997 1.296602 0.005422
 0.200000 3.411266 1.354215 1.481352 1.326751 0.056889
 0.300000 3.449010 1.327950 1.426664 1.342375 1.076553
 0.400000 3.289906 1.355413 1.499646 1.356173 5.432509
 0.500000 3.390592 1.369660 1.462045 1.372231 0.039675
 0.600000 3.414616 1.327240 1.484097 1.317456 0.095744
 0.700000 3.390941 1.372332 1.522596 1.382390 0.036784
 0.800000 3.340276 1.328137 1.498166 1.343294 1.598734
 0.900000 3.397801 1.363770 1.440634 1.350958 0.002167
 1.000000 3.416144 1.348220 1.440803 1.327619 0.116821
 1.100000 3.412161 1.288846 1.461042 1.312413 0.066282
 1.200000 3.501568 1.356144 1.452641 1.335606 4.623650
 1.300000 3.456427 1.294738 1.426979 1.312415 1.427067
 1.400000 3.460911 1.315305 1.517377 1.313320 1.662863
 1.500000 3.411013 1.362228 1.530581 1.336269 0.054361
 1.600000 3.398086 1.338013 1.520194 1.355228 0.001641
 1.700000 3.390434 1.335196 1.458988 1.357924 0.041014
 1.800000 3.380648 1.376681 1.465463 1.341067 0.167855
 1.900000 3.329553 1.364619 1.496505 1.356560 2.224302
 2.000000 3.447018 1.325217 1.470250 1.341038 0.990836
 2.100000 3.424906 1.316414 1.429254 1.315567 0.278027
 2.200000 3.450901 1.318262 1.446188 1.314300 1.161249
 2.300000 3.478003 1.326098 1.419329 1.337481 2.727036
 2.400000 3.394689 1.335157 1.461387 1.311150 0.012645
 2.500000 3.413881 1.326781 1.545733 1.336375 0.086362
 2.600000 3.379527 1.348665 1.468277 1.373457 0.187857
 2.700000 3.342825 1.363145 1.479521 1.340852 1.465145
 2.800000 3.415171 1.374082 1.433440 1.351117 0.103151
 2.900000 3.357803 1.307846 1.531430 1.330703 0.798048
 3.000000 3.432651 1.361364 1.513049 1.377195 0.477834
 3.100000 3.456413 1.335843 1.452506 1.298511 1.426389
 3.200000 3.448995 1.268159 1.464097 1.299933 1.075929
 3.300000 3.484902 1.357711 1.451781 1.332013 3.230752
 3.400000 3.437967 1.309837 1.427944 1.298036 0.646066
 3.500000 3.347436 1.329864 1.545345 1.369695 1.238380
 3.600000 3.385959 1.375664 1.413826 1.365010 0.088358
 3.700000 3.382571 1.343410 1.498323 1.322033 0.136155
 3.800000 3.386090 1.376278 1.544242 1.381114 0.086718
 3.900000 3.417658 1.291397 1.521084 1.321440 0.139745
 4.000000 3.441734 1.352395 1.467370 1.331579 0.780641
 4.100000 3.415717 1.350965 1.426372 1.348703 0.110720
 4.200000 3.440922 1.287445 1.424079 1.306620 0.750574
 4.300000 3.407945 1.352691 1.434704 1.323169 0.028289
 4.400000 3.447891 1.325229 1.405168 1.348026 1.027983
 4.500000 3.386711 1.318957 1.436320 1.296732 0.079152
 4.600000 3.369272 1.392157 1.467435 1.366809 0.423188
 4.700000 3.415105 1.319015 1.499911 1.363970 0.102261
 4.800000 3.416483 1.346536 1.544225 1.359298 0.121769
 4.900000 3.381036 1.368169 1.514689 1.342422 0.161196
 5.000000 3.381497 1.324101 1.449450 1.335766 0.153447
 5.100000 3.392727 1.346202 1.450027 1.374650 0.023705
 5.200000 3.330924 1.358139 1.551782 1.318231 2.138577
 5.300000 3.432221 1.361524 1.465182 1.343423 0.465327
 5.400000 3.373319 1.314854 1.477355 1.337665 0.319071
 5.500000 3.368985 1.374409 1.477732 1.399765 0.431145
 5.600000 3.361388 1.351558 1.485078 1.314150 0.668230
 5.700000 3.445838 1.334553 1.491204 1.330677 0.941716
 5.800000 3.440544 1.318425 1.534428 1.373303 0.736766
 5.900000 3.449683 1.310600 1.497580 1.273302 1.106345
 6.000000 3.457696 1.343433 1.458845 1.344007 1.492000
 6.100000 3.436777 1.339451 1.428518 1.352447 0.606199
 6.200000 3.409671 1.288584 1.467754 1.276145 0.041923
 6.300000 3.445718 1.363712 1.442446 1.369721 0.936793
 6.400000 3.405051 1.336576 1.404492 1.327775 0.011433
 6.500000 3.430083 1.285483 1.458099 1.322413 0.405602
 6.600000 3.410762 1.372020 1.436029 1.332580 0.051912
 6.700000 3.439674 1.327106 1.412194 1.327677 0.705469
 6.800000 3.411279 1.290317 1.477014 1.324112 0.057015
 6.900000 3.456362 1.363378 1.433839 1.313673 1.423808
 7.000000 3.442372 1.308784 1.428156 1.341470 0.804709
 7.100000 3.425015 1.304925 1.507369 1.313054 0.280460
 7.200000 3.468945 1.361086 1.469235 1.344139 2.130449
 7.300000 3.393815 1.313430 1.503312 1.314233 0.017147
 7.400000 3.432291 1.336990 1.504054 1.353093 0.467351
 7.500000 3.383552 1.342842 1.431956 1.335722 0.121251
 7.600000 3.358556 1.365837 1.469361 1.333767 0.769844
 7.700000 3.386693 1.351872 1.455937 1.397130 0.079365
 7.800000 3.430247 1.310744 1.539187 1.327131 0.410039
 7.900000 3.392998 1.410194 1.523215 1.359762 0.021975
 8.000000 3.352289 1.302203 1.472211 1.322198 1.020234
 8.100000 3.436034 1.348340 1.418351 1.378523 0.581962
 8.200000 3.317027 1.387672 1.518921 1.322742 3.085610
 8.300000 3.431986 1.354187 1.504558 1.337778 0.458549
 8.400000 3.378318 1.311873 1.464183 1.375429 0.210701
 8.500000 3.360911 1.373517 1.464030 1.370341 0.684831
 8.600000 3.366060 1.375183 1.493970 1.333363 0.516292
 8.700000 3.439413 1.331950 1.493308 1.351590 0.696218
 8.800000 3.413670 1.331046 1.551673 1.342485 0.083751
 8.900000 3.381681 1.352233 1.527074 1.321523 0.150406
 9.000000 3.390726 1.355066 1.420384 1.348981 0.038545
 9.100000 3.337526 1.336100 1.479940 1.382618 1.749333
 9.200000 3.380821 1.374433 1.477641 1.354078 0.164857
 9.300000 3.433118 1.322932 1.531866 1.292954 0.491572
 9.400000 3.387152 1.386191 1.509345 1.369513 0.073985
 9.500000 3.389745 1.301738 1.454697 1.344493 0.047137
 9.600000 3.386086 1.355625 1.455111 1.335162 0.086769
 9.700000 3.378028 1.378362 1.487721 1.359331 0.216368
 9.800000 3.404813 1.303525 1.572946 1.348004 0.010384
 9.900000 3.407902 1.360289 1.463008 1.374162 0.027985
 10.000000 3.362949 1.367986 1.481644 1.305612 0.615292
 10.100000 3.393231 1.335434 1.442577 1.365589 0.020534
 10.200000 3.377273 1.316909 1.427265 1.345268 0.231495
 10.300000 3.396456 1.365731 1.505768 1.314047 0.005629
 10.400000 3.397320 1.358122 1.510031 1.376727 0.003220
 10.500000 3.421174 1.296187 1.518456 1.356894 0.200947
 10.600000 3.354348 1.395484 1.447702 1.365051 0.934097
 10.700000 3.341533 1.360893 1.468616 1.321931 1.532097
 10.800000 3.432832 1.348779 1.455971 1.367049 0.483147
 10.900000 3.362940 1.302203 1.544189 1.341338 0.615577
 11.000000 3.440194 1.381350 1.491692 1.323514 0.724081
 11.100000 3.377362 1.341465 1.479895 1.340944 0.229694
 11.200000 3.375517 1.336013 1.481626 1.387999 0.268662
 11.300000 3.369651 1.375289 1.528156 1.347874 0.412827
 11.400000 3.403229 1.364616 1.462718 1.329836 0.004673
 11.500000 3.414359 1.325348 1.496341 1.349277 0.092412
 11.600000 3.368442 1.323258 1.497053 1.331892 0.446376
 11.700000 3.415415 1.367993 1.413695 1.348380 0.106501
 11.800000 3.362525 1.328973 1.491734 1.334383 0.629453
 11.900000 3.373181 1.370460 1.486726 1.374875 0.322373
 12.000000 3.410887 1.341828 1.531172 1.340874 0.053121
 12.100000 3.377615 1.363280 1.462302 1.365259 0.224591
 12.200000 3.358939 1.337392 1.505167 1.328535 0.755682
 12.300000 3.438586 1.344954 1.434058 1.342720 0.667308
 12.400000 3.398740 1.308771 1.463047 1.328811 0.000711
 12.500000 3.466601 1.335273 1.464713 1.303103 1.988073
 12.600000 3.431988 1.313865 1.427163 1.330416 0.458601
 12.700000 3.450762 1.349244 1.471847 1.331219 1.154899
 12.800000 3.408962 1.307025 1.473917 1.299402 0.036002
 12.900000 3.422473 1.347844 1.475794 1.378762 0.226353
 13.000000 3.399292 1.334449 1.536074 1.326656 0.000224
 13.100000 3.381858 1.378998 1.443850 1.335272 0.147511
 13.200000 3.375925 1.340666 1.454333 1.368731 0.259782
 13.300000 3.353556 1.333458 1.480114 1.377057 0.966768
 13.400000 3.426651 1.374827 1.505824 1.334817 0.318337
 13.500000 3.420114 1.320740 1.503472 1.308210 0.181332
 13.600000 3.384795 1.340787 1.518315 1.390009 0.103614
 13.700000 3.385141 1.358838 1.467383 1.335825 0.098961
 13.800000 3.355119 1.377442 1.452885 1.341293 0.902815
 13.900000 3.361271 1.341670 1.493180 1.371847 0.672278
 14.000000 3.440460 1.335990 1.499026 1.377589 0.733715
 14.100000 3.354445 1.350918 1.522425 1.310320 0.930150
 14.200000 3.412052 1.393300 1.479373 1.371445 0.065101
 14.300000 3.363956 1.304790 1.470716 1.340827 0.582304
 14.400000 3.401368 1.360402 1.484916 1.352472 0.000839
 14.500000 3.400486 1.368685 1.539220 1.321955 0.000106
 14.600000 3.383687 1.348947 1.477970 1.343675 0.119269
 14.700000 3.399334 1.319651 1.437328 1.388704 0.000199
 14.800000 3.338421 1.352698 1.471774 1.359663 1.699580
 14.900000 3.411850 1.365169 1.488441 1.312784 0.062943
 15.000000 3.393819 1.328233 1.472939 1.359610 0.017126
 15.100000 3.391134 1.325595 1.516050 1.365044 0.035231
 15.200000 3.385954 1.398845 1.521185 1.330555 0.088426
 15.300000 3.386616 1.382277 1.481853 1.349279 0.080291
 15.400000 3.375385 1.306340 1.474857 1.373996 0.271566
 15.500000 3.404079 1.370300 1.482508 1.339234 0.007458
 15.600000 3.405261 1.332165 1.500468 1.293928 0.012407
 15.700000 3.391487 1.333981 1.499517 1.393679 0.032484
 15.800000 3.372998 1.355964 1.464998 1.361350 0.326787
 15.900000 3.376987 1.376240 1.443064 1.332130 0.237371
 16.000000 3.373616 1.357023 1.534873 1.360691 0.311991
 16.100000 3.408749 1.345535 1.526884 1.375481 0.034309
 16.200000 3.374597 1.312626 1.468317 1.354860 0.289234
 16.300000 3.378982 1.400938 1.428331 1.336516 0.198002
 16.400000 3.344770 1.350477 1.471956 1.344550 1.367179
 16.500000 3.431577 1.314503 1.497445 1.371568 0.446900
 16.600000 3.393846 1.349786 1.525701 1.319494 0.016974
 16.700000 3.401243 1.387444 1.524616 1.329205 0.000692
 16.800000 3.354877 1.319060 1.469482 1.378968 0.912585
 16.900000 3.367945 1.350905 1.473629 1.401120 0.460541
 17.000000 3.399562 1.360998 1.515716 1.313273 0.000086
 17.100000 3.401235 1.353574 1.486466 1.323248 0.000683
 17.200000 3.384785 1.327452 1.480395 1.385198 0.103754
 17.300000 3.358657 1.350794 1.400095 1.327968 0.766096
 17.400000 3.414288 1.375253 1.455341 1.322535 0.091497
 17.500000 3.390533 1.330278 1.520785 1.373228 0.040170
 17.600000 3.393476 1.325978 1.525300 1.362382 0.019078
 17.700000 3.409521 1.393517 1.474463 1.341739 0.040625
 17.800000 3.340406 1.354941 1.467944 1.328468 1.591756
 17.900000 3.366291 1.347947 1.476788 1.414928 0.509288
 18.000000 3.415588 1.314483 1.475796 1.332817 0.108905
 18.100000 3.421307 1.371525 1.493094 1.318832 0.203484
 18.200000 3.384602 1.341067 1.496949 1.348022 0.106274
 18.300000 3.371102 1.323598 1.430174 1.356958 0.374302
 18.400000 3.374064 1.373036 1.466887 1.363511 0.301503
 18.500000 3.372416 1.374487 1.536172 1.343318 0.341030
 18.600000 3.403250 1.322603 1.514321 1.357351 0.004734
 18.700000 3.416608 1.325831 1.460003 1.353381 0.123623
 18.800000 3.380058 1.381167 1.464677 1.340164 0.178244
 18.900000 3.397377 1.313588 1.465526 1.311871 0.003084
 19.000000 3.392911 1.339778 1.449221 1.396183 0.022524
 19.100000 3.345860 1.352622 1.511943 1.316585 1.313720
 19.200000 3.428958 1.403017 1.462520 1.343863 0.375840
 19.300000 3.345382 1.312600 1.511614 1.363835 1.337034
 19.400000 3.408109 1.355344 1.481592 1.415853 0.029468
 19.500000 3.353307 1.364163 1.513864 1.294421 0.977168
 19.600000 3.420185 1.372232 1.431459 1.356132 0.182604
 19.700000 3.365769 1.300314 1.490586 1.355606 0.525188
 19.800000 3.381247 1.358739 1.442959 1.357759 0.157628
 19.900000 3.401837 1.356435 1.466066 1.301860 0.001512
 20.000000 3.380303 1.364024 1.539432 1.388235 0.173894
 20.100000 3.359628 1.323313 1.531029 1.375981 0.730518
 20.200000 3.425745 1.376804 1.444946 1.345477 0.297074
 20.300000 3.344344 1.369982 1.468385 1.333679 1.388332
 20.400000 3.361345 1.338058 1.497793 1.377350 0.669716
 20.500000 3.424759 1.350762 1.496488 1.363953 0.274742
 20.600000 3.383697 1.358286 1.488200 1.319588 0.119124
 20.700000 3.402026 1.361901 1.473185 1.368789 0.001840
 20.800000 3.408540 1.287595 1.476784 1.337871 0.032690
 20.900000 3.393392 1.366792 1.478531 1.338366 0.019572
 21.000000 3.369668 1.350010 1.489779 1.342347 0.412361
 21.100000 3.395937 1.333270 1.443420 1.357071 0.007400
 21.200000 3.386678 1.362088 1.520862 1.362024 0.079541
 21.300000 3.358603 1.380671 1.538106 1.359848 0.768068
 21.400000 3.397772 1.338928 1.436575 1.326721 0.002225
 21.500000 3.391045 1.345547 1.446392 1.366835 0.035940
 21.600000 3.355334 1.345339 1.509364 1.356123 0.894189
 21.700000 3.408843 1.350225 1.476991 1.325619 0.035047
 21.800000 3.402795 1.345799 1.465173 1.349657 0.003501
 21.900000 3.345391 1.329138 1.531545 1.362608 1.336594
 22.000000 3.394996 1.402495 1.465708 1.368107 0.011221
 22.100000 3.379875 1.349579 1.474761 1.307975 0.181525
 22.200000 3.398533 1.371352 1.513444 1.362245 0.000964
 22.300000 3.385038 1.308361 1.498550 1.366582 0.100333
 22.400000 3.393550 1.346851 1.466721 1.325933 0.018647
 22.500000 3.381475 1.383179 1.474075 1.346633 0.153811
 22.600000 3.354382 1.310168 1.458229 1.361284 0.932688
 22.700000 3.435066 1.350750 1.468292 1.375331 0.551125
 22.800000 3.356233 1.380314 1.568489 1.303096 0.858550
 22.900000 3.403650 1.364738 1.485262 1.373605 0.005971
 23.000000 3.378054 1.306056 1.461618 1.367869 0.215869
 23.100000 3.368360 1.396094 1.461673 1.348131 0.448688
 23.200000 3.371918 1.351925 1.511127 1.315343 0.353452
 23.300000 3.452140 1.319826 1.482354 1.375754 1.218457
 23.400000 3.380661 1.321273 1.500498 1.318323 0.167629
 23.500000 3.387431 1.389683 1.466149 1.328770 0.070802
 23.600000 3.375042 1.333124 1.440761 1.355337 0.279184
 23.700000 3.387398 1.332352 1.504734 1.377269 0.071180
 23.800000 3.372008 1.382689 1.530987 1.345261 0.351183
 23.900000 3.386845 1.360708 1.469602 1.311851 0.077560
 24.000000 3.398915 1.319605 1.435770 1.395392 0.000528
 24.100000 3.335780 1.331588 1.485588 1.331367 1.848471
 24.200000 3.459050 1.391846 1.430820 1.310124 1.562816
 24.300000 3.351953 1.313067 1.524266 1.359741 1.034662
 24.400000 3.377076 1.348303 1.481292 1.402839 0.235528
 24.500000 3.380613 1.367061 1.474143 1.300046 0.168452
 24.600000 3.395541 1.370684 1.468608 1.371374 0.008912
 24.700000 3.370931 1.305792 1.542314 1.359531 0.378722
 24.800000 3.438101 1.346751 1.471819 1.331850 0.650654
 24.900000 3.366024 1.356647 1.471621 1.325101 0.517374
 25.000000 3.355829 1.346682 1.484563 1.377764 0.874453
 25.100000 3.381678 1.351937 1.423021 1.357074 0.150464
 25.200000 3.390180 1.348960 1.489991 1.326771 0.043221
 25.300000 3.384377 1.372683 1.525467 1.367689 0.109402
 25.400000 3.396093 1.305467 1.504137 1.338264 0.006840
 25.500000 3.424778 1.348570 1.449876 1.364132 0.275171
 25.600000 3.339584 1.362983 1.499774 1.323983 1.635968
 25.700000 3.391976 1.343140 1.448457 1.373384 0.028855
 25.800000 3.391172 1.329607 1.457076 1.349504 0.034931
 25.900000 3.352819 1.361384 1.516034 1.337796 0.997693
 26.000000 3.412029 1.368533 1.481276 1.370472 0.064851
 26.100000 3.386506 1.303491 1.488768 1.324096 0.081608
 26.200000 3.401750 1.390499 1.498104 1.380416 0.001372
 26.300000 3.364813 1.332676 1.505896 1.306502 0.554925
 26.400000 3.411335 1.347827 1.456783 1.352322 0.057591
 26.500000 3.365022 1.339377 1.506763 1.352745 0.548349
 26.600000 3.371793 1.359379 1.468955 1.353448 0.356603
 26.700000 3.403737 1.342471 1.455359 1.325009 0.006260
 26.800000 3.390995 1.373288 1.494722 1.366815 0.036346
 26.900000 3.355455 1.314328 1.498751 1.347536 0.889335
 27.000000 3.444762 1.360644 1.486492 1.332592 0.898039
 27.100000 3.363032 1.351287 1.521681 1.338220 0.612517
 27.200000 3.367808 1.335697 1.491627 1.368004 0.464485
 27.300000 3.402027 1.362068 1.422517 1.363475 0.001841
 27.400000 3.346025 1.358465 1.493860 1.312684 1.305731
 27.500000 3.413406 1.360294 1.546376 1.371502 0.080551
 27.600000 3.419015 1.306482 1.481340 1.352364 0.162051
 27.700000 3.376478 1.357057 1.478276 1.337400 0.247977
 27.800000 3.359652 1.380945 1.484564 1.353030 0.729641
 27.900000 3.354885 1.319937 1.445294 1.362853 0.912240
 28.000000 3.436063 1.346052 1.495397 1.366496 0.582918
 28.100000 3.360798 1.372906 1.562595 1.318115 0.688786
 28.200000 3.405564 1.361041 1.477148 1.354918 0.013878
 28.300000 3.373236 1.325251 1.434022 1.365522 0.321054
 28.400000 3.355560 1.367440 1.474593 1.362614 0.885137
 28.500000 3.406449 1.355163 1.531609 1.294830 0.018640
 28.600000 3.425328 1.336881 1.481124 1.358711 0.287531
 28.700000 3.365915 1.317976 1.504809 1.372466 0.520702
 28.800000 3.368302 1.388499 1.413781 1.331084 0.450337
 28.900000 3.387888 1.363355 1.468226 1.328436 0.065746
 29.000000 3.391122 1.320793 1.544086 1.417364 0.035327
 29.100000 3.377448 1.337380 1.499516 1.319698 0.227958
 29.200000 3.430676 1.411118 1.473746 1.308217 0.421757
 29.300000 3.344949 1.312548 1.487723 1.379317 1.358298
 29.400000 3.388478 1.330791 1.463628 1.388725 0.059506
 29.500000 3.406830 1.394686 1.471018 1.294729 0.020907
 29.600000 3.372361 1.363059 1.516617 1.349342 0.342385
 29.700000 3.374293 1.318704 1.507841 1.403334 0.296187
 29.800000 3.400361 1.327932 1.417659 1.335841 0.000058
 29.900000 3.376686 1.384272 1.483009 1.333662 0.243622
 30.000000 3.360260 1.340707 1.490409 1.339520 0.707829
 30.100000 3.425514 1.320413 1.465824 1.387207 0.291772
 30.200000 3.362141 1.349837 1.530850 1.346810 0.642390
 30.300000 3.400940 1.410149 1.491433 1.323475 0.000396
 30.400000 3.380655 1.316248 1.494201 1.360214 0.167726
 30.500000 3.394655 1.338694 1.449028 1.387913 0.012805
 30.600000 3.354450 1.372841 1.511707 1.306153 0.929946
 30.700000 3.410404 1.350681 1.442919 1.367714 0.048514
 30.800000 3.385111 1.296234 1.531344 1.368337 0.099352
 30.900000 3.364596 1.394118 1.518874 1.376499 0.561786
 31.000000 3.392583 1.343324 1.443270 1.307985 0.024654
 31.100000 3.388905 1.364280 1.451308 1.368079 0.055168
 31.200000 3.350663 1.325680 1.505777 1.358904 1.090998
 31.300000 3.427160 1.358199 1.480068 1.352126 0.330634
 31.400000 3.379397 1.356798 1.481956 1.301582 0.190260
 31.500000 3.385904 1.347255 1.489465 1.384962 0.089058
 31.600000 3.348654 1.349200 1.482244 1.390341 1.181662
 31.700000 3.420856 1.379834 1.460710 1.306752 0.194964
 31.800000 3.380026 1.365473 1.536777 1.344856 0.178821
 31.900000 3.366542 1.315947 1.495658 1.380850 0.501740
 32.000000 3.407353 1.359610 1.440046 1.336966 0.024233
 32.100000 3.324282 1.375616 1.472297 1.327522 2.569657
 32.200000 3.407847 1.319598 1.458755 1.363813 0.027596
 32.300000 3.426948 1.329355 1.542217 1.354769 0.325475
 32.400000 3.376328 1.364637 1.528317 1.332343 0.251163
 32.500000 3.371632 1.378398 1.458029 1.348457 0.360698
 32.600000 3.353556 1.319113 1.401589 1.372238 0.966798
 32.700000 3.402077 1.347399 1.526339 1.345829 0.001934
 32.800000 3.411737 1.359678 1.566663 1.317620 0.061739
 32.900000 3.434883 1.318777 1.484795 1.342850 0.545365
 33.000000 3.357425 1.347225 1.487758 1.386997 0.812413
 33.100000 3.332119 1.384555 1.456249 1.349730 2.065259
 33.200000 3.402672 1.360183 1.460556 1.330686 0.003200
 33.300000 3.410106 1.314345 1.504987 1.356875 0.045779
 33.400000 3.380718 1.331123 1.530981 1.365914 0.166641
 33.500000 3.387903 1.383804 1.457705 1.318370 0.065593
 33.600000 3.371325 1.353892 1.457226 1.343772 0.368534
 33.700000 3.370867 1.318096 1.548067 1.396299 0.380395
 33.800000 3.441457 1.377621 1.505028 1.328884 0.770317
 33.900000 3.364108 1.369284 1.475959 1.320813 0.577393
 34.000000 3.351068 1.338362 1.434482 1.388534 1.073138
 34.100000 3.413496 1.343953 1.464490 1.345461 0.081641
 34.200000 3.394302 1.353889 1.532523 1.317492 0.014550
 34.300000 3.405609 1.350003 1.517084 1.365122 0.014103
 34.400000 3.379370 1.320050 1.481529 1.348193 0.190755
 34.500000 3.377980 1.370036 1.438699 1.373167 0.217327
 34.600000 3.361050 1.364680 1.552439 1.333122 0.679971
 34.700000 3.398742 1.356923 1.456329 1.361070 0.000709
 34.800000 3.397180 1.290036 1.473923 1.342298 0.003564
 34.900000 3.362193 1.403780 1.477851 1.363661 0.640637
 35.000000 3.376843 1.337757 1.432358 1.321968 0.240350
 35.100000 3.426183 1.312697 1.478319 1.378385 0.307271
 35.200000 3.345020 1.373717 1.524699 1.341921 1.354815
 35.300000 3.430315 1.381408 1.517897 1.327610 0.411886
 35.400000 3.342250 1.318891 1.472469 1.370689 1.494780
 35.500000 3.382053 1.334849 1.506138 1.399304 0.144370
 35.600000 3.408893 1.384104 1.519575 1.308584 0.035446
 35.700000 3.390646 1.334558 1.472695 1.312119 0.039215
 35.800000 3.410586 1.328464 1.473578 1.414564 0.050231
 35.900000 3.317211 1.357111 1.443147 1.322751 3.071968
 36.000000 3.448697 1.397368 1.449339 1.313040 1.062858
 36.100000 3.357017 1.329831 1.573820 1.382561 0.828073
 36.200000 3.364777 1.335781 1.463105 1.388850 0.556071
 36.300000 3.400602 1.372984 1.469986 1.304822 0.000162
 36.400000 3.366360 1.365170 1.470353 1.359556 0.507218
 36.500000 3.403235 1.293451 1.540307 1.379411 0.004691
 36.600000 3.430508 1.361814 1.465450 1.346235 0.417144
 36.700000 3.324305 1.365793 1.446857 1.294678 2.568083
 36.800000 3.379887 1.372121 1.468835 1.411511 0.181305
 36.900000 3.392893 1.315097 1.488576 1.346889 0.022638
 37.000000 3.415975 1.353654 1.528552 1.341540 0.114376
 37.100000 3.377305 1.376754 1.505887 1.340927 0.230852
 37.200000 3.402486 1.301153 1.456868 1.341028 0.002769
 37.300000 3.370399 1.364619 1.471883 1.415590 0.392733
 37.400000 3.358094 1.369605 1.475561 1.307924 0.787102
 37.500000 3.419129 1.342398 1.479528 1.349898 0.164003
 37.600000 3.387474 1.311839 1.494475 1.398380 0.070319
 37.700000 3.372406 1.383399 1.501475 1.335459 0.341263
 37.800000 3.380454 1.377704 1.436511 1.328736 0.171240
 37.900000 3.391243 1.293135 1.458189 1.386298 0.034372
 38.000000 3.365754 1.369776 1.555576 1.376392 0.525629
 38.100000 3.415110 1.381558 1.468421 1.306418 0.102330
 38.200000 3.373711 1.336202 1.456736 1.336959 0.309765
 38.300000 3.364041 1.347411 1.460198 1.413525 0.579539
 38.400000 3.380067 1.335949 1.494182 1.318208 0.178081
 38.500000 3.424904 1.383370 1.476348 1.321405 0.277967
 38.600000 3.384326 1.302571 1.534329 1.346406 0.110115
 38.700000 3.384200 1.352553 1.470000 1.408725 0.111882
 38.800000 3.371363 1.365349 1.469047 1.295543 0.367547
 38.900000 3.380404 1.390653 1.527311 1.375490 0.172102
 39.000000 3.399813 1.285334 1.532072 1.368584 0.000016
 39.100000 3.434564 1.351207 1.486531 1.327504 0.535457
 39.200000 3.332954 1.391400 1.451538 1.342820 2.014718
 39.300000 3.371354 1.303957 1.415747 1.366313 0.367791
 39.400000 3.408923 1.363846 1.471606 1.374343 0.035685
 39.500000 3.365916 1.357705 1.604011 1.307664 0.520696
 39.600000 3.428140 1.396631 1.514776 1.367213 0.354921
 39.700000 3.344973 1.302172 1.449740 1.354477 1.357151
 39.800000 3.397487 1.379112 1.473824 1.396381 0.002831
 39.900000 3.336370 1.355348 1.521944 1.291343 1.814666
 40.000000 3.446307 1.348233 1.444848 1.374639 0.961090
 40.100000 3.354741 1.304733 1.524549 1.344214 0.918076
 40.200000 3.359253 1.418814 1.426885 1.372999 0.744143
 40.300000 3.401512 1.326697 1.475383 1.312000 0.001024
 40.400000 3.388178 1.376812 1.487679 1.377888 0.062643
 40.500000 3.377966 1.323640 1.573833 1.337820 0.217600
 40.600000 3.420287 1.356159 1.465299 1.350989 0.184466
 40.700000 3.324302 1.347582 1.446362 1.323014 2.568284
 40.800000 3.396850 1.346858 1.466604 1.394042 0.004447
 40.900000 3.388419 1.338972 1.460034 1.332873 0.060111
 41.000000 3.411903 1.370772 1.508465 1.324647 0.063504
 41.100000 3.362672 1.341933 1.493765 1.392775 0.624519
 41.200000 3.385640 1.322602 1.495476 1.346606 0.092425
 41.300000 3.419014 1.384502 1.493107 1.330509 0.162038
 41.400000 3.317060 1.327428 1.540428 1.346595 3.083161
 41.500000 3.460012 1.349993 1.461150 1.373017 1.614170
 41.600000 3.338559 1.336065 1.487035 1.331351 1.691960
 41.700000 3.398817 1.383645 1.492961 1.358324 0.000627
 41.800000 3.394840 1.322893 1.464975 1.314801 0.011932
 41.900000 3.399662 1.340281 1.476833 1.373492 0.000051
 42.000000 3.375678 1.347500 1.513622 1.341027 0.265132
 42.100000 3.372034 1.358636 1.447839 1.311391 0.350527
 42.200000 3.419450 1.335008 1.492683 1.362102 0.169550
 42.300000 3.349139 1.350284 1.526847 1.378903 1.159424
 42.400000 3.404609 1.371631 1.454852 1.333763 0.009520
 42.500000 3.380403 1.331234 1.443104 1.342673 0.172131
 42.600000 3.382528 1.367192 1.495259 1.397123 0.136815
 42.700000 3.394481 1.321665 1.520450 1.293931 0.013653
 42.800000 3.428081 1.371594 1.453643 1.364133 0.353413
 42.900000 3.346957 1.315057 1.509663 1.352783 1.261052
 43.000000 3.355555 1.390153 1.416091 1.386316 0.885351
 43.100000 3.400728 1.340953 1.489159 1.324931 0.000237
 43.200000 3.389124 1.362898 1.549250 1.345476 0.053019
 43.300000 3.404614 1.343191 1.506602 1.374880 0.009540
 43.400000 3.395870 1.315230 1.450479 1.321298 0.007646
 43.500000 3.345118 1.419771 1.406263 1.383804 1.350017
 43.600000 3.370637 1.307956 1.498651 1.316154 0.386437
 43.700000 3.424061 1.347350 1.482003 1.392439 0.259472
 43.800000 3.370735 1.343232 1.548225 1.305415 0.383867
 43.900000 3.394597 1.391039 1.454280 1.373035 0.013084
 44.000000 3.332411 1.297004 1.458522 1.352285 2.047507
 44.100000 3.447619 1.381327 1.489347 1.371659 1.016339
 44.200000 3.356379 1.339966 1.525805 1.303195 0.852840
 44.300000 3.455421 1.342096 1.481618 1.370845 1.376624
 44.400000 3.314895 1.338086 1.482861 1.353316 3.246272
 44.500000 3.354056 1.393259 1.431916 1.352607 0.946087
 44.600000 3.415856 1.333056 1.489889 1.338246 0.112682
 44.700000 3.391005 1.335440 1.525628 1.354330 0.036263
 44.800000 3.421438 1.355022 1.538956 1.357234 0.205985
 44.900000 3.351691 1.354026 1.445899 1.327387 1.045974
 45.000000 3.387753 1.353417 1.436497 1.361423 0.067223
 45.100000 3.351079 1.338706 1.531098 1.366933 1.072680
 45.200000 3.424402 1.361977 1.493783 1.352372 0.266890
 45.300000 3.400703 1.354029 1.488592 1.287000 0.000222
 45.400000 3.340669 1.351594 1.435164 1.428881 1.577759
 45.500000 3.400052 1.313678 1.475684 1.335242 0.000001
 45.600000 3.401202 1.406684 1.483391 1.327598 0.000648
 45.700000 3.378171 1.315112 1.526631 1.343267 0.213563
 45.800000 3.401425 1.347468 1.477264 1.393325 0.000910
 45.900000 3.338132 1.384864 1.472565 1.321324 1.715562
 46.000000 3.415547 1.396947 1.534893 1.347240 0.108334
 46.100000 3.376836 1.285355 1.492280 1.361696 0.240490
 46.200000 3.439624 1.352496 1.472791 1.347582 0.703710
 46.300000 3.329050 1.377903 1.469873 1.335076 2.256197
 46.400000 3.373673 1.332791 1.409424 1.364307 0.310659
 46.500000 3.413518 1.309537 1.496252 1.359842 0.081907
 46.600000 3.371146 1.404742 1.548583 1.340166 0.373150
 46.700000 3.384508 1.363080 1.518172 1.335747 0.107562
 46.800000 3.375370 1.330865 1.419335 1.372891 0.271894
 46.900000 3.386946 1.347846 1.494203 1.359351 0.076375
 47.000000 3.376770 1.381969 1.530358 1.314989 0.241872
 47.100000 3.424710 1.333208 1.476669 1.358119 0.273664
 47.200000 3.354126 1.313240 1.470194 1.384388 0.943223
 47.300000 3.365097 1.398722 1.420996 1.354710 0.546012
 47.400000 3.411111 1.354082 1.519652 1.297426 0.055331
 47.500000 3.395816 1.347459 1.513430 1.386438 0.007846
 47.600000 3.393680 1.313178 1.522277 1.346686 0.017902
 47.700000 3.388175 1.399927 1.419205 1.329908 0.062676
 47.800000 3.325045 1.365204 1.469113 1.340152 2.518111
 47.900000 3.399007 1.330130 1.507336 1.415303 0.000442
 48.000000 3.396039 1.339829 1.472026 1.315263 0.007031
 48.100000 3.426342 1.397833 1.500250 1.319433 0.310995
 48.200000 3.320324 1.320215 1.495526 1.383353 2.845292
 48.300000 3.415054 1.341769 1.436791 1.361157 0.101571
 48.400000 3.389197 1.369817 1.500531 1.326187 0.052304
 48.500000 3.339284 1.363880 1.535487 1.356887 1.652233
 48.600000 3.442718 1.325378 1.512794 1.384544 0.817905
 48.700000 3.346382 1.332879 1.442092 1.349826 1.288518
 48.800000 3.405639 1.390963 1.483728 1.345369 0.014253
 48.900000 3.368405 1.327467 1.474423 1.326071 0.447405
 49.000000 3.400377 1.316429 1.471877 1.399555 0.000064
 49.100000 3.383539 1.384969 1.540192 1.321770 0.121441
 49.200000 3.365364 1.378835 1.430351 1.315071 0.537694
 49.300000 3.419845 1.306962 1.503787 1.391101 0.176504
 49.400000 3.353378 1.361291 1.498496 1.386232 0.974219
 49.500000 3.391448 1.367098 1.495501 1.279750 0.032777
 49.600000 3.436747 1.350874 1.450324 1.369748 0.605236
 49.700000 3.317137 1.307019 1.506731 1.384823 3.077470
 49.800000 3.406036 1.382561 1.483969 1.342208 0.016329
 49.900000 3.376389 1.365414 1.426798 1.316178 0.249862
 50.000000 3.389110 1.340874 1.516944 1.359838 0.053153
