#! FIELDS time d1 d2 d3 d4 rest.bias
 0.000000 1.926704 1.540715 1.316614 1.536541 0.319612
 0.100000 1.861544 1.425518 1.373125 1.574758 0.662833
 0.200000 1.831750 1.485084 1.364632 1.536107 2.087750
 0.300000 1.820298 1.556176 1.310446 1.480575 2.847142
 0.400000 1.785102 1.501795 1.343554 1.515925 5.916960
 0.500000 1.781888 1.495124 1.361860 1.501858 6.252544
 0.600000 1.819877 1.530714 1.334363 1.488369 2.877330
 0.700000 1.839289 1.513103 1.339289 1.534089 1.651973
 0.800000 1.851070 1.487860 1.361566 1.513123 1.073044
 0.900000 1.878068 1.521479 1.344038 1.513856 0.215599
 1.000000 1.885310 1.540224 1.335866 1.510899 0.096721
 1.100000 1.844784 1.533315 1.349553 1.464637 1.366477
 1.200000 1.831289 1.519334 1.354947 1.516132 2.116049
 1.300000 1.834388 1.509931 1.338400 1.517139 1.929488
 1.400000 1.805085 1.524570 1.351222 1.497505 4.037759
 1.500000 1.807437 1.471841 1.337515 1.519648 3.840150
 1.600000 1.840636 1.471702 1.322143 1.567414 1.579469
 1.700000 1.845843 1.558046 1.351536 1.499708 1.314544
 1.800000 1.829028 1.485793 1.346674 1.460024 2.257582
 1.900000 1.835853 1.501879 1.331467 1.581369 1.844249
 2.000000 1.846784 1.505419 1.338562 1.499932 1.269261
 2.100000 1.826725 1.505081 1.368692 1.482498 2.406473
 2.200000 1.842360 1.497202 1.341768 1.573969 1.489101
 2.300000 1.868590 1.492069 1.314341 1.512076 0.442191
 2.400000 1.842673 1.566378 1.377011 1.506629 1.472933
 2.500000 1.827977 1.497665 1.349653 1.499378 2.324935
 2.600000 1.839636 1.520921 1.319666 1.488294 1.633160
 2.700000 1.828888 1.573021 1.358529 1.506143 2.266508
 2.800000 1.825576 1.480462 1.362925 1.440111 2.482540
 2.900000 1.822246 1.545191 1.330080 1.541601 2.709661
 3.000000 1.833675 1.510122 1.325386 1.523079 1.971640
 3.100000 1.842366 1.490446 1.357709 1.472874 1.488780
 3.200000 1.844323 1.566092 1.346855 1.533574 1.389370
 3.300000 1.876172 1.489607 1.333279 1.504043 0.254484
 3.400000 1.851504 1.515437 1.354120 1.539709 1.054121
 3.500000 1.829651 1.511296 1.356261 1.500964 2.218162
 3.600000 1.845142 1.481318 1.338218 1.529200 1.348804
 3.700000 1.816370 1.488085 1.331535 1.599656 3.134705
 3.800000 1.809543 1.468568 1.337756 1.470446 3.667403
 3.900000 1.804261 1.531500 1.342716 1.532393 4.108221
 4.000000 1.824570 1.493808 1.331998 1.552885 2.550143
 4.100000 1.850249 1.482828 1.346735 1.477266 1.109379
 4.200000 1.844188 1.565590 1.364883 1.526520 1.396151
 4.300000 1.892726 1.468085 1.342853 1.506980 0.023714
 4.400000 1.858274 1.521309 1.355950 1.547273 0.780348
 4.500000 1.834772 1.520410 1.341408 1.496072 1.906975
 4.600000 1.846849 1.515291 1.341328 1.499224 1.266179
 4.700000 1.802981 1.559974 1.332156 1.528666 4.218727
 4.800000 1.790693 1.477527 1.348232 1.472504 5.355102
 4.900000 1.818552 1.523038 1.341190 1.520918 2.973284
 5.000000 1.831377 1.552102 1.342809 1.517010 2.110644
 5.100000 1.841748 1.470672 1.348482 1.478443 1.520853
 5.200000 1.857577 1.524847 1.362339 1.561687 0.806620
 5.300000 1.883205 1.530225 1.327480 1.488080 0.126421
 5.400000 1.844060 1.500784 1.343492 1.510222 1.402543
 5.500000 1.813844 1.485195 1.354357 1.572551 3.326952
 5.600000 1.826917 1.490443 1.331584 1.487850 2.393865
 5.700000 1.790254 1.520899 1.332094 1.539163 5.398240
 5.800000 1.794567 1.446521 1.366814 1.525171 4.982202
 5.900000 1.825766 1.506321 1.344878 1.506399 2.469901
 6.000000 1.851747 1.554629 1.335171 1.535466 1.043567
 6.100000 1.877167 1.475708 1.349237 1.482567 0.233666
 6.200000 1.869773 1.577149 1.368015 1.522188 0.409500
 6.300000 1.883173 1.523909 1.329822 1.534061 0.126910
 6.400000 1.834000 1.481755 1.340922 1.483537 1.952383
 6.500000 1.779018 1.563672 1.364999 1.517347 6.560168
 6.600000 1.811589 1.471009 1.336686 1.500685 3.503396
 6.700000 1.791866 1.540667 1.323488 1.516934 5.240755
 6.800000 1.799858 1.562702 1.356148 1.453390 4.494727
 6.900000 1.859632 1.510637 1.342680 1.496739 0.730385
 7.000000 1.863448 1.569843 1.321029 1.555197 0.598801
 7.100000 1.864594 1.511967 1.356615 1.446782 0.561853
 7.200000 1.844795 1.515389 1.360371 1.566714 1.365947
 7.300000 1.846233 1.467954 1.332920 1.552411 1.295701
 7.400000 1.814739 1.494160 1.344599 1.472352 3.258163
 7.500000 1.778985 1.545779 1.364543 1.537234 6.563717
 7.600000 1.828629 1.448560 1.317841 1.516563 2.283046
 7.700000 1.814459 1.549647 1.339764 1.548456 3.279621
 7.800000 1.817905 1.495324 1.355223 1.498986 3.020700
 7.900000 1.859022 1.476492 1.337994 1.536021 0.752621
 8.000000 1.855877 1.547845 1.342384 1.608914 0.872567
 8.100000 1.857570 1.441229 1.359966 1.446698 0.806884
 8.200000 1.823127 1.582845 1.360620 1.562382 2.648605
 8.300000 1.831497 1.524375 1.340855 1.493815 2.103243
 8.400000 1.822479 1.490255 1.339547 1.476228 2.693427
 8.500000 1.796866 1.595020 1.347470 1.540453 4.767341
 8.600000 1.839045 1.478042 1.322091 1.454879 1.665311
 8.700000 1.820536 1.521034 1.357282 1.573196 2.830160
 8.800000 1.828650 1.476416 1.342963 1.511135 2.281733
 8.900000 1.865885 1.511571 1.339889 1.482758 0.521626
 9.000000 1.841883 1.542490 1.354877 1.563878 1.513823
 9.100000 1.836825 1.449057 1.342139 1.478876 1.788817
 9.200000 1.824011 1.585972 1.339380 1.530598 2.588080
 9.300000 1.841425 1.497762 1.337582 1.522078 1.537796
 9.400000 1.850179 1.422241 1.349441 1.550240 1.112492
 9.500000 1.805742 1.574969 1.343851 1.574896 3.982085
 9.600000 1.846671 1.466791 1.337381 1.468843 1.274673
 9.700000 1.820255 1.507197 1.353092 1.591023 2.850201
 9.800000 1.820125 1.502998 1.344343 1.478604 2.859502
 9.900000 1.855589 1.517005 1.348375 1.481258 0.883992
 10.000000 1.829469 1.575604 1.338140 1.568028 2.229649
 10.100000 1.841633 1.478892 1.344374 1.436960 1.526898
 10.200000 1.814961 1.576715 1.347318 1.565105 3.241217
 10.300000 1.831726 1.515900 1.331764 1.489212 2.089239
 10.400000 1.850771 1.506353 1.349719 1.472745 1.086205
 10.500000 1.833166 1.554542 1.350300 1.569347 2.002008
 10.600000 1.867658 1.496580 1.333667 1.436137 0.468808
 10.700000 1.831206 1.643772 1.360155 1.503868 2.121130
 10.800000 1.819068 1.462608 1.327658 1.509776 2.935710
 10.900000 1.838406 1.482555 1.336255 1.537823 1.700375
 11.000000 1.818115 1.584526 1.353262 1.525400 3.005270
 11.100000 1.836011 1.443090 1.333247 1.477101 1.835214
 11.200000 1.821866 1.518977 1.349014 1.631276 2.736210
 11.300000 1.837422 1.505313 1.341106 1.481087 1.755162
 11.400000 1.863708 1.493546 1.365297 1.503922 0.590333
 11.500000 1.847894 1.519568 1.336212 1.600105 1.216860
 11.600000 1.863837 1.485201 1.343236 1.489789 0.586130
 11.700000 1.808338 1.526088 1.347291 1.551017 3.765770
 11.800000 1.793775 1.493900 1.323708 1.507761 5.057356
 11.900000 1.819223 1.490765 1.351444 1.513221 2.924502
 12.000000 1.810191 1.542570 1.358451 1.530622 3.614993
 12.100000 1.837648 1.518375 1.335321 1.444531 1.742490
 12.200000 1.843237 1.550521 1.355847 1.546633 1.444103
 12.300000 1.844666 1.503519 1.336745 1.501726 1.372329
 12.400000 1.858225 1.545263 1.342425 1.490453 0.782184
 12.500000 1.835824 1.547269 1.339899 1.542957 1.845962
 12.600000 1.849041 1.461662 1.338216 1.498416 1.163873
 12.700000 1.791352 1.581992 1.354212 1.523793 5.290714
 12.800000 1.781823 1.487552 1.333851 1.474765 6.259518
 12.900000 1.807901 1.489153 1.343677 1.540378 3.801761
 13.000000 1.828924 1.528621 1.351288 1.516767 2.264206
 13.100000 1.856181 1.491894 1.346477 1.468954 0.860603
 13.200000 1.839339 1.516653 1.324986 1.598981 1.649252
 13.300000 1.863546 1.464501 1.346179 1.541418 0.595595
 13.400000 1.858931 1.512525 1.361847 1.494542 0.755978
 13.500000 1.816896 1.513012 1.329428 1.555558 3.095404
 13.600000 1.825328 1.462991 1.342814 1.525564 2.499099
 13.700000 1.790684 1.527458 1.363552 1.526718 5.355936
 13.800000 1.800596 1.522106 1.331760 1.492449 4.428718
 13.900000 1.837873 1.512564 1.319236 1.520334 1.729960
 14.000000 1.828893 1.556299 1.365096 1.531838 2.266184
 14.100000 1.871145 1.511574 1.340071 1.461517 0.373187
 14.200000 1.841213 1.568090 1.331104 1.531783 1.548934
 14.300000 1.859827 1.512829 1.361769 1.478371 0.723353
 14.400000 1.855729 1.529697 1.343818 1.498174 0.878421
 14.500000 1.836578 1.561697 1.342096 1.498255 1.802803
 14.600000 1.845221 1.516416 1.347917 1.469949 1.344942
 14.700000 1.805594 1.516414 1.338440 1.549610 3.994541
 14.800000 1.794448 1.500323 1.326627 1.515094 4.993453
 14.900000 1.807051 1.528182 1.343898 1.506806 3.872268
 15.000000 1.829026 1.482232 1.347064 1.559137 2.257725
 15.100000 1.843806 1.471759 1.349331 1.527045 1.415287
 15.200000 1.845764 1.522203 1.339308 1.516412 1.318417
 15.300000 1.854847 1.480081 1.355382 1.582644 0.913787
 15.400000 1.866790 1.458040 1.340612 1.532570 0.494308
 15.500000 1.856133 1.532333 1.350360 1.528244 0.862479
 15.600000 1.851046 1.484421 1.341457 1.527282 1.074118
 15.700000 1.807816 1.496883 1.341688 1.542259 3.808747
 15.800000 1.797504 1.508832 1.345180 1.504466 4.708573
 15.900000 1.799815 1.517371 1.346373 1.487999 4.498598
 16.000000 1.814467 1.561044 1.355669 1.491236 3.278955
 16.100000 1.831730 1.525103 1.342381 1.505570 2.088978
 16.200000 1.861387 1.533986 1.331353 1.494049 0.668237
 16.300000 1.864228 1.581072 1.348218 1.479649 0.573525
 16.400000 1.858805 1.509807 1.346364 1.493711 0.760590
 16.500000 1.857297 1.524215 1.338232 1.543419 0.817321
 16.600000 1.836756 1.552632 1.361825 1.474170 1.792712
 16.700000 1.806908 1.487317 1.339811 1.479969 3.884149
 16.800000 1.788718 1.480835 1.350697 1.566392 5.550388
 16.900000 1.808984 1.513979 1.327663 1.507994 3.712863
 17.000000 1.821691 1.520981 1.350963 1.505768 2.748467
 17.100000 1.825004 1.482499 1.334107 1.571582 2.520842
 17.200000 1.843912 1.474586 1.340078 1.548188 1.409959
 17.300000 1.860011 1.511431 1.353100 1.537821 0.716734
 17.400000 1.837163 1.495269 1.343142 1.562733 1.769725
 17.500000 1.851458 1.471153 1.345132 1.536415 1.056096
 17.600000 1.830268 1.522698 1.367204 1.522476 2.179412
 17.700000 1.825298 1.506297 1.336195 1.497368 2.501101
 17.800000 1.797718 1.547507 1.337283 1.551595 4.688920
 17.900000 1.811639 1.475038 1.353044 1.502053 3.499414
 18.000000 1.828110 1.535262 1.334679 1.495504 2.316402
 18.100000 1.798655 1.582844 1.343039 1.518799 4.603384
 18.200000 1.840433 1.477424 1.373593 1.491669 1.590314
 18.300000 1.844188 1.550528 1.334806 1.521186 1.396129
 18.400000 1.840771 1.574252 1.338822 1.477798 1.572309
 18.500000 1.853944 1.500590 1.357804 1.486564 0.950716
 18.600000 1.855248 1.526035 1.348895 1.577480 0.897623
 18.700000 1.851881 1.529032 1.329305 1.450555 1.037788
 18.800000 1.800138 1.540056 1.357550 1.530076 4.469651
 18.900000 1.813417 1.446261 1.346344 1.553992 3.359965
 19.000000 1.827062 1.509921 1.337131 1.508247 2.384370
 19.100000 1.797398 1.560949 1.349806 1.516719 4.718283
 19.200000 1.829823 1.434635 1.346605 1.512680 2.207329
 19.300000 1.824874 1.538123 1.340209 1.589754 2.529603
 19.400000 1.834606 1.510602 1.334754 1.508512 1.916670
 19.500000 1.834525 1.473649 1.346374 1.543010 1.921413
 19.600000 1.834336 1.529592 1.360310 1.556692 1.932548
 19.700000 1.854163 1.472195 1.340818 1.485592 0.941670
 19.800000 1.787373 1.566392 1.342414 1.586280 5.685339
 19.900000 1.814459 1.514429 1.363049 1.444550 3.279616
 20.000000 1.807468 1.519669 1.352553 1.527047 3.837588
 20.100000 1.786103 1.548305 1.320385 1.530857 5.814247
 20.200000 1.810106 1.527493 1.349196 1.437042 3.621869
 20.300000 1.800600 1.551232 1.352277 1.555910 4.428366
 20.400000 1.830354 1.503220 1.310805 1.501713 2.174054
 20.500000 1.849242 1.593478 1.369890 1.471910 1.154741
 20.600000 1.851705 1.550785 1.358492 1.511926 1.045381
 20.700000 1.884076 1.488230 1.332271 1.499356 0.113657
 20.800000 1.820858 1.617842 1.345573 1.541027 2.807275
 20.900000 1.836049 1.461796 1.361098 1.486027 1.833013
 21.000000 1.811644 1.496227 1.329476 1.593962 3.499016
 21.100000 1.791912 1.534639 1.320851 1.519057 5.236330
 21.200000 1.806801 1.490414 1.364015 1.480091 3.893107
 21.300000 1.800310 1.517655 1.351856 1.587929 4.454212
 21.400000 1.824575 1.474469 1.317895 1.511343 2.549748
 21.500000 1.830790 1.521871 1.371419 1.557839 2.146897
 21.600000 1.848292 1.512230 1.363314 1.537477 1.198340
 21.700000 1.877361 1.494696 1.331433 1.506828 0.229716
 21.800000 1.814933 1.537018 1.336673 1.609789 3.243355
 21.900000 1.838964 1.484589 1.360480 1.494282 1.669705
 22.000000 1.824613 1.529188 1.345321 1.530893 2.547215
 22.100000 1.792765 1.515706 1.328063 1.541034 5.154035
 22.200000 1.811074 1.508944 1.362059 1.464836 3.544292
 22.300000 1.789974 1.575777 1.352339 1.534507 5.425764
 22.400000 1.817106 1.474012 1.326246 1.530546 3.079769
 22.500000 1.840299 1.553917 1.342035 1.516522 1.597474
 22.600000 1.845386 1.581814 1.359567 1.491622 1.336846
 22.700000 1.869176 1.500976 1.331853 1.496629 0.425832
 22.800000 1.827754 1.543860 1.345267 1.564807 2.339346
 22.900000 1.831378 1.539155 1.361712 1.488436 2.110583
 23.000000 1.821619 1.530262 1.337178 1.485142 2.753535
 23.100000 1.786226 1.512276 1.331973 1.574006 5.801709
 23.200000 1.816210 1.494659 1.358525 1.503353 3.146739
 23.300000 1.809146 1.548563 1.334495 1.499518 3.699646
 23.400000 1.818858 1.508204 1.337101 1.538316 2.950953
 23.500000 1.837718 1.492134 1.366331 1.531165 1.738565
 23.600000 1.842548 1.530481 1.348157 1.541107 1.479373
 23.700000 1.861335 1.508287 1.343587 1.510255 0.670057
 23.800000 1.837212 1.502493 1.363548 1.564801 1.766976
 23.900000 1.835539 1.494397 1.348692 1.582102 1.862352
 24.000000 1.821954 1.515187 1.333402 1.473801 2.730062
 24.100000 1.792374 1.585623 1.355297 1.527068 5.191674
 24.200000 1.810495 1.471943 1.344030 1.554390 3.590556
 24.300000 1.794553 1.535234 1.317456 1.471015 4.983587
 24.400000 1.802169 1.596110 1.377851 1.486388 4.289715
 24.500000 1.844737 1.474705 1.340956 1.512645 1.368805
 24.600000 1.833569 1.543720 1.324517 1.545039 1.977962
 24.700000 1.842993 1.578140 1.370679 1.463647 1.456555
 24.800000 1.856864 1.502705 1.338495 1.475552 0.833978
 24.900000 1.848287 1.526405 1.334860 1.609422 1.198598
 25.000000 1.836150 1.542350 1.347268 1.454309 1.827222
 25.100000 1.806623 1.539629 1.360115 1.503877 3.907951
 25.200000 1.824211 1.485133 1.337861 1.576380 2.574436
 25.300000 1.808755 1.471388 1.329016 1.510571 3.731590
 25.400000 1.795854 1.556379 1.365289 1.569356 4.861362
 25.500000 1.822065 1.465516 1.321992 1.520940 2.722340
 25.600000 1.809924 1.497520 1.343254 1.555763 3.636549
 25.700000 1.803654 1.528042 1.357151 1.531325 4.160400
 25.800000 1.828197 1.502895 1.339767 1.474979 2.310745
 25.900000 1.833713 1.514414 1.359698 1.603391 1.969352
 26.000000 1.845545 1.452829 1.344576 1.515581 1.329055
 26.100000 1.826179 1.567991 1.351938 1.491575 2.442481
 26.200000 1.826355 1.556301 1.345450 1.526663 2.430879
 26.300000 1.820825 1.466127 1.341385 1.528247 2.809613
 26.400000 1.799706 1.573147 1.334558 1.491067 4.508362
 26.500000 1.806367 1.559510 1.348416 1.452979 3.929426
 26.600000 1.815956 1.486572 1.351275 1.563610 3.165784
 26.700000 1.822092 1.522453 1.336054 1.530294 2.720431
 26.800000 1.832652 1.547167 1.347091 1.460240 2.032949
 26.900000 1.845377 1.538525 1.347640 1.545787 1.337298
 27.000000 1.844164 1.483427 1.340865 1.527620 1.397346
 27.100000 1.824061 1.588301 1.341927 1.499141 2.584641
 27.200000 1.823840 1.535758 1.347289 1.488111 2.599700
 27.300000 1.828419 1.450991 1.363213 1.570631 2.296473
 27.400000 1.799673 1.540370 1.335070 1.549220 4.511400
 27.500000 1.814396 1.513826 1.337105 1.479778 3.284460
 27.600000 1.817196 1.504286 1.361508 1.569421 3.073117
 27.700000 1.804461 1.505990 1.346580 1.540976 4.090996
 27.800000 1.830998 1.512638 1.331366 1.489928 2.134011
 27.900000 1.824820 1.543654 1.358845 1.537249 2.533236
 28.000000 1.816161 1.481829 1.348897 1.532271 3.150358
 28.100000 1.817180 1.506201 1.327022 1.535096 3.074254
 28.200000 1.811610 1.560122 1.362235 1.492086 3.501671
 28.300000 1.832991 1.498083 1.372343 1.516176 2.012513
 28.400000 1.827766 1.528219 1.318936 1.579227 2.338564
 28.500000 1.824125 1.553298 1.336440 1.452234 2.580289
 28.600000 1.823728 1.543425 1.378659 1.480247 2.607338
 28.700000 1.815838 1.508499 1.327065 1.568184 3.174710
 28.800000 1.826435 1.500821 1.315393 1.511927 2.425605
 28.900000 1.814263 1.555132 1.397432 1.490013 3.294621
 29.000000 1.821254 1.497431 1.363143 1.539087 2.779290
 29.100000 1.829471 1.497887 1.299248 1.528393 2.229492
 29.200000 1.824601 1.557956 1.367734 1.508725 2.548034
 29.300000 1.820335 1.501262 1.367083 1.526722 2.844486
 29.400000 1.823835 1.476222 1.313095 1.555300 2.600023
 29.500000 1.826770 1.510347 1.340374 1.544115 2.403544
 29.600000 1.815960 1.493558 1.408806 1.516375 3.165506
 29.700000 1.796834 1.499010 1.317400 1.565828 4.770298
 29.800000 1.833125 1.497520 1.318349 1.539793 2.004455
 29.900000 1.815020 1.530225 1.372410 1.496018 3.236744
 30.000000 1.803787 1.545329 1.362820 1.513602 4.148924
 30.100000 1.828327 1.482012 1.303132 1.541476 2.302393
 30.200000 1.835636 1.516426 1.363230 1.526506 1.856747
 30.300000 1.807787 1.577388 1.388897 1.483944 3.811173
 30.400000 1.842378 1.485153 1.335156 1.526771 1.488138
 30.500000 1.844542 1.507815 1.323771 1.558289 1.378471
 30.600000 1.837878 1.561848 1.384854 1.457500 1.729663
 30.700000 1.816780 1.524847 1.339671 1.471393 3.104008
 30.800000 1.828186 1.506426 1.322168 1.600528 2.311472
 30.900000 1.822020 1.513729 1.344026 1.489958 2.725474
 31.000000 1.796360 1.539172 1.379518 1.496387 4.814233
 31.100000 1.826297 1.494529 1.321635 1.532268 2.434694
 31.200000 1.830853 1.501781 1.336647 1.533943 2.142980
 31.300000 1.815009 1.533259 1.375953 1.516420 3.237578
 31.400000 1.852900 1.492131 1.337127 1.492481 0.994282
 31.500000 1.866514 1.529442 1.321174 1.578845 0.502570
 31.600000 1.833312 1.509981 1.364977 1.534765 1.993277
 31.700000 1.824764 1.467112 1.354044 1.511398 2.536988
 31.800000 1.824044 1.516853 1.330255 1.572063 2.585824
 31.900000 1.825814 1.478539 1.354509 1.511324 2.466703
 32.000000 1.791570 1.559391 1.342895 1.502880 5.269552
 32.100000 1.823328 1.548064 1.342766 1.485929 2.634768
 32.200000 1.838886 1.465974 1.343475 1.529860 1.673993
 32.300000 1.804896 1.548148 1.351706 1.578158 4.053858
 32.400000 1.829024 1.510396 1.328755 1.439518 2.257867
 32.500000 1.842586 1.540941 1.368258 1.542210 1.477408
 32.600000 1.824696 1.517451 1.324729 1.534587 2.541592
 32.700000 1.848225 1.505689 1.356149 1.467523 1.201486
 32.800000 1.836175 1.583528 1.357507 1.511957 1.825815
 32.900000 1.844646 1.498779 1.347783 1.502589 1.373290
 33.000000 1.808544 1.528128 1.317898 1.523256 3.748856
 33.100000 1.833338 1.516843 1.378655 1.514979 1.991745
 33.200000 1.832346 1.485388 1.334359 1.517056 2.051427
 33.300000 1.819378 1.521936 1.334222 1.570663 2.913237
 33.400000 1.827057 1.471961 1.347415 1.471772 2.384705
 33.500000 1.834355 1.539894 1.381426 1.539939 1.931433
 33.600000 1.827225 1.493233 1.316900 1.542041 2.373739
 33.700000 1.825323 1.481071 1.349757 1.530570 2.499461
 33.800000 1.816108 1.513252 1.361499 1.536636 3.154393
 33.900000 1.847650 1.507999 1.320356 1.518963 1.228303
 34.000000 1.824769 1.478081 1.331833 1.563769 2.536687
 34.100000 1.803431 1.485308 1.380852 1.513416 4.179704
 34.200000 1.830313 1.561751 1.354898 1.478053 2.176609
 34.300000 1.819308 1.530459 1.315387 1.553782 2.918291
 34.400000 1.820782 1.471977 1.362107 1.497462 2.812709
 34.500000 1.829973 1.565393 1.368502 1.496437 2.197897
 34.600000 1.848888 1.540405 1.315777 1.511721 1.170908
 34.700000 1.842984 1.494378 1.336276 1.514545 1.457010
 34.800000 1.823280 1.595510 1.391795 1.482370 2.638059
 34.900000 1.833253 1.548828 1.328034 1.465299 1.996780
 35.000000 1.836987 1.536974 1.334405 1.515564 1.779667
 35.100000 1.803436 1.515087 1.348729 1.491940 4.179325
 35.200000 1.823599 1.517408 1.381179 1.504390 2.616177
 35.300000 1.816847 1.561215 1.306720 1.495673 3.099078
 35.400000 1.829798 1.518030 1.343981 1.535441 2.208875
 35.500000 1.831814 1.484836 1.360785 1.540279 2.083803
 35.600000 1.837725 1.524250 1.341398 1.516196 1.738178
 35.700000 1.840131 1.525216 1.325386 1.510819 1.606466
 35.800000 1.813788 1.462999 1.377422 1.541590 3.331265
 35.900000 1.823436 1.483504 1.342424 1.536822 2.627388
 36.000000 1.844443 1.524354 1.323249 1.548705 1.383420
 36.100000 1.826388 1.486166 1.345761 1.532758 2.428690
 36.200000 1.811310 1.499577 1.354789 1.540343 3.525471
 36.300000 1.826547 1.500595 1.314660 1.514832 2.418207
 36.400000 1.818319 1.529771 1.363560 1.520492 2.990299
 36.500000 1.817276 1.501441 1.361204 1.496294 3.067180
 36.600000 1.817370 1.538112 1.330381 1.505671 3.060199
 36.700000 1.846326 1.553936 1.343492 1.508898 1.291218
 36.800000 1.823274 1.507772 1.341169 1.496329 2.638511
 36.900000 1.828501 1.524797 1.345186 1.526509 2.291219
 37.000000 1.836948 1.528615 1.340448 1.491881 1.781822
 37.100000 1.833023 1.536495 1.341387 1.472807 2.010584
 37.200000 1.799512 1.544081 1.348304 1.520854 4.525857
 37.300000 1.813417 1.496830 1.357268 1.517119 3.359984
 37.400000 1.827297 1.557445 1.337290 1.489165 2.369048
 37.500000 1.818276 1.512480 1.335828 1.508084 2.993432
 37.600000 1.826600 1.478523 1.355123 1.527562 2.414731
 37.700000 1.856874 1.544219 1.350984 1.534473 0.833582
 37.800000 1.838316 1.494002 1.308502 1.510770 1.705347
 37.900000 1.824055 1.480572 1.379458 1.575301 2.585035
 38.000000 1.838527 1.489733 1.351009 1.520711 1.693700
 38.100000 1.836533 1.526508 1.333427 1.506739 1.805398
 38.200000 1.815143 1.500707 1.334092 1.531225 3.227351
 38.300000 1.817934 1.489758 1.371641 1.522164 3.018538
 38.400000 1.822538 1.534907 1.319274 1.512315 2.689370
 38.500000 1.822498 1.544007 1.336171 1.514866 2.692158
 38.600000 1.824682 1.494785 1.365529 1.499105 2.542518
 38.700000 1.842597 1.524271 1.359669 1.503854 1.476856
 38.800000 1.829698 1.561278 1.309103 1.486524 2.215145
 38.900000 1.828845 1.536981 1.372714 1.478175 2.269248
 39.000000 1.838918 1.509642 1.350869 1.520148 1.672225
 39.100000 1.845541 1.550528 1.315005 1.514984 1.329285
 39.200000 1.824486 1.556907 1.336354 1.458980 2.555768
 39.300000 1.808360 1.495773 1.382689 1.523592 3.763974
 39.400000 1.834656 1.495778 1.321119 1.532608 1.913735
 39.500000 1.816879 1.549917 1.334945 1.471271 3.096628
 39.600000 1.824233 1.513069 1.365689 1.498817 2.572938
 39.700000 1.839743 1.481065 1.359294 1.534889 1.627364
 39.800000 1.851042 1.540171 1.307177 1.524178 1.074272
 39.900000 1.852181 1.490920 1.362387 1.501109 1.024866
 40.000000 1.845244 1.467096 1.384731 1.531144 1.343795
 40.100000 1.842325 1.522555 1.306513 1.542808 1.490881
 40.200000 1.840092 1.488880 1.335703 1.522665 1.608569
 40.300000 1.800269 1.490648 1.381956 1.536489 4.457947
 40.400000 1.829973 1.475410 1.357055 1.528961 2.197853
 40.500000 1.833586 1.514017 1.291109 1.511851 1.976906
 40.600000 1.818854 1.530130 1.388256 1.505041 2.951234
 40.700000 1.834484 1.485979 1.375194 1.503484 1.923850
 40.800000 1.848807 1.523159 1.299347 1.561269 1.174624
 40.900000 1.847600 1.527601 1.337886 1.474359 1.230648
 41.000000 1.840384 1.538960 1.426734 1.470082 1.592944
 41.100000 1.866549 1.504167 1.333390 1.516501 0.501510
 41.200000 1.854749 1.541784 1.307718 1.493203 0.917760
 41.300000 1.821097 1.557203 1.361867 1.476385 2.790321
 41.400000 1.832075 1.519522 1.377810 1.490101 2.067934
 41.500000 1.847141 1.521831 1.292447 1.516920 1.252313
 41.600000 1.833057 1.541966 1.348868 1.486957 2.008547
 41.700000 1.821088 1.504194 1.378374 1.471943 2.790960
 41.800000 1.822155 1.531861 1.343926 1.539865 2.716049
 41.900000 1.853493 1.500401 1.308949 1.489283 0.969431
 42.000000 1.824314 1.517042 1.368770 1.513305 2.567446
 42.100000 1.849435 1.506068 1.381122 1.492385 1.145964
 42.200000 1.860855 1.499573 1.314106 1.535160 0.686783
 42.300000 1.849999 1.482016 1.329079 1.593511 1.120543
 42.400000 1.844213 1.476960 1.371329 1.489044 1.394898
 42.500000 1.847494 1.543076 1.349591 1.526789 1.235621
 42.600000 1.841312 1.458702 1.315118 1.549661 1.543709
 42.700000 1.805446 1.495596 1.360367 1.518442 4.007096
 42.800000 1.815857 1.496585 1.357158 1.495959 3.173267
 42.900000 1.820476 1.474757 1.333027 1.544945 2.834474
 43.000000 1.798180 1.539283 1.317269 1.539921 4.646636
 43.100000 1.827379 1.506016 1.371358 1.486225 2.363689
 43.200000 1.846806 1.493706 1.329790 1.516234 1.268245
 43.300000 1.852757 1.547742 1.336913 1.533865 1.000338
 43.400000 1.847897 1.502376 1.350400 1.471860 1.216734
 43.500000 1.852681 1.550093 1.392262 1.515654 1.003550
 43.600000 1.889153 1.521269 1.334203 1.488733 0.052734
 43.700000 1.826343 1.527027 1.326872 1.512098 2.431612
 43.800000 1.802524 1.523880 1.353489 1.504932 4.258626
 43.900000 1.813942 1.515755 1.348128 1.484134 3.319368
 44.000000 1.819805 1.555471 1.301684 1.525545 2.882486
 44.100000 1.804254 1.505082 1.360284 1.480100 4.108819
 44.200000 1.812049 1.518594 1.390775 1.501020 3.466991
 44.300000 1.856155 1.522254 1.336601 1.517361 0.861601
 44.400000 1.859626 1.493815 1.316385 1.516055 0.730582
 44.500000 1.846332 1.525192 1.389218 1.521004 1.290950
 44.600000 1.854137 1.508576 1.369084 1.496358 0.942739
 44.700000 1.847511 1.510765 1.293384 1.564495 1.234817
 44.800000 1.810713 1.494665 1.343985 1.535040 3.573134
 44.900000 1.789919 1.485891 1.374450 1.496451 5.431186
 45.000000 1.811729 1.527359 1.336391 1.551646 3.492283
 45.100000 1.810955 1.480830 1.312638 1.511150 3.553749
 45.200000 1.809153 1.485878 1.398752 1.532824 3.699111
 45.300000 1.855313 1.515441 1.352029 1.525291 0.895009
 45.400000 1.878769 1.552422 1.304380 1.497313 0.202027
 45.500000 1.857489 1.523661 1.363237 1.527215 0.809987
 45.600000 1.853229 1.488600 1.379334 1.498911 0.980443
 45.700000 1.848457 1.548682 1.317329 1.521401 1.190725
 45.800000 1.803782 1.517984 1.336905 1.516100 4.149366
 45.900000 1.778988 1.486106 1.363938 1.481215 6.563434
 46.000000 1.800669 1.546913 1.356042 1.523783 4.422227
 46.100000 1.805991 1.507542 1.287931 1.504456 3.961074
 46.200000 1.815165 1.524506 1.365172 1.515231 3.225715
 46.300000 1.831891 1.512196 1.364095 1.478891 2.079109
 46.400000 1.865828 1.533567 1.314732 1.523044 0.523379
 46.500000 1.858788 1.519437 1.338005 1.554692 0.761235
 46.600000 1.845615 1.472499 1.403466 1.493178 1.325637
 46.700000 1.839283 1.520610 1.370281 1.529704 1.652302
 46.800000 1.828744 1.507181 1.294110 1.530935 2.275710
 46.900000 1.809266 1.501207 1.359967 1.521791 3.689906
 47.000000 1.815447 1.496159 1.368232 1.522746 3.204268
 47.100000 1.814140 1.513556 1.298067 1.517920 3.304102
 47.200000 1.815150 1.526102 1.353425 1.528488 3.226819
 47.300000 1.813057 1.451963 1.401564 1.507459 3.388007
 47.400000 1.837842 1.545272 1.326562 1.516589 1.731665
 47.500000 1.847099 1.556555 1.316533 1.492289 1.254291
 47.600000 1.855306 1.490576 1.378362 1.508821 0.895291
 47.700000 1.864150 1.537964 1.365818 1.520714 0.576027
 47.800000 1.847856 1.551733 1.295192 1.470289 1.218642
 47.900000 1.812323 1.546104 1.366751 1.511382 3.445428
 48.000000 1.787326 1.504329 1.361371 1.490449 5.690126
 48.100000 1.801940 1.514510 1.325990 1.524978 4.309796
 48.200000 1.798666 1.520829 1.322944 1.502346 4.602382
 48.300000 1.802049 1.522390 1.371443 1.488822 4.300187
 48.400000 1.842061 1.502345 1.345453 1.537136 1.504574
 48.500000 1.881361 1.516917 1.313739 1.514653 0.155707
 48.600000 1.872098 1.554206 1.366578 1.502638 0.348929
 48.700000 1.868675 1.488928 1.391246 1.517003 0.439789
 48.800000 1.851916 1.487138 1.312715 1.553704 1.036273
 48.900000 1.831101 1.532260 1.335900 1.522261 2.127640
 49.000000 1.800001 1.484159 1.372724 1.490149 4.481883
 49.100000 1.799167 1.503009 1.334725 1.571950 4.557009
 49.200000 1.807453 1.487977 1.286272 1.529643 3.838804
 49.300000 1.807056 1.503638 1.387737 1.471161 3.871806
 49.400000 1.835161 1.532965 1.377331 1.524434 1.884288
 49.500000 1.863896 1.501964 1.296769 1.501557 0.584225
 49.600000 1.860151 1.542039 1.361951 1.524207 0.711717
 49.700000 1.849383 1.500219 1.382107 1.482696 1.148341
 49.800000 1.849768 1.543970 1.324788 1.511783 1.130929
 49.900000 1.819839 1.533791 1.303569 1.525676 2.880021
 50.000000 1.795527 1.501040 1.394151 1.461954 4.891959
