#! FIELDS time d1 d2 d3 d4 rest.bias
 0.000000 1.659640 1.492840 1.357595 1.510421 1.594204
 0.100000 1.583038 1.516787 1.342105 1.548208 0.128949
 0.200000 1.545428 1.489044 1.329180 1.511400 1.334780
 0.300000 1.666893 1.539150 1.355984 1.527052 2.005577
 0.400000 1.546702 1.516091 1.356863 1.534263 1.273188
 0.500000 1.585892 1.526471 1.335898 1.530926 0.089205
 0.600000 1.607578 1.537100 1.320502 1.495512 0.025736
 0.700000 1.551970 1.563415 1.379240 1.545323 1.033955
 0.800000 1.637582 1.488138 1.346716 1.483705 0.633040
 0.900000 1.577711 1.538277 1.345109 1.524452 0.222664
 1.000000 1.576925 1.538637 1.333017 1.509400 0.238643
 1.100000 1.632696 1.482326 1.354568 1.464583 0.479143
 1.200000 1.550464 1.552785 1.367081 1.546053 1.099816
 1.300000 1.593710 1.502890 1.355473 1.484000 0.017732
 1.400000 1.632573 1.487088 1.319397 1.512740 0.475552
 1.500000 1.543438 1.553752 1.361835 1.566325 1.433909
 1.600000 1.613215 1.498464 1.354833 1.483597 0.078276
 1.700000 1.603006 1.545962 1.333601 1.546507 0.004051
 1.800000 1.545767 1.523755 1.324926 1.552094 1.318238
 1.900000 1.646670 1.503901 1.360939 1.508859 0.976222
 2.000000 1.572818 1.535946 1.366680 1.522257 0.331145
 2.100000 1.573973 1.525271 1.340205 1.546730 0.303604
 2.200000 1.622392 1.483812 1.318396 1.496757 0.224724
 2.300000 1.568281 1.526767 1.366761 1.512604 0.450946
 2.400000 1.624557 1.511716 1.357070 1.516273 0.270277
 2.500000 1.572644 1.459491 1.333858 1.499003 0.335410
 2.600000 1.574028 1.546991 1.338686 1.558200 0.302336
 2.700000 1.634235 1.497190 1.359814 1.491775 0.525295
 2.800000 1.555633 1.524253 1.367348 1.526478 0.882260
 2.900000 1.585232 1.532338 1.333031 1.539379 0.097747
 3.000000 1.606327 1.513665 1.322132 1.511077 0.017942
 3.100000 1.583589 1.554863 1.359879 1.552486 0.120708
 3.200000 1.591928 1.490704 1.352302 1.497767 0.029203
 3.300000 1.548345 1.538081 1.338326 1.516457 1.195919
 3.400000 1.599708 1.545454 1.344448 1.501029 0.000038
 3.500000 1.633438 1.498038 1.364050 1.498903 0.501146
 3.600000 1.552014 1.522099 1.354892 1.511621 1.032065
 3.700000 1.615986 1.524904 1.322149 1.502508 0.114535
 3.800000 1.601695 1.514983 1.354272 1.488433 0.001288
 3.900000 1.544161 1.508198 1.363622 1.523182 1.397502
 4.000000 1.639603 1.529464 1.347120 1.538383 0.702958
 4.100000 1.574545 1.502050 1.327824 1.491807 0.290408
 4.200000 1.577048 1.551017 1.361933 1.593074 0.236111
 4.300000 1.617982 1.497253 1.346147 1.493684 0.144929
 4.400000 1.543015 1.525422 1.328931 1.520966 1.455433
 4.500000 1.628121 1.567929 1.329598 1.609359 0.354430
 4.600000 1.608392 1.449157 1.370133 1.456423 0.031568
 4.700000 1.542376 1.574171 1.366487 1.550057 1.488264
 4.800000 1.643583 1.512997 1.332790 1.514944 0.851336
 4.900000 1.557313 1.450399 1.343574 1.491938 0.816694
 5.000000 1.596036 1.552599 1.365449 1.550474 0.007041
 5.100000 1.633448 1.497142 1.338794 1.489962 0.501436
 5.200000 1.534478 1.490681 1.352874 1.535244 1.924194
 5.300000 1.612160 1.520879 1.336307 1.548061 0.066272
 5.400000 1.620806 1.524211 1.362003 1.510075 0.194026
 5.500000 1.561403 1.524283 1.338030 1.527076 0.667702
 5.600000 1.608341 1.520484 1.341334 1.564822 0.031182
 5.700000 1.563255 1.502292 1.333241 1.507263 0.605168
 5.800000 1.609649 1.548307 1.357692 1.533780 0.041726
 5.900000 1.628581 1.512086 1.352783 1.523652 0.366116
 6.000000 1.533056 1.500615 1.358956 1.479475 2.008620
 6.100000 1.621911 1.559253 1.326629 1.526878 0.215181
 6.200000 1.596363 1.496259 1.354234 1.480359 0.005928
 6.300000 1.564256 1.498042 1.359600 1.520778 0.572647
 6.400000 1.644460 1.538000 1.359157 1.530006 0.885933
 6.500000 1.571934 1.506513 1.318075 1.454524 0.353052
 6.600000 1.586192 1.553106 1.353630 1.584506 0.085453
 6.700000 1.591736 1.486645 1.354227 1.498038 0.030612
 6.800000 1.568942 1.532801 1.352883 1.522676 0.432333
 6.900000 1.625899 1.559472 1.308865 1.566534 0.300643
 7.000000 1.569209 1.486804 1.353103 1.501935 0.424943
 7.100000 1.574649 1.541503 1.377408 1.516604 0.288042
 7.200000 1.626678 1.566270 1.348597 1.515710 0.318979
 7.300000 1.554772 1.473875 1.313084 1.477906 0.916844
 7.400000 1.618815 1.567273 1.353614 1.531588 0.158662
 7.500000 1.597660 1.512265 1.369789 1.483968 0.002453
 7.600000 1.570239 1.478819 1.353527 1.480015 0.396982
 7.700000 1.617050 1.571368 1.311315 1.595431 0.130291
 7.800000 1.579490 1.491564 1.365550 1.474828 0.188542
 7.900000 1.601112 1.511135 1.371058 1.529090 0.000554
 8.000000 1.582463 1.533125 1.338841 1.601762 0.137843
 8.100000 1.561903 1.480046 1.312428 1.487804 0.650507
 8.200000 1.640554 1.575886 1.357846 1.569467 0.737111
 8.300000 1.566389 1.485477 1.378627 1.510185 0.506339
 8.400000 1.552671 1.482210 1.331880 1.530025 1.004000
 8.500000 1.625006 1.581751 1.319721 1.531354 0.280256
 8.600000 1.578183 1.476494 1.370661 1.470764 0.213338
 8.700000 1.600565 1.522967 1.373732 1.541401 0.000143
 8.800000 1.602984 1.533614 1.328877 1.491159 0.003991
 8.900000 1.560586 1.502303 1.328921 1.480730 0.696251
 9.000000 1.647141 1.536956 1.374789 1.575949 0.996016
 9.100000 1.565744 1.476373 1.372651 1.495204 0.525958
 9.200000 1.567710 1.540873 1.324593 1.528238 0.467311
 9.300000 1.636710 1.546367 1.313454 1.576365 0.604019
 9.400000 1.551719 1.455042 1.376160 1.518213 1.044782
 9.500000 1.608580 1.561178 1.361815 1.537574 0.032998
 9.600000 1.614204 1.545934 1.314858 1.551532 0.090428
 9.700000 1.531610 1.457769 1.340758 1.483678 2.096318
 9.800000 1.629829 1.572620 1.373843 1.526825 0.398808
 9.900000 1.595025 1.511368 1.365834 1.488601 0.011092
 10.000000 1.558674 1.504487 1.327803 1.481779 0.765436
 10.100000 1.621379 1.564897 1.337724 1.545034 0.204856
 10.200000 1.594864 1.513029 1.372263 1.441810 0.011823
 10.300000 1.594416 1.556394 1.355627 1.535605 0.013976
 10.400000 1.582027 1.513220 1.316798 1.537392 0.144776
 10.500000 1.557076 1.528647 1.348883 1.485088 0.825785
 10.600000 1.636536 1.568701 1.362599 1.534533 0.598294
 10.700000 1.586541 1.491777 1.347302 1.517364 0.081188
 10.800000 1.534230 1.502835 1.317829 1.534662 1.938769
 10.900000 1.650148 1.546282 1.344154 1.530938 1.127151
 11.000000 1.584926 1.465934 1.371383 1.497146 0.101843
 11.100000 1.571745 1.510229 1.349091 1.556623 0.357827
 11.200000 1.619242 1.529067 1.312991 1.503883 0.165956
 11.300000 1.570450 1.512156 1.365700 1.477355 0.391360
 11.400000 1.603881 1.546538 1.381000 1.540660 0.006750
 11.500000 1.597702 1.504113 1.339322 1.493242 0.002366
 11.600000 1.586808 1.524939 1.305704 1.498281 0.077994
 11.700000 1.592901 1.544296 1.359915 1.583969 0.022588
 11.800000 1.590034 1.476612 1.365595 1.475974 0.044514
 11.900000 1.588399 1.555340 1.336246 1.529254 0.060315
 12.000000 1.585183 1.527783 1.314703 1.599396 0.098402
 12.100000 1.590120 1.449161 1.364255 1.493814 0.043749
 12.200000 1.584993 1.543199 1.374989 1.550416 0.100938
 12.300000 1.608519 1.524990 1.332166 1.505945 0.032529
 12.400000 1.578350 1.460884 1.320179 1.521163 0.210088
 12.500000 1.588906 1.540902 1.371932 1.554945 0.055159
 12.600000 1.640210 1.505989 1.380824 1.465142 0.724671
 12.700000 1.547706 1.499405 1.342820 1.543214 1.225679
 12.800000 1.588521 1.541316 1.318009 1.534721 0.059062
 12.900000 1.614727 1.520623 1.361713 1.488180 0.097209
 13.000000 1.565765 1.548682 1.363456 1.528026 0.525320
 13.100000 1.614801 1.505378 1.320186 1.532171 0.098188
 13.200000 1.556780 1.515732 1.332786 1.508625 0.837225
 13.300000 1.603532 1.575172 1.388549 1.537446 0.005592
 13.400000 1.648184 1.447580 1.367811 1.511872 1.040582
 13.500000 1.541701 1.534028 1.336476 1.530427 1.523349
 13.600000 1.601333 1.535758 1.331330 1.516302 0.000796
 13.700000 1.616149 1.469516 1.360862 1.484301 0.116882
 13.800000 1.577403 1.527622 1.374373 1.554067 0.228861
 13.900000 1.585526 1.504638 1.333015 1.502030 0.093901
 14.000000 1.608576 1.537107 1.334908 1.468929 0.032961
 14.100000 1.562225 1.566955 1.384375 1.550429 0.639573
 14.200000 1.598780 1.511592 1.353784 1.488625 0.000667
 14.300000 1.605490 1.570382 1.315571 1.511481 0.013511
 14.400000 1.544981 1.551838 1.343755 1.521056 1.356742
 14.500000 1.639084 1.515014 1.358506 1.474449 0.684636
 14.600000 1.575733 1.557235 1.359364 1.527779 0.263949
 14.700000 1.570039 1.515012 1.343431 1.514973 0.402328
 14.800000 1.638083 1.484457 1.342515 1.520226 0.650045
 14.900000 1.549985 1.517189 1.359114 1.545246 1.121177
 15.000000 1.619744 1.487286 1.357486 1.489456 0.174718
 15.100000 1.590346 1.495206 1.329444 1.546907 0.041776
 15.200000 1.562981 1.514708 1.343578 1.546146 0.614211
 15.300000 1.625771 1.486666 1.353907 1.486403 0.297666
 15.400000 1.598047 1.563445 1.358258 1.563557 0.001709
 15.500000 1.562677 1.506366 1.335582 1.524044 0.624329
 15.600000 1.583375 1.515064 1.328010 1.521838 0.123883
 15.700000 1.595985 1.561155 1.335663 1.537812 0.007226
 15.800000 1.601411 1.492311 1.371163 1.498205 0.000892
 15.900000 1.615969 1.529751 1.343740 1.532030 0.114290
 16.000000 1.554369 1.517194 1.337946 1.500937 0.933248
 16.100000 1.599732 1.492818 1.337973 1.501858 0.000032
 16.200000 1.624055 1.511171 1.370241 1.550726 0.259357
 16.300000 1.550535 1.500501 1.363787 1.479557 1.096668
 16.400000 1.621655 1.527688 1.321054 1.498029 0.210181
 16.500000 1.583948 1.550566 1.331898 1.559857 0.115490
 16.600000 1.580712 1.487765 1.372997 1.481586 0.166743
 16.700000 1.600684 1.570706 1.344742 1.516753 0.000210
 16.800000 1.555649 1.584433 1.326778 1.543273 0.881595
 16.900000 1.603572 1.480816 1.316585 1.488287 0.005717
 17.000000 1.569646 1.608808 1.375302 1.539194 0.412953
 17.100000 1.584445 1.513098 1.356058 1.465312 0.108447
 17.200000 1.615918 1.513758 1.326944 1.508098 0.113565
 17.300000 1.571239 1.582805 1.336867 1.533402 0.370758
 17.400000 1.620114 1.450613 1.384024 1.445184 0.181330
 17.500000 1.595622 1.513472 1.378180 1.553000 0.008590
 17.600000 1.553280 1.521849 1.321033 1.539439 0.978294
 17.700000 1.606609 1.496282 1.333469 1.487931 0.019580
 17.800000 1.604644 1.526344 1.385028 1.553732 0.009665
 17.900000 1.593454 1.486461 1.350550 1.561851 0.019206
 18.000000 1.580469 1.529855 1.310094 1.510620 0.170976
 18.100000 1.571196 1.531334 1.333714 1.557586 0.371852
 18.200000 1.624481 1.504729 1.396776 1.541068 0.268612
 18.300000 1.594120 1.489507 1.338236 1.525390 0.015496
 18.400000 1.563069 1.529872 1.321298 1.555565 0.611315
 18.500000 1.602983 1.504559 1.349640 1.496509 0.003987
 18.600000 1.631079 1.479451 1.401574 1.517357 0.432929
 18.700000 1.562044 1.535715 1.346213 1.513970 0.645707
 18.800000 1.582439 1.496175 1.314860 1.480531 0.138215
 18.900000 1.624020 1.520425 1.351591 1.536539 0.258593
 19.000000 1.561784 1.496387 1.401246 1.516030 0.654586
 19.100000 1.590564 1.507140 1.335524 1.510961 0.039905
 19.200000 1.606534 1.570781 1.307276 1.530572 0.019136
 19.300000 1.564092 1.523521 1.356169 1.527578 0.577912
 19.400000 1.612516 1.543500 1.388542 1.512964 0.070208
 19.500000 1.565976 1.529556 1.320131 1.496188 0.518851
 19.600000 1.584736 1.551136 1.332461 1.539326 0.104423
 19.700000 1.627762 1.507320 1.350316 1.485370 0.345442
 19.800000 1.551646 1.529475 1.395140 1.498546 1.047940
 19.900000 1.589448 1.536361 1.317278 1.493808 0.049901
 20.000000 1.627673 1.517065 1.329405 1.504189 0.343229
 20.100000 1.559448 1.536793 1.369427 1.496867 0.737031
 20.200000 1.605208 1.505761 1.377469 1.479499 0.012157
 20.300000 1.625272 1.529403 1.315529 1.531041 0.286263
 20.400000 1.540929 1.516038 1.336334 1.540622 1.563968
 20.500000 1.601891 1.497482 1.355413 1.519947 0.001603
 20.600000 1.613392 1.530314 1.361088 1.540128 0.080379
 20.700000 1.564258 1.504716 1.318392 1.544888 0.572584
 20.800000 1.618928 1.528080 1.339655 1.533709 0.160578
 20.900000 1.564991 1.488696 1.358877 1.507040 0.549324
 21.000000 1.579793 1.504432 1.372171 1.547185 0.183019
 21.100000 1.657651 1.472683 1.306725 1.529124 1.489629
 21.200000 1.545093 1.524313 1.344318 1.525053 1.351209
 21.300000 1.603637 1.520425 1.364888 1.508200 0.005928
 21.400000 1.638808 1.491834 1.355304 1.511821 0.675003
 21.500000 1.538278 1.550239 1.342195 1.521227 1.707459
 21.600000 1.596813 1.508783 1.343439 1.490555 0.004553
 21.700000 1.633377 1.537027 1.352104 1.538852 0.499308
 21.800000 1.540478 1.516956 1.366680 1.525054 1.587894
 21.900000 1.622924 1.531110 1.321269 1.506305 0.235535
 22.000000 1.591306 1.555793 1.324831 1.531802 0.033880
 22.100000 1.565026 1.505705 1.365254 1.520491 0.548245
 22.200000 1.644096 1.522172 1.371812 1.493464 0.871518
 22.300000 1.539900 1.522264 1.342984 1.496086 1.618892
 22.400000 1.597441 1.547725 1.323410 1.524934 0.002935
 22.500000 1.653894 1.498230 1.354393 1.463796 1.301848
 22.600000 1.541064 1.553722 1.394138 1.514560 1.556796
 22.700000 1.630183 1.529150 1.321706 1.507108 0.408317
 22.800000 1.605138 1.506417 1.316792 1.521805 0.011832
 22.900000 1.532653 1.560594 1.392794 1.526901 2.032858
 23.000000 1.638891 1.486613 1.384358 1.494598 0.677906
 23.100000 1.612744 1.523189 1.317819 1.571511 0.072798
 23.200000 1.535356 1.525769 1.311248 1.548739 1.872953
 23.300000 1.636587 1.476847 1.367974 1.514669 0.599970
 23.400000 1.580502 1.492986 1.374383 1.535426 0.170397
 23.500000 1.575762 1.514663 1.326744 1.562783 0.263318
 23.600000 1.629029 1.492436 1.313744 1.496469 0.377690
 23.700000 1.531417 1.501645 1.377835 1.536399 2.108138
 23.800000 1.621122 1.510846 1.390335 1.541921 0.199953
 23.900000 1.615485 1.488114 1.333643 1.493703 0.107475
 24.000000 1.540352 1.563343 1.318707 1.539877 1.594618
 24.100000 1.647165 1.527478 1.342106 1.510215 0.997036
 24.200000 1.594262 1.494293 1.376453 1.497958 0.014758
 24.300000 1.516975 1.563654 1.362180 1.531650 3.089520
 24.400000 1.641655 1.519232 1.308568 1.491717 0.777705
 24.500000 1.594013 1.536291 1.348726 1.518010 0.016067
 24.600000 1.562115 1.521556 1.374227 1.498231 0.643303
 24.700000 1.642579 1.510387 1.346855 1.502663 0.812586
 24.800000 1.553449 1.533211 1.322802 1.518845 0.971250
 24.900000 1.599645 1.527342 1.321221 1.527264 0.000056
 25.000000 1.628191 1.519507 1.385288 1.468638 0.356195
 25.100000 1.548810 1.553386 1.376600 1.484168 1.174457
 25.200000 1.635942 1.554979 1.322525 1.528109 0.579007
 25.300000 1.565886 1.497389 1.319448 1.494960 0.521597
 25.400000 1.555432 1.541460 1.372368 1.526041 0.890271
 25.500000 1.657679 1.524273 1.376535 1.500462 1.491095
 25.600000 1.594878 1.517770 1.325195 1.527238 0.011756
 25.700000 1.547560 1.575327 1.307596 1.520882 1.232529
 25.800000 1.610956 1.484024 1.383694 1.488123 0.053801
 25.900000 1.615480 1.513434 1.390682 1.562548 0.107403
 26.000000 1.556384 1.485130 1.332221 1.532365 0.852632
 26.100000 1.601059 1.503502 1.291459 1.522732 0.000503
 26.200000 1.603990 1.511534 1.393778 1.548623 0.007135
 26.300000 1.579860 1.450860 1.391627 1.543080 0.181806
 26.400000 1.604029 1.525135 1.332644 1.537478 0.007276
 26.500000 1.547738 1.514060 1.303841 1.514202 1.224169
 26.600000 1.613073 1.507622 1.383186 1.561127 0.076604
 26.700000 1.621313 1.478714 1.387498 1.534985 0.203588
 26.800000 1.520145 1.526886 1.337180 1.533852 2.858111
 26.900000 1.613228 1.537822 1.284507 1.515817 0.078423
 27.000000 1.619792 1.529898 1.382887 1.541134 0.175563
 27.100000 1.558504 1.509651 1.391948 1.480168 0.771774
 27.200000 1.603832 1.540944 1.326661 1.490921 0.006581
 27.300000 1.598485 1.572126 1.307661 1.558180 0.001028
 27.400000 1.560871 1.467863 1.377874 1.457435 0.686229
 27.500000 1.591176 1.531898 1.387511 1.521267 0.034896
 27.600000 1.609091 1.532476 1.338515 1.513440 0.037041
 27.700000 1.582854 1.494882 1.304993 1.482712 0.131761
 27.800000 1.596195 1.616188 1.373014 1.532631 0.006488
 27.900000 1.580785 1.492458 1.360914 1.456714 0.165476
 28.000000 1.590557 1.528717 1.357242 1.533874 0.039962
 28.100000 1.599124 1.559723 1.313505 1.542881 0.000344
 28.200000 1.564081 1.525433 1.344556 1.482423 0.578241
 28.300000 1.628432 1.542541 1.356653 1.499761 0.362305
 28.400000 1.601254 1.548050 1.357524 1.556068 0.000705
 28.500000 1.544778 1.502022 1.324315 1.472978 1.366783
 28.600000 1.633040 1.531541 1.336613 1.524520 0.489276
 28.700000 1.581902 1.529797 1.373463 1.531488 0.146801
 28.800000 1.577520 1.454720 1.371645 1.475228 0.226492
 28.900000 1.622815 1.541286 1.313176 1.564564 0.233299
 29.000000 1.578758 1.520778 1.332438 1.532361 0.202243
 29.100000 1.576576 1.439885 1.372343 1.513732 0.245928
 29.200000 1.603014 1.521253 1.390698 1.596636 0.004072
 29.300000 1.591459 1.495920 1.295561 1.536803 0.032695
 29.400000 1.579035 1.515001 1.331940 1.538129 0.197000
 29.500000 1.592560 1.500519 1.382684 1.530932 0.024807
 29.600000 1.591929 1.513935 1.386157 1.542262 0.029196
 29.700000 1.605901 1.511097 1.286980 1.508770 0.015605
 29.800000 1.597021 1.518414 1.340353 1.536703 0.003976
 29.900000 1.550397 1.509740 1.394216 1.508710 1.102776
 30.000000 1.645080 1.502030 1.378418 1.476700 0.910825
 30.100000 1.568426 1.565983 1.321084 1.544416 0.446824
 30.200000 1.548149 1.507936 1.322025 1.481836 1.205002
 30.300000 1.668646 1.507095 1.380190 1.506720 2.112050
 30.400000 1.565226 1.558137 1.389652 1.538796 0.541971
 30.500000 1.578102 1.515232 1.307993 1.480664 0.214913
 30.600000 1.605548 1.541334 1.317775 1.538275 0.013797
 30.700000 1.575588 1.526871 1.382187 1.535478 0.267101
 30.800000 1.600547 1.487371 1.377361 1.489933 0.000134
 30.900000 1.586613 1.543765 1.305736 1.538396 0.080319
 31.000000 1.570356 1.587082 1.317042 1.508665 0.393861
 31.100000 1.609862 1.480705 1.383160 1.455406 0.043591
 31.200000 1.594199 1.569148 1.364152 1.515605 0.015084
 31.300000 1.564023 1.563224 1.316035 1.497169 0.580123
 31.400000 1.621285 1.486642 1.323482 1.475343 0.203065
 31.500000 1.567786 1.572176 1.400113 1.570926 0.465126
 31.600000 1.584255 1.504918 1.361248 1.477056 0.111110
 31.700000 1.628359 1.550374 1.321316 1.507383 0.360468
 31.800000 1.538773 1.540940 1.332477 1.557323 1.680201
 31.900000 1.628186 1.459599 1.380613 1.516607 0.356079
 32.000000 1.609958 1.543953 1.373241 1.517304 0.044445
 32.100000 1.533648 1.524793 1.317328 1.540848 1.973259
 32.200000 1.624053 1.467060 1.325842 1.528463 0.259307
 32.300000 1.595613 1.521988 1.369937 1.540194 0.008624
 32.400000 1.576798 1.494926 1.366086 1.532054 0.241289
 32.500000 1.596600 1.487948 1.331252 1.507713 0.005182
 32.600000 1.593334 1.542916 1.325709 1.565514 0.019917
 32.700000 1.587955 1.491047 1.373125 1.494038 0.065024
 32.800000 1.606467 1.501478 1.368615 1.538148 0.018742
 32.900000 1.570708 1.504057 1.341198 1.581893 0.384558
 33.000000 1.598732 1.502770 1.316898 1.481543 0.000721
 33.100000 1.613647 1.550567 1.360659 1.560473 0.083473
 33.200000 1.543710 1.466346 1.386680 1.525900 1.420131
 33.300000 1.629281 1.486644 1.330440 1.509005 0.384279
 33.400000 1.580000 1.568880 1.317556 1.572420 0.179276
 33.500000 1.569329 1.469534 1.361783 1.475645 0.421633
 33.600000 1.633202 1.506091 1.376749 1.552472 0.494078
 33.700000 1.566303 1.553618 1.339836 1.528944 0.508938
 33.800000 1.587415 1.504527 1.321123 1.468535 0.070989
 33.900000 1.612310 1.534065 1.360880 1.562751 0.067919
 34.000000 1.570390 1.549832 1.381445 1.501589 0.392949
 34.100000 1.566249 1.502080 1.338486 1.477519 0.510553
 34.200000 1.614509 1.572559 1.312372 1.544572 0.094354
 34.300000 1.584799 1.532071 1.355909 1.482004 0.103559
 34.400000 1.583905 1.536034 1.373703 1.467819 0.116105
 34.500000 1.616062 1.579604 1.317382 1.533589 0.115624
 34.600000 1.564041 1.484671 1.321181 1.480671 0.579535
 34.700000 1.612227 1.562415 1.378038 1.514000 0.067003
 34.800000 1.587131 1.519006 1.366839 1.486740 0.074225
 34.900000 1.575970 1.487110 1.326132 1.508975 0.258804
 35.000000 1.635567 1.583462 1.321845 1.557594 0.566965
 35.100000 1.574162 1.509579 1.383336 1.467113 0.299225
 35.200000 1.587173 1.517346 1.354901 1.520028 0.073744
 35.300000 1.607537 1.549360 1.320139 1.556225 0.025459
 35.400000 1.573377 1.489282 1.344975 1.479542 0.317667
 35.500000 1.586164 1.554622 1.374286 1.523519 0.085801
 35.600000 1.630845 1.524208 1.343233 1.555972 0.426415
 35.700000 1.571578 1.475399 1.336050 1.495005 0.362055
 35.800000 1.578913 1.571255 1.346217 1.556535 0.199291
 35.900000 1.642226 1.487707 1.351256 1.532947 0.799139
 36.000000 1.556518 1.470401 1.362818 1.502950 0.847421
 36.100000 1.587802 1.546813 1.342865 1.574673 0.066690
 36.200000 1.618073 1.443374 1.322401 1.505035 0.146395
 36.300000 1.567657 1.499202 1.369517 1.590015 0.468837
 36.400000 1.594050 1.487377 1.352792 1.546018 0.015867
 36.500000 1.594868 1.515298 1.345188 1.512722 0.011806
 36.600000 1.586900 1.509966 1.327716 1.596296 0.076921
 36.700000 1.580241 1.471818 1.360868 1.499042 0.174977
 36.800000 1.589827 1.560772 1.390846 1.522316 0.046386
 36.900000 1.580234 1.523154 1.337495 1.518592 0.175118
 37.000000 1.625345 1.530779 1.321555 1.507250 0.287902
 37.100000 1.563484 1.534571 1.369100 1.511034 0.597648
 37.200000 1.589516 1.539943 1.369045 1.492999 0.049263
 37.300000 1.638983 1.516307 1.319102 1.534252 0.681125
 37.400000 1.530439 1.534079 1.335586 1.493989 2.168700
 37.500000 1.605113 1.549814 1.382597 1.459099 0.011716
 37.600000 1.627078 1.495054 1.350743 1.523869 0.328636
 37.700000 1.565146 1.529981 1.335560 1.570207 0.544484
 37.800000 1.589543 1.492567 1.328701 1.485513 0.049014
 37.900000 1.616125 1.563642 1.370984 1.537827 0.116545
 38.000000 1.588375 1.502700 1.363425 1.538301 0.060565
 38.100000 1.573563 1.498670 1.323767 1.503266 0.313244
 38.200000 1.593213 1.567445 1.345943 1.518673 0.020644
 38.300000 1.585137 1.499294 1.357639 1.491542 0.099014
 38.400000 1.620642 1.553270 1.360918 1.518847 0.190982
 38.500000 1.570739 1.546822 1.312602 1.469796 0.383739
 38.600000 1.586382 1.549356 1.345156 1.512220 0.083121
 38.700000 1.620270 1.507193 1.353848 1.499227 0.184158
 38.800000 1.556774 1.526088 1.358190 1.504319 0.837444
 38.900000 1.602675 1.542023 1.340337 1.509808 0.003206
 39.000000 1.615852 1.486483 1.333027 1.517465 0.112623
 39.100000 1.565752 1.558691 1.371047 1.567643 0.525712
 39.200000 1.588669 1.476534 1.363501 1.486989 0.057543
 39.300000 1.618109 1.512778 1.321911 1.590124 0.146989
 39.400000 1.574249 1.489972 1.330721 1.559105 0.297219
 39.500000 1.577206 1.500311 1.366989 1.498830 0.232870
 39.600000 1.633009 1.517039 1.369134 1.551142 0.488358
 39.700000 1.561310 1.467808 1.316468 1.551100 0.670917
 39.800000 1.586893 1.536951 1.340231 1.524161 0.076992
 39.900000 1.617553 1.508073 1.364262 1.485379 0.138091
 40.000000 1.577277 1.531425 1.368634 1.554602 0.231418
 40.100000 1.601050 1.487981 1.317193 1.491267 0.000494
 40.200000 1.583192 1.556290 1.341979 1.506442 0.126616
 40.300000 1.589603 1.537613 1.377885 1.518187 0.048453
 40.400000 1.613298 1.482784 1.361192 1.505724 0.079257
 40.500000 1.565079 1.586008 1.324060 1.562271 0.546571
 40.600000 1.565209 1.486794 1.330379 1.474623 0.542502
 40.700000 1.637497 1.529542 1.363035 1.574902 0.630165
 40.800000 1.583703 1.487973 1.347878 1.501100 0.119045
 40.900000 1.559595 1.526533 1.348449 1.507553 0.731703
 41.000000 1.634488 1.536029 1.328152 1.550571 0.533110
 41.100000 1.574441 1.469096 1.362591 1.483388 0.292794
 41.200000 1.580666 1.575666 1.378541 1.520988 0.167542
 41.300000 1.615304 1.541431 1.335025 1.479102 0.104973
 41.400000 1.576473 1.501713 1.326062 1.513018 0.248087
 41.500000 1.599175 1.560450 1.342406 1.512682 0.000305
 41.600000 1.599391 1.565259 1.374025 1.482986 0.000166
 41.700000 1.572593 1.536534 1.330173 1.489702 0.336665
 41.800000 1.581813 1.589613 1.309082 1.564080 0.148255
 41.900000 1.601885 1.521257 1.382953 1.482334 0.001592
 42.000000 1.584400 1.491414 1.363541 1.499106 0.109079
 42.100000 1.604139 1.558282 1.336496 1.569301 0.007677
 42.200000 1.583877 1.478918 1.315758 1.459781 0.116505
 42.300000 1.593445 1.557490 1.384862 1.546906 0.019260
 42.400000 1.619636 1.467493 1.369954 1.526874 0.172809
 42.500000 1.542855 1.475854 1.331599 1.522147 1.463595
 42.600000 1.593137 1.559639 1.328571 1.565570 0.021114
 42.700000 1.623452 1.475499 1.359707 1.490812 0.246514
 42.800000 1.561434 1.548196 1.371265 1.549545 0.666624
 42.900000 1.600928 1.501800 1.312477 1.501609 0.000386
 43.000000 1.617428 1.514854 1.323124 1.532668 0.136131
 43.100000 1.555772 1.534806 1.363196 1.575951 0.876725
 43.200000 1.602782 1.503371 1.353961 1.499004 0.003470
 43.300000 1.593917 1.528707 1.344428 1.525935 0.016583
 43.400000 1.564653 1.512354 1.324273 1.594074 0.559987
 43.500000 1.644901 1.462695 1.346021 1.492216 0.903615
 43.600000 1.587779 1.500275 1.362683 1.517546 0.066943
 43.700000 1.578528 1.541182 1.358016 1.587996 0.206639
 43.800000 1.597754 1.444754 1.318642 1.476730 0.002261
 43.900000 1.576299 1.561841 1.357093 1.578256 0.251767
 44.000000 1.610087 1.496671 1.382550 1.503815 0.045599
 44.100000 1.593769 1.476598 1.353156 1.511390 0.017401
 44.200000 1.540745 1.611474 1.314739 1.561419 1.573686
 44.300000 1.640850 1.469040 1.330506 1.465533 0.747916
 44.400000 1.594611 1.583673 1.389544 1.586019 0.013017
 44.500000 1.540765 1.513433 1.339224 1.459517 1.572644
 44.600000 1.626620 1.535775 1.312747 1.504753 0.317614
 44.700000 1.573227 1.585382 1.369434 1.566723 0.321259
 44.800000 1.598257 1.459132 1.381534 1.430843 0.001362
 44.900000 1.600471 1.583465 1.329833 1.536963 0.000099
 45.000000 1.566596 1.526372 1.317428 1.496736 0.500128
 45.100000 1.620339 1.491798 1.375875 1.483194 0.185400
 45.200000 1.592880 1.572392 1.377433 1.515801 0.022721
 45.300000 1.578176 1.526795 1.327308 1.546499 0.213473
 45.400000 1.588123 1.551500 1.314922 1.516126 0.063222
 45.500000 1.578112 1.573481 1.369233 1.521676 0.214722
 45.600000 1.600339 1.509026 1.367102 1.503919 0.000052
 45.700000 1.612580 1.547054 1.299682 1.513957 0.070926
 45.800000 1.577880 1.551540 1.347468 1.569911 0.219308
 45.900000 1.573901 1.476187 1.371031 1.464236 0.305305
 46.000000 1.627410 1.570947 1.362290 1.570660 0.336728
 46.100000 1.571332 1.494520 1.326824 1.479433 0.368350
 46.200000 1.582115 1.506662 1.351081 1.499142 0.143371
 46.300000 1.617245 1.524611 1.361699 1.598715 0.133286
 46.400000 1.583944 1.419801 1.359839 1.448434 0.115547
 46.500000 1.611802 1.592480 1.340066 1.600028 0.062428
 46.600000 1.571801 1.483145 1.335617 1.498063 0.356399
 46.700000 1.584324 1.483073 1.351158 1.526797 0.110140
 46.800000 1.604544 1.559443 1.360081 1.608211 0.009254
 46.900000 1.574741 1.485116 1.345837 1.472995 0.285969
 47.000000 1.602787 1.539957 1.314001 1.628126 0.003482
 47.100000 1.582347 1.527903 1.339117 1.503962 0.139670
 47.200000 1.591293 1.503519 1.386824 1.485363 0.033981
 47.300000 1.602766 1.524551 1.333320 1.557168 0.003430
 47.400000 1.581034 1.532325 1.326857 1.520382 0.161230
 47.500000 1.577913 1.497211 1.355708 1.474998 0.218653
 47.600000 1.604051 1.571167 1.398402 1.528666 0.007356
 47.700000 1.600206 1.476926 1.342194 1.503265 0.000019
 47.800000 1.567384 1.544201 1.309283 1.486137 0.476784
 47.900000 1.600391 1.582314 1.363448 1.527363 0.000068
 48.000000 1.609434 1.456756 1.374483 1.481417 0.039893
 48.100000 1.577500 1.615383 1.329250 1.580224 0.226893
 48.200000 1.586482 1.524820 1.306921 1.472612 0.081903
 48.300000 1.559672 1.515716 1.372561 1.499766 0.728912
 48.400000 1.610169 1.576262 1.381526 1.559096 0.046347
 48.500000 1.608794 1.490088 1.320067 1.447793 0.034663
 48.600000 1.569494 1.564193 1.327394 1.531811 0.417112
 48.700000 1.614287 1.502263 1.363762 1.515573 0.091484
 48.800000 1.590213 1.504002 1.383852 1.463723 0.042934
 48.900000 1.569623 1.570455 1.322707 1.525940 0.413569
 49.000000 1.612420 1.489089 1.335539 1.544189 0.069139
 49.100000 1.573349 1.502862 1.361570 1.504185 0.318341
 49.200000 1.604763 1.548936 1.363937 1.572790 0.010167
 49.300000 1.603986 1.494209 1.326122 1.502681 0.007120
 49.400000 1.558335 1.495958 1.320697 1.535606 0.778059
 49.500000 1.585830 1.560509 1.374558 1.607357 0.089989
 49.600000 1.603527 1.457492 1.353257 1.465238 0.005576
 49.700000 1.578112 1.539753 1.343828 1.625897 0.214727
 49.800000 1.593918 1.488622 1.337308 1.506620 0.016578
 49.900000 1.585683 1.499900 1.353740 1.483555 0.091877
 50.000000 1.578033 1.536924 1.360019 1.594698 0.216284
