#! FIELDS time d1 d2 d3 d4 rest.bias
 0.000000 1.445126 1.525004 1.335368 1.546108 9.439732
 0.100000 1.412003 1.493889 1.367734 1.497004 5.622507
 0.200000 1.419458 1.503065 1.385050 1.573408 6.395960
 0.300000 1.441962 1.456023 1.331777 1.553437 9.032631
 0.400000 1.419450 1.540819 1.372816 1.518806 6.395101
 0.500000 1.423839 1.469446 1.338539 1.526853 6.873602
 0.600000 1.416132 1.491927 1.336371 1.611962 6.044732
 0.700000 1.409668 1.484782 1.351359 1.507451 5.390576
 0.800000 1.441900 1.538016 1.373851 1.563320 9.024751
 0.900000 1.391206 1.458840 1.335299 1.549160 3.728377
 1.000000 1.409533 1.532482 1.307066 1.564771 5.377222
 1.100000 1.465604 1.530237 1.344462 1.543432 12.291761
 1.200000 1.392649 1.458826 1.377449 1.555181 3.847299
 1.300000 1.425424 1.501411 1.350505 1.569758 7.050683
 1.400000 1.448540 1.533718 1.314352 1.499002 9.889122
 1.500000 1.388554 1.495934 1.350752 1.554835 3.514672
 1.600000 1.411497 1.449986 1.380145 1.559108 5.571854
 1.700000 1.458230 1.520019 1.387238 1.530693 11.221436
 1.800000 1.395566 1.465064 1.319112 1.534063 4.093371
 1.900000 1.421989 1.494970 1.334321 1.616356 6.669765
 2.000000 1.443203 1.477700 1.374448 1.488861 9.191277
 2.100000 1.392071 1.519825 1.382726 1.549303 3.799457
 2.200000 1.408707 1.509196 1.340400 1.608163 5.296458
 2.300000 1.448887 1.464867 1.317677 1.507365 9.935356
 2.400000 1.402295 1.563865 1.350629 1.579142 4.690070
 2.500000 1.416386 1.488727 1.358350 1.532481 6.071196
 2.600000 1.440242 1.510635 1.352002 1.551684 8.815152
 2.700000 1.413631 1.540725 1.331035 1.510539 5.787184
 2.800000 1.413621 1.487174 1.344858 1.556930 5.786108
 2.900000 1.445453 1.462602 1.350063 1.547993 9.482386
 3.000000 1.417104 1.526813 1.370624 1.544310 6.146339
 3.100000 1.396317 1.455796 1.345286 1.543604 4.157933
 3.200000 1.439588 1.503181 1.340942 1.577204 8.733123
 3.300000 1.426340 1.498968 1.344460 1.523124 7.154096
 3.400000 1.384404 1.478155 1.353752 1.506884 3.193029
 3.500000 1.438441 1.510679 1.366373 1.621630 8.590103
 3.600000 1.435291 1.475512 1.325427 1.518519 8.203737
 3.700000 1.377207 1.551638 1.341483 1.561803 2.671711
 3.800000 1.446473 1.479523 1.345098 1.540504 9.615837
 3.900000 1.439860 1.505615 1.355795 1.558065 8.767145
 4.000000 1.375113 1.532010 1.335744 1.519087 2.528735
 4.100000 1.453415 1.511656 1.335322 1.571288 10.548969
 4.200000 1.434567 1.453792 1.369129 1.542451 8.116103
 4.300000 1.382603 1.529631 1.372807 1.542311 3.058169
 4.400000 1.456672 1.514022 1.340638 1.515124 11.001534
 4.500000 1.415693 1.474455 1.351210 1.527839 5.999136
 4.600000 1.396854 1.534230 1.356911 1.553949 4.204466
 4.700000 1.447767 1.513200 1.365354 1.474996 9.786464
 4.800000 1.433572 1.506504 1.364497 1.601130 7.996542
 4.900000 1.403573 1.494348 1.347463 1.525015 4.807977
 5.000000 1.423119 1.562444 1.336412 1.520569 6.793894
 5.100000 1.419237 1.510817 1.334604 1.561374 6.372294
 5.200000 1.411305 1.504417 1.363483 1.554044 5.552630
 5.300000 1.421533 1.519210 1.364180 1.519199 6.620031
 5.400000 1.431426 1.546717 1.324862 1.562187 7.741609
 5.500000 1.420757 1.489929 1.331428 1.553911 6.535754
 5.600000 1.417379 1.524695 1.363546 1.491308 6.175179
 5.700000 1.425916 1.539160 1.384396 1.511236 7.106164
 5.800000 1.426106 1.470680 1.354376 1.522862 7.127574
 5.900000 1.409716 1.554846 1.317254 1.542910 5.395233
 6.000000 1.415589 1.526417 1.343679 1.463626 5.988301
 6.100000 1.438265 1.507773 1.376731 1.558850 8.568356
 6.200000 1.414217 1.532416 1.363645 1.515965 5.847023
 6.300000 1.410374 1.540454 1.332710 1.498867 5.460135
 6.400000 1.441867 1.533216 1.312914 1.570666 9.020612
 6.500000 1.411913 1.536206 1.380956 1.508790 5.613456
 6.600000 1.403000 1.558153 1.375639 1.502140 4.754975
 6.700000 1.454580 1.574382 1.333025 1.533987 10.709743
 6.800000 1.406722 1.488179 1.330579 1.505432 5.104773
 6.900000 1.407563 1.549882 1.366357 1.479344 5.185624
 7.000000 1.447749 1.587834 1.372959 1.523734 9.784125
 7.100000 1.399248 1.440719 1.375690 1.474683 4.414868
 7.200000 1.422927 1.579488 1.335117 1.565630 6.772785
 7.300000 1.431744 1.513175 1.354049 1.486647 7.779163
 7.400000 1.412436 1.501999 1.358049 1.511024 5.666127
 7.500000 1.424978 1.559839 1.363539 1.547799 7.000636
 7.600000 1.417124 1.518281 1.337977 1.477468 6.148454
 7.700000 1.418000 1.582578 1.325438 1.563353 6.240700
 7.800000 1.424315 1.534652 1.331700 1.530728 6.926548
 7.900000 1.406469 1.550511 1.350620 1.492493 5.080641
 8.000000 1.424826 1.559280 1.338258 1.533798 6.983673
 8.100000 1.423350 1.512783 1.354229 1.530734 6.819437
 8.200000 1.397181 1.527942 1.335729 1.471924 4.232890
 8.300000 1.458626 1.582767 1.370304 1.517734 11.277763
 8.400000 1.421672 1.435735 1.358700 1.480573 6.635156
 8.500000 1.383497 1.537284 1.362490 1.525759 3.124719
 8.600000 1.439795 1.560600 1.342102 1.510796 8.759069
 8.700000 1.421459 1.484368 1.340290 1.493724 6.612023
 8.800000 1.399682 1.559816 1.373190 1.538445 4.453566
 8.900000 1.441634 1.541706 1.365220 1.474522 8.990969
 9.000000 1.417718 1.538305 1.332240 1.523856 6.210963
 9.100000 1.398081 1.539281 1.318061 1.578100 4.311639
 9.200000 1.450344 1.558860 1.362778 1.466783 10.130760
 9.300000 1.426412 1.539501 1.361304 1.531661 7.162193
 9.400000 1.402719 1.531153 1.335105 1.573770 4.729060
 9.500000 1.433915 1.516487 1.320201 1.439686 8.037627
 9.600000 1.427277 1.593123 1.375032 1.554606 7.260619
 9.700000 1.391277 1.490897 1.383988 1.520055 3.734140
 9.800000 1.423058 1.492283 1.357638 1.476282 6.787209
 9.900000 1.448252 1.584600 1.328026 1.517635 9.850767
 10.000000 1.400140 1.498189 1.339104 1.482777 4.494548
 10.100000 1.418112 1.523560 1.377719 1.513948 6.252545
 10.200000 1.439127 1.572626 1.369251 1.486144 8.675449
 10.300000 1.391658 1.506810 1.351116 1.491495 3.765398
 10.400000 1.428185 1.536980 1.316960 1.550649 7.364570
 10.500000 1.439783 1.565900 1.341212 1.503643 8.757531
 10.600000 1.392717 1.508451 1.360919 1.497600 3.852933
 10.700000 1.427138 1.563890 1.356204 1.575207 7.244709
 10.800000 1.446603 1.528478 1.317675 1.485780 9.632964
 10.900000 1.389417 1.539638 1.334675 1.506117 3.583526
 11.000000 1.428227 1.551767 1.380018 1.561126 7.369358
 11.100000 1.440245 1.473933 1.387505 1.473852 8.815457
 11.200000 1.394195 1.588034 1.345526 1.506528 3.976779
 11.300000 1.421612 1.537646 1.324639 1.510822 6.628676
 11.400000 1.434094 1.468192 1.361165 1.485749 8.059178
 11.500000 1.406256 1.577214 1.400349 1.517862 5.060373
 11.600000 1.426172 1.526340 1.358884 1.498385 7.135017
 11.700000 1.409740 1.519237 1.331674 1.520535 5.397580
 11.800000 1.429205 1.558763 1.334157 1.530975 7.482181
 11.900000 1.422216 1.518981 1.376987 1.484821 6.694619
 12.000000 1.409673 1.537938 1.356336 1.538338 5.391065
 12.100000 1.440366 1.536196 1.319102 1.557176 8.830655
 12.200000 1.403234 1.533123 1.316384 1.456145 4.776623
 12.300000 1.419039 1.587739 1.376509 1.557891 6.351157
 12.400000 1.450052 1.472907 1.372219 1.523305 10.091524
 12.500000 1.396355 1.546315 1.336522 1.481960 4.161186
 12.600000 1.417917 1.569004 1.321718 1.515117 6.232005
 12.700000 1.448656 1.481497 1.365772 1.514014 9.904645
 12.800000 1.393072 1.529690 1.379670 1.493805 3.882457
 12.900000 1.421584 1.551032 1.359224 1.485610 6.625539
 13.000000 1.441946 1.482283 1.314163 1.493293 9.030612
 13.100000 1.383750 1.544185 1.352006 1.545420 3.143740
 13.200000 1.429999 1.566713 1.376062 1.485251 7.574467
 13.300000 1.441101 1.492603 1.365087 1.502759 8.923417
 13.400000 1.403136 1.534805 1.331911 1.589017 4.767539
 13.500000 1.442652 1.555597 1.318099 1.478661 9.120667
 13.600000 1.428090 1.545440 1.349232 1.546278 7.353693
 13.700000 1.403525 1.527338 1.368574 1.547341 4.803583
 13.800000 1.432435 1.517835 1.349568 1.483175 7.861003
 13.900000 1.419521 1.564564 1.340434 1.543426 6.402620
 14.000000 1.419048 1.507769 1.337625 1.521909 6.352073
 14.100000 1.414353 1.503721 1.370216 1.481594 5.860964
 14.200000 1.420555 1.572901 1.375460 1.511889 6.513940
 14.300000 1.428167 1.498629 1.360455 1.502088 7.362508
 14.400000 1.391854 1.503680 1.330359 1.495572 3.781554
 14.500000 1.431852 1.574181 1.336485 1.521549 7.791918
 14.600000 1.428718 1.487305 1.363036 1.492803 7.425910
 14.700000 1.398881 1.537318 1.375582 1.554208 4.382240
 14.800000 1.420466 1.528878 1.332859 1.524450 6.504281
 14.900000 1.438995 1.527975 1.314740 1.511729 8.658988
 15.000000 1.408448 1.554821 1.335668 1.568572 5.271252
 15.100000 1.422557 1.490298 1.363061 1.520038 6.732039
 15.200000 1.427359 1.581199 1.358923 1.513131 7.269921
 15.300000 1.410438 1.519360 1.330064 1.527407 5.466475
 15.400000 1.423765 1.499735 1.349334 1.522964 6.865399
 15.500000 1.428889 1.554476 1.361057 1.496206 7.445628
 15.600000 1.421213 1.524484 1.376018 1.507582 6.585263
 15.700000 1.403103 1.476046 1.347500 1.509812 4.764453
 15.800000 1.425008 1.577394 1.345806 1.551241 7.003995
 15.900000 1.434146 1.484953 1.335391 1.482271 8.065446
 16.000000 1.402190 1.498667 1.369268 1.546845 4.680480
 16.100000 1.427392 1.541171 1.359343 1.539088 7.273728
 16.200000 1.446464 1.520005 1.346998 1.462736 9.614671
 16.300000 1.397770 1.529823 1.330756 1.620443 4.284371
 16.400000 1.441082 1.496501 1.346834 1.527415 8.921034
 16.500000 1.432318 1.572790 1.363303 1.476032 7.847138
 16.600000 1.396232 1.534972 1.350875 1.564425 4.150580
 16.700000 1.439072 1.497787 1.323025 1.514180 8.668698
 16.800000 1.427683 1.575679 1.352353 1.506861 7.306955
 16.900000 1.388059 1.500836 1.373895 1.526155 3.475497
 17.000000 1.444630 1.471522 1.371183 1.525576 9.375439
 17.100000 1.432017 1.570574 1.318803 1.515117 7.811430
 17.200000 1.399923 1.509717 1.345632 1.509019 4.475091
 17.300000 1.430713 1.463842 1.364802 1.535842 7.657874
 17.400000 1.428622 1.547312 1.386038 1.534450 7.414898
 17.500000 1.403781 1.511198 1.327739 1.474602 4.827307
 17.600000 1.433379 1.493865 1.324537 1.560405 7.973443
 17.700000 1.419517 1.555143 1.355699 1.543488 6.402251
 17.800000 1.423863 1.520025 1.383490 1.483840 6.876299
 17.900000 1.427810 1.537150 1.337335 1.581793 7.321572
 18.000000 1.426015 1.522571 1.327655 1.518068 7.117324
 18.100000 1.424435 1.541070 1.346710 1.525091 6.940003
 18.200000 1.406408 1.535839 1.375468 1.545905 5.074798
 18.300000 1.412070 1.465191 1.357054 1.522308 5.629274
 18.400000 1.435124 1.545332 1.371392 1.530662 8.183471
 18.500000 1.405689 1.542913 1.353773 1.521165 5.006468
 18.600000 1.415380 1.463719 1.332191 1.522158 5.966661
 18.700000 1.436960 1.544154 1.347807 1.516786 8.407406
 18.800000 1.403472 1.536578 1.393167 1.498427 4.798595
 18.900000 1.413333 1.483285 1.384940 1.518433 5.756862
 19.000000 1.446556 1.549186 1.306557 1.552374 9.626794
 19.100000 1.407124 1.526220 1.332300 1.489022 5.143348
 19.200000 1.410453 1.522083 1.379608 1.553603 5.468020
 19.300000 1.445992 1.509765 1.360058 1.561590 9.552762
 19.400000 1.398548 1.531281 1.303513 1.496416 4.352816
 19.500000 1.423248 1.554601 1.320762 1.582301 6.808227
 19.600000 1.446853 1.473833 1.366257 1.536452 9.665754
 19.700000 1.400245 1.529927 1.384318 1.488343 4.503955
 19.800000 1.418419 1.568383 1.333725 1.533540 6.285173
 19.900000 1.423058 1.462912 1.342416 1.521060 6.787234
 20.000000 1.409829 1.550883 1.353110 1.500974 5.406340
 20.100000 1.427776 1.559871 1.382346 1.495980 7.317587
 20.200000 1.430909 1.441194 1.351433 1.484534 7.680926
 20.300000 1.417721 1.590633 1.341644 1.555609 6.211279
 20.400000 1.408948 1.518679 1.352609 1.493365 5.320013
 20.500000 1.425408 1.499823 1.360304 1.537761 7.048887
 20.600000 1.435342 1.524279 1.346989 1.578422 8.209861
 20.700000 1.415223 1.520778 1.354873 1.489078 5.950432
 20.800000 1.418961 1.551853 1.327633 1.553401 6.342788
 20.900000 1.429464 1.501874 1.319794 1.579537 7.512196
 21.000000 1.405678 1.536144 1.355010 1.482904 5.005461
 21.100000 1.429174 1.551069 1.368225 1.546849 7.478682
 21.200000 1.431731 1.486974 1.360004 1.524123 7.777640
 21.300000 1.399720 1.548729 1.324838 1.476632 4.456925
 21.400000 1.426513 1.576813 1.346188 1.552027 7.173630
 21.500000 1.433097 1.443602 1.370963 1.489794 7.939803
 21.600000 1.401063 1.521857 1.368567 1.531681 4.577833
 21.700000 1.426064 1.558231 1.346603 1.502524 7.122858
 21.800000 1.439604 1.472354 1.342983 1.507000 8.735047
 21.900000 1.392675 1.549809 1.352959 1.602472 3.849409
 22.000000 1.417861 1.515926 1.363880 1.461257 6.226051
 22.100000 1.448266 1.521632 1.361946 1.568601 9.852758
 22.200000 1.406218 1.493794 1.350942 1.581251 5.056687
 22.300000 1.437353 1.540672 1.332651 1.483296 8.455612
 22.400000 1.426345 1.538661 1.333351 1.558831 7.154666
 22.500000 1.392999 1.498134 1.358978 1.553736 3.876391
 22.600000 1.438585 1.530980 1.379470 1.495329 8.608085
 22.700000 1.426191 1.536585 1.338923 1.521085 7.137258
 22.800000 1.409159 1.496652 1.312737 1.553861 5.340652
 22.900000 1.422947 1.514605 1.344092 1.493308 6.774973
 23.000000 1.413694 1.555808 1.411317 1.532632 5.793554
 23.100000 1.423682 1.443244 1.371567 1.497839 6.856229
 23.200000 1.424409 1.525197 1.315805 1.557571 6.937064
 23.300000 1.403483 1.546788 1.321102 1.496914 4.799684
 23.400000 1.432984 1.470100 1.379027 1.499882 7.926340
 23.500000 1.423093 1.531992 1.374444 1.598106 6.791115
 23.600000 1.409116 1.510579 1.338963 1.487227 5.336410
 23.700000 1.438375 1.533563 1.324678 1.543047 8.581969
 23.800000 1.413322 1.508768 1.348995 1.573208 5.755736
 23.900000 1.416427 1.541051 1.331975 1.509438 6.075494
 24.000000 1.433544 1.535395 1.341920 1.527654 7.993241
 24.100000 1.407026 1.494733 1.373526 1.555494 5.133977
 24.200000 1.416691 1.533384 1.372420 1.519464 6.102996
 24.300000 1.438926 1.541632 1.319207 1.467957 8.650454
 24.400000 1.424710 1.499887 1.346929 1.553372 6.970625
 24.500000 1.415125 1.472415 1.388208 1.532571 5.940319
 24.600000 1.418670 1.537034 1.377144 1.514028 6.311831
 24.700000 1.413456 1.498123 1.315682 1.560874 5.769324
 24.800000 1.418310 1.469135 1.338707 1.532426 6.273574
 24.900000 1.423512 1.554833 1.372300 1.524236 6.837441
 25.000000 1.422717 1.510387 1.348257 1.520707 6.749653
 25.100000 1.413699 1.491632 1.329101 1.553756 5.794103
 25.200000 1.419039 1.568209 1.343605 1.538791 6.351131
 25.300000 1.433916 1.536011 1.361403 1.480663 8.037831
 25.400000 1.431695 1.487148 1.326858 1.550539 7.773343
 25.500000 1.417836 1.556428 1.343754 1.556812 6.223447
 25.600000 1.431931 1.518560 1.363205 1.460897 7.801273
 25.700000 1.424765 1.523709 1.361210 1.549757 6.976790
 25.800000 1.394247 1.510777 1.329905 1.545166 3.981132
 25.900000 1.442586 1.514730 1.345319 1.491528 9.112203
 26.000000 1.422771 1.503809 1.388178 1.548570 6.755569
 26.100000 1.394410 1.468230 1.358472 1.549188 3.994934
 26.200000 1.445438 1.548574 1.330082 1.518235 9.480364
 26.300000 1.419066 1.523458 1.351288 1.507706 6.353951
 26.400000 1.402470 1.494556 1.379029 1.554365 4.706144
 26.500000 1.458345 1.516668 1.341556 1.499370 11.237827
 26.600000 1.421596 1.571696 1.316444 1.529806 6.626935
 26.700000 1.385203 1.484284 1.360112 1.533502 3.253699
 26.800000 1.446639 1.525770 1.366432 1.539135 9.637658
 26.900000 1.425378 1.563695 1.338124 1.529661 7.045548
 27.000000 1.406393 1.491224 1.327134 1.516057 5.073417
 27.100000 1.435046 1.495956 1.361103 1.569844 8.174025
 27.200000 1.420791 1.535539 1.347836 1.533623 6.539402
 27.300000 1.418167 1.501513 1.366509 1.512411 6.258420
 27.400000 1.403134 1.482530 1.347536 1.547379 4.767369
 27.500000 1.439033 1.526623 1.367256 1.535916 8.663733
 27.600000 1.416027 1.481561 1.318422 1.461988 6.033822
 27.700000 1.399390 1.554149 1.349224 1.588519 4.427477
 27.800000 1.442582 1.492762 1.374727 1.507639 9.111690
 27.900000 1.437032 1.547171 1.383180 1.493645 8.416135
 28.000000 1.396701 1.564461 1.309549 1.567111 4.191121
 28.100000 1.439372 1.483221 1.312922 1.504125 8.706061
 28.200000 1.423989 1.607353 1.378666 1.517900 6.890297
 28.300000 1.392967 1.510361 1.386337 1.514102 3.873701
 28.400000 1.430025 1.494372 1.330859 1.600219 7.577435
 28.500000 1.445256 1.526826 1.321730 1.475802 9.456658
 28.600000 1.400942 1.535897 1.368796 1.530272 4.566841
 28.700000 1.432900 1.457087 1.368418 1.531521 7.916294
 28.800000 1.430834 1.537394 1.350134 1.499475 7.672081
 28.900000 1.392624 1.535068 1.349327 1.521100 3.845225
 29.000000 1.423123 1.466272 1.346561 1.533396 6.794348
 29.100000 1.455100 1.560686 1.334392 1.537024 10.781956
 29.200000 1.390852 1.558898 1.358843 1.477586 3.699485
 29.300000 1.426287 1.511076 1.371125 1.531161 7.148132
 29.400000 1.441040 1.550240 1.334979 1.558438 8.915741
 29.500000 1.412980 1.537220 1.320072 1.481989 5.721039
 29.600000 1.407014 1.517885 1.360418 1.537590 5.132832
 29.700000 1.421436 1.503680 1.393286 1.592431 6.609456
 29.800000 1.427182 1.510955 1.356382 1.472180 7.249723
 29.900000 1.398505 1.537437 1.316715 1.574233 4.348996
 30.000000 1.431475 1.457629 1.343399 1.547319 7.747485
 30.100000 1.450890 1.506289 1.396052 1.506424 10.204484
 30.200000 1.390329 1.527051 1.362131 1.541564 3.657042
 30.300000 1.427624 1.472385 1.333531 1.544935 7.300214
 30.400000 1.435546 1.521530 1.338969 1.560720 8.234708
 30.500000 1.395222 1.522933 1.367932 1.484312 4.063926
 30.600000 1.431687 1.508245 1.366929 1.551421 7.772482
 30.700000 1.435830 1.503334 1.331326 1.560523 8.269170
 30.800000 1.388513 1.546720 1.334467 1.492783 3.511456
 30.900000 1.419790 1.508644 1.351614 1.553125 6.431525
 31.000000 1.442818 1.487025 1.366440 1.550533 9.141986
 31.100000 1.415159 1.532138 1.342062 1.521372 5.943836
 31.200000 1.420098 1.515668 1.335211 1.514992 6.464593
 31.300000 1.424500 1.482152 1.343794 1.556414 6.947196
 31.400000 1.420870 1.529840 1.358377 1.539498 6.548015
 31.500000 1.414247 1.522708 1.359313 1.483207 5.850076
 31.600000 1.415165 1.479488 1.353796 1.548873 5.944479
 31.700000 1.440211 1.523262 1.335575 1.546607 8.811180
 31.800000 1.414812 1.527201 1.353217 1.473049 5.908068
 31.900000 1.396908 1.523959 1.362913 1.558457 4.209137
 32.000000 1.461729 1.505377 1.374785 1.537704 11.723172
 32.100000 1.410986 1.542777 1.348742 1.463011 5.520899
 32.200000 1.400019 1.549989 1.322255 1.575235 4.483690
 32.300000 1.454041 1.475247 1.330931 1.536727 10.635234
 32.400000 1.405389 1.566437 1.379425 1.540800 4.978084
 32.500000 1.391749 1.522166 1.355366 1.514685 3.772854
 32.600000 1.458764 1.487374 1.327743 1.547632 11.297331
 32.700000 1.406739 1.539769 1.325658 1.541079 5.106423
 32.800000 1.391913 1.523607 1.389589 1.482750 3.786408
 32.900000 1.469338 1.477454 1.384043 1.568079 12.852339
 33.000000 1.403619 1.510693 1.347856 1.508647 4.812312
 33.100000 1.406092 1.562501 1.331384 1.505889 5.044683
 33.200000 1.463517 1.482955 1.347477 1.507485 11.983926
 33.300000 1.395682 1.522443 1.375969 1.548319 4.103319
 33.400000 1.394150 1.519865 1.371865 1.498332 3.972941
 33.500000 1.468807 1.540313 1.325632 1.541897 12.771874
 33.600000 1.402253 1.505337 1.308139 1.552363 4.686278
 33.700000 1.405910 1.538449 1.347298 1.532535 5.027383
 33.800000 1.453930 1.520371 1.362785 1.521019 10.619822
 33.900000 1.397483 1.524061 1.344699 1.574261 4.259236
 34.000000 1.412107 1.509851 1.336842 1.502725 5.632963
 34.100000 1.444729 1.526591 1.352583 1.497344 9.388273
 34.200000 1.424998 1.516950 1.377775 1.548385 7.002911
 34.300000 1.421517 1.481791 1.348682 1.459683 6.618286
 34.400000 1.404707 1.607270 1.360507 1.539951 4.913859
 34.500000 1.431893 1.481354 1.344754 1.483845 7.796833
 34.600000 1.422190 1.525779 1.361534 1.534349 6.691818
 34.700000 1.401730 1.563351 1.358269 1.504418 4.638452
 34.800000 1.470342 1.536235 1.342996 1.480789 13.005185
 34.900000 1.397143 1.511804 1.342001 1.573980 4.229520
 35.000000 1.390678 1.552479 1.341993 1.528084 3.685363
 35.100000 1.465494 1.543000 1.340293 1.498298 12.275473
 35.200000 1.406686 1.489286 1.354230 1.551133 5.101395
 35.300000 1.409531 1.542557 1.352792 1.538612 5.377045
 35.400000 1.452205 1.529732 1.327154 1.495742 10.383191
 35.500000 1.395652 1.527683 1.345000 1.576519 4.100742
 35.600000 1.416473 1.495703 1.375770 1.475571 6.080274
 35.700000 1.451002 1.593378 1.383084 1.493672 10.219746
 35.800000 1.411044 1.500779 1.324315 1.508446 5.526604
 35.900000 1.412691 1.493068 1.321537 1.543002 5.691824
 36.000000 1.424197 1.596083 1.379261 1.507193 6.913403
 36.100000 1.414303 1.497259 1.401512 1.465180 5.855770
 36.200000 1.432834 1.510336 1.358937 1.576120 7.908464
 36.300000 1.412590 1.546108 1.309749 1.486495 5.681634
 36.400000 1.424253 1.537749 1.341316 1.521627 6.919677
 36.500000 1.428822 1.495595 1.377268 1.553097 7.437921
 36.600000 1.398941 1.548222 1.364246 1.514607 4.387608
 36.700000 1.428054 1.541151 1.318725 1.512038 7.349563
 36.800000 1.439280 1.511212 1.320225 1.569946 8.694617
 36.900000 1.394061 1.526035 1.379018 1.513151 3.965426
 37.000000 1.437935 1.538012 1.378308 1.472605 8.527489
 37.100000 1.426028 1.532701 1.354805 1.554072 7.118762
 37.200000 1.399742 1.474397 1.322467 1.509279 4.458863
 37.300000 1.447260 1.587836 1.365974 1.509019 9.719500
 37.400000 1.423442 1.472571 1.357436 1.464434 6.829626
 37.500000 1.401904 1.517362 1.362362 1.579753 4.654306
 37.600000 1.420634 1.539027 1.338097 1.485820 6.522471
 37.700000 1.423050 1.521204 1.351376 1.509385 6.786366
 37.800000 1.420890 1.525115 1.337111 1.561277 6.550147
 37.900000 1.423781 1.520936 1.338787 1.506229 6.867200
 38.000000 1.425296 1.556407 1.362080 1.520148 7.036361
 38.100000 1.413685 1.516105 1.350788 1.555196 5.792650
 38.200000 1.400728 1.526549 1.320713 1.526828 4.547477
 38.300000 1.448129 1.556309 1.338728 1.487703 9.834544
 38.400000 1.426906 1.535830 1.390432 1.513844 7.218358
 38.500000 1.390584 1.509226 1.365042 1.486512 3.677706
 38.600000 1.440751 1.574078 1.320555 1.505520 8.879217
 38.700000 1.427534 1.511939 1.342701 1.500608 7.289969
 38.800000 1.381705 1.508395 1.384618 1.508272 2.992067
 38.900000 1.456814 1.549619 1.386164 1.509908 11.021539
 39.000000 1.434615 1.491964 1.318370 1.480362 8.121937
 39.100000 1.383885 1.573757 1.344602 1.563008 3.153830
 39.200000 1.439676 1.503541 1.358137 1.493859 8.744092
 39.300000 1.428825 1.550651 1.364398 1.529631 7.438218
 39.400000 1.383860 1.514277 1.324621 1.546393 3.151954
 39.500000 1.448236 1.527944 1.339024 1.508093 9.848700
 39.600000 1.422488 1.568321 1.367157 1.502956 6.724469
 39.700000 1.396235 1.503555 1.353986 1.502900 4.150893
 39.800000 1.436198 1.551690 1.344419 1.530537 8.314044
 39.900000 1.426395 1.505619 1.354161 1.468701 7.160314
 40.000000 1.433761 1.547841 1.354576 1.514242 8.019210
 40.100000 1.401072 1.518122 1.323541 1.513372 4.578643
 40.200000 1.430128 1.534928 1.368212 1.502695 7.589491
 40.300000 1.429257 1.532798 1.375456 1.480752 7.488260
 40.400000 1.399848 1.546942 1.352079 1.560452 4.468342
 40.500000 1.449344 1.510961 1.299782 1.477517 9.996487
 40.600000 1.426725 1.578247 1.349062 1.505127 7.197720
 40.700000 1.383232 1.537309 1.390773 1.533236 3.104910
 40.800000 1.437183 1.514593 1.343973 1.480180 8.434720
 40.900000 1.438127 1.626753 1.329452 1.529358 8.551187
 41.000000 1.398833 1.484315 1.341905 1.466097 4.378040
 41.100000 1.420738 1.571743 1.367396 1.566397 6.533740
 41.200000 1.417947 1.557056 1.346481 1.469932 6.235170
 41.300000 1.414123 1.524977 1.361193 1.484163 5.837361
 41.400000 1.418471 1.530486 1.362722 1.543462 6.290649
 41.500000 1.414849 1.531156 1.341854 1.483066 5.911846
 41.600000 1.444269 1.565560 1.331684 1.512485 9.328655
 41.700000 1.423204 1.493817 1.361002 1.526939 6.803340
 41.800000 1.373951 1.547309 1.380611 1.521439 2.451089
 41.900000 1.466521 1.522437 1.343368 1.496046 12.428189
 42.000000 1.418749 1.516995 1.324290 1.522961 6.320226
 42.100000 1.383731 1.535824 1.350050 1.516305 3.142310
 42.200000 1.459151 1.553936 1.368128 1.506260 11.352547
 42.300000 1.429493 1.514843 1.342030 1.507291 7.515565
 42.400000 1.373755 1.537557 1.327013 1.573960 2.438123
 42.500000 1.461889 1.547394 1.355159 1.463272 11.746436
 42.600000 1.426328 1.521822 1.360758 1.512515 7.152677
 42.700000 1.376150 1.521639 1.349375 1.542888 2.599001
 42.800000 1.448204 1.527467 1.332733 1.473361 9.844391
 42.900000 1.437867 1.565193 1.365744 1.512109 8.519034
 43.000000 1.374562 1.490498 1.358726 1.501154 2.491734
 43.100000 1.466679 1.552394 1.337464 1.536510 12.451777
 43.200000 1.425517 1.527164 1.344188 1.475332 7.061178
 43.300000 1.395466 1.538846 1.358839 1.530811 4.084772
 43.400000 1.435358 1.533854 1.344115 1.524876 8.211827
 43.500000 1.427720 1.541185 1.329599 1.467674 7.311269
 43.600000 1.422410 1.572603 1.354217 1.550655 6.715942
 43.700000 1.413956 1.483995 1.344759 1.498849 5.820298
 43.800000 1.423034 1.571365 1.346871 1.517740 6.784557
 43.900000 1.431738 1.529554 1.347061 1.506872 7.778516
 44.000000 1.407573 1.498176 1.361527 1.528993 5.186504
 44.100000 1.405292 1.544816 1.343833 1.504878 4.968905
 44.200000 1.476131 1.562598 1.347406 1.488869 13.904168
 44.300000 1.403127 1.494445 1.353345 1.513621 4.766674
 44.400000 1.396171 1.531184 1.357675 1.528377 4.145316
 44.500000 1.445001 1.547753 1.347174 1.486744 9.423557
 44.600000 1.426488 1.503924 1.343692 1.532785 7.170870
 44.700000 1.396036 1.543240 1.355345 1.538372 4.133668
 44.800000 1.441088 1.537676 1.332040 1.449971 8.921811
 44.900000 1.443541 1.551474 1.359678 1.568379 9.234659
 45.000000 1.381062 1.496015 1.353169 1.533995 2.945150
 45.100000 1.428053 1.556435 1.345185 1.512702 7.349373
 45.200000 1.457707 1.527942 1.330912 1.502318 11.147415
 45.300000 1.381915 1.506512 1.361866 1.570868 3.007480
 45.400000 1.424304 1.532981 1.355324 1.486327 6.925409
 45.500000 1.461393 1.548485 1.353733 1.483880 11.674633
 45.600000 1.372021 1.507030 1.345253 1.556376 2.324833
 45.700000 1.426267 1.502853 1.348702 1.486022 7.145854
 45.800000 1.468251 1.568559 1.360158 1.502387 12.687798
 45.900000 1.377771 1.480281 1.350142 1.505456 2.710841
 46.000000 1.414012 1.552832 1.337371 1.563727 5.826003
 46.100000 1.471114 1.531259 1.350016 1.485843 13.123248
 46.200000 1.374122 1.513454 1.368068 1.563554 2.462418
 46.300000 1.420070 1.503922 1.335805 1.551514 6.461567
 46.400000 1.467974 1.552222 1.324059 1.501547 12.646099
 46.500000 1.373081 1.528643 1.362267 1.529492 2.393785
 46.600000 1.413342 1.486689 1.369425 1.556371 5.757801
 46.700000 1.491370 1.550898 1.345753 1.493887 16.414189
 46.800000 1.364816 1.524143 1.321684 1.499173 1.882925
 46.900000 1.424926 1.521726 1.357496 1.542944 6.994822
 47.000000 1.463341 1.510344 1.359210 1.479092 11.958054
 47.100000 1.381788 1.549389 1.373246 1.522051 2.998123
 47.200000 1.415289 1.504126 1.328516 1.529979 5.957256
 47.300000 1.473270 1.513152 1.347789 1.502717 13.456077
 47.400000 1.388447 1.546112 1.349986 1.533606 3.506217
 47.500000 1.429211 1.493346 1.355748 1.535485 7.482939
 47.600000 1.423821 1.534088 1.348961 1.543429 6.871637
 47.700000 1.418516 1.530498 1.371043 1.505910 6.295471
 47.800000 1.429233 1.525246 1.323244 1.554297 7.485514
 47.900000 1.400622 1.513604 1.336672 1.546301 4.537896
 48.000000 1.435616 1.540071 1.359421 1.512300 8.243133
 48.100000 1.441451 1.531220 1.373201 1.502674 8.967804
 48.200000 1.371443 1.529170 1.328877 1.572347 2.287689
 48.300000 1.445767 1.493458 1.337774 1.506369 9.523419
 48.400000 1.453277 1.519709 1.377189 1.502547 10.529896
 48.500000 1.373107 1.510424 1.371523 1.566724 2.395437
 48.600000 1.421008 1.482950 1.332937 1.522703 6.563010
 48.700000 1.447555 1.539859 1.349369 1.534410 9.758427
 48.800000 1.401669 1.471629 1.359804 1.540971 4.632824
 48.900000 1.417892 1.507033 1.349989 1.532436 6.229267
 49.000000 1.460765 1.531955 1.330439 1.511331 11.583852
 49.100000 1.414704 1.529135 1.350765 1.552995 5.896999
 49.200000 1.389785 1.521730 1.350967 1.549273 3.613123
 49.300000 1.446903 1.551372 1.333719 1.531833 9.672384
 49.400000 1.430966 1.511945 1.348534 1.490539 7.687556
 49.500000 1.385120 1.524540 1.360527 1.554185 3.247413
 49.600000 1.441782 1.540289 1.331803 1.521355 9.009751
 49.700000 1.432589 1.481440 1.346037 1.496563 7.879274
 49.800000 1.381189 1.514860 1.378615 1.590689 2.954374
 49.900000 1.443329 1.484513 1.367301 1.475947 9.207451
 50.000000 1.445306 1.533700 1.328950 1.541398 9.463199
