#! FIELDS time d1 d2 d3 d4 rest.bias
 0.000000 3.622261 1.338269 1.407383 1.329695 14.159216
 0.100000 3.829260 1.409885 1.439430 1.407784 0.383732
 0.200000 3.777073 1.306163 1.522020 1.324742 0.235587
 0.300000 3.829859 1.364336 1.490514 1.379272 0.399607
 0.400000 3.786179 1.335751 1.536633 1.332209 0.085614
 0.500000 3.778303 1.388099 1.494710 1.353111 0.210994
 0.600000 3.747805 1.379980 1.418021 1.388731 1.221034
 0.700000 3.757112 1.334988 1.429270 1.362597 0.824424
 0.800000 3.813851 1.364184 1.439025 1.388249 0.085983
 0.900000 3.745062 1.334654 1.457443 1.341472 1.352754
 1.000000 3.799658 1.416485 1.477193 1.355968 0.000053
 1.100000 3.768392 1.347458 1.535213 1.326460 0.447790
 1.200000 3.797657 1.344361 1.488119 1.379717 0.002461
 1.300000 3.764601 1.333507 1.449558 1.395631 0.561634
 1.400000 3.801597 1.360006 1.442247 1.331534 0.001143
 1.500000 3.783400 1.416439 1.439126 1.350887 0.123511
 1.600000 3.714065 1.369195 1.474194 1.331764 3.309916
 1.700000 3.835174 1.356879 1.494718 1.417172 0.554518
 1.800000 3.764118 1.296055 1.527448 1.350765 0.577054
 1.900000 3.824349 1.352480 1.461006 1.399160 0.265730
 2.000000 3.760697 1.391773 1.447498 1.298891 0.692352
 2.100000 3.772568 1.408142 1.434134 1.363264 0.337286
 2.200000 3.732133 1.350488 1.437416 1.379220 2.064382
 2.300000 3.786334 1.316185 1.492353 1.411480 0.083705
 2.400000 3.850729 1.360844 1.537182 1.344893 1.153401
 2.500000 3.764478 1.381539 1.458964 1.300621 0.565549
 2.600000 3.792257 1.407031 1.431511 1.358978 0.026874
 2.700000 3.744780 1.323739 1.496318 1.351390 1.366689
 2.800000 3.791682 1.358850 1.452710 1.434220 0.031009
 2.900000 3.748304 1.336098 1.485632 1.353568 1.197819
 3.000000 3.851559 1.392621 1.511465 1.326813 1.191457
 3.100000 3.784441 1.374695 1.498941 1.318289 0.108506
 3.200000 3.768630 1.356450 1.419780 1.390489 0.441053
 3.300000 3.760018 1.345090 1.465738 1.398332 0.716468
 3.400000 3.756613 1.337110 1.503106 1.357696 0.843720
 3.500000 3.803848 1.392333 1.427083 1.355058 0.006636
 3.600000 3.781889 1.361970 1.512229 1.314872 0.147005
 3.700000 3.831566 1.358684 1.487350 1.368986 0.446602
 3.800000 3.745713 1.313167 1.455351 1.377096 1.320866
 3.900000 3.776614 1.383029 1.466359 1.399420 0.245132
 4.000000 3.757268 1.359367 1.455742 1.325071 0.818438
 4.100000 3.801007 1.380925 1.453003 1.366630 0.000454
 4.200000 3.776821 1.336004 1.464925 1.362834 0.240808
 4.300000 3.811069 1.315061 1.521011 1.365350 0.054919
 4.400000 3.779701 1.382543 1.487168 1.394490 0.184678
 4.500000 3.743987 1.354617 1.447404 1.331261 1.406219
 4.600000 3.797096 1.410829 1.439427 1.366468 0.003780
 4.700000 3.762351 1.317394 1.455508 1.359779 0.635311
 4.800000 3.799251 1.329689 1.436669 1.400902 0.000251
 4.900000 3.791614 1.358340 1.531638 1.362425 0.031521
 5.000000 3.761967 1.370043 1.538335 1.304766 0.648322
 5.100000 3.800066 1.403448 1.447097 1.390515 0.000002
 5.200000 3.739545 1.313988 1.483032 1.330869 1.638105
 5.300000 3.838867 1.368865 1.419414 1.409678 0.677081
 5.400000 3.748911 1.321592 1.463746 1.363115 1.169823
 5.500000 3.772541 1.373666 1.484494 1.338747 0.337944
 5.600000 3.824887 1.417638 1.529828 1.343579 0.277601
 5.700000 3.724404 1.329533 1.503258 1.355395 2.561344
 5.800000 3.803707 1.325549 1.431618 1.430860 0.006160
 5.900000 3.780834 1.329205 1.459596 1.365085 0.164648
 6.000000 3.796301 1.389175 1.446262 1.355684 0.006133
 6.100000 3.739641 1.378871 1.474813 1.313416 1.632874
 6.200000 3.818994 1.388058 1.538796 1.376487 0.161700
 6.300000 3.772727 1.287495 1.509451 1.378313 0.333375
 6.400000 3.782199 1.346307 1.428113 1.408848 0.142024
 6.500000 3.775307 1.368153 1.435183 1.335723 0.273296
 6.600000 3.764015 1.404545 1.446125 1.309659 0.580383
 6.700000 3.778882 1.401577 1.452119 1.409606 0.199887
 6.800000 3.744736 1.285789 1.532375 1.373177 1.368856
 6.900000 3.854666 1.327941 1.525695 1.410454 1.339391
 7.000000 3.761774 1.362244 1.475494 1.312898 0.654934
 7.100000 3.806693 1.412044 1.441585 1.335602 0.020076
 7.200000 3.766018 1.369984 1.462520 1.361929 0.517572
 7.300000 3.690560 1.317897 1.435439 1.414617 5.368158
 7.400000 3.800985 1.371364 1.427587 1.411382 0.000435
 7.500000 3.804327 1.341312 1.550943 1.322446 0.008392
 7.600000 3.842413 1.402628 1.493158 1.318286 0.806248
 7.700000 3.743457 1.359909 1.462093 1.333980 1.432931
 7.800000 3.786582 1.356058 1.459168 1.429836 0.080694
 7.900000 3.724907 1.328991 1.451217 1.364944 2.527398
 8.000000 3.770527 1.398791 1.406558 1.383643 0.389326
 8.100000 3.811308 1.371408 1.514071 1.313773 0.057307
 8.200000 3.810883 1.339105 1.537603 1.326223 0.053083
 8.300000 3.810555 1.365675 1.476511 1.400699 0.049937
 8.400000 3.728658 1.314017 1.490481 1.356543 2.281208
 8.500000 3.799069 1.418230 1.440637 1.383053 0.000388
 8.600000 3.717819 1.356005 1.404799 1.332118 3.027016
 8.700000 3.795721 1.376516 1.439049 1.370989 0.008205
 8.800000 3.793434 1.333947 1.546329 1.348352 0.019322
 8.900000 3.814927 1.345793 1.512714 1.368889 0.099861
 9.000000 3.766337 1.355993 1.491436 1.361236 0.507914
 9.100000 3.787293 1.372507 1.484984 1.331851 0.072375
 9.200000 3.775999 1.370738 1.405446 1.371561 0.258176
 9.300000 3.727450 1.345568 1.426040 1.388151 2.359080
 9.400000 3.801218 1.347763 1.466074 1.378750 0.000665
 9.500000 3.783429 1.352103 1.550990 1.331338 0.123082
 9.600000 3.808168 1.382278 1.499237 1.341381 0.029906
 9.700000 3.777533 1.342128 1.464132 1.348703 0.226241
 9.800000 3.778552 1.350330 1.461619 1.393270 0.206187
 9.900000 3.744351 1.363604 1.398539 1.363030 1.387976
 10.000000 3.769528 1.374862 1.472015 1.347030 0.416159
 10.100000 3.813750 1.392026 1.515156 1.332884 0.084743
 10.200000 3.800782 1.340097 1.500307 1.341424 0.000274
 10.300000 3.773392 1.343572 1.487383 1.382698 0.317318
 10.400000 3.800615 1.334646 1.480822 1.384396 0.000169
 10.500000 3.739792 1.390049 1.439025 1.330025 1.624719
 10.600000 3.777338 1.441423 1.412904 1.335564 0.230190
 10.700000 3.780728 1.341728 1.479818 1.340252 0.166462
 10.800000 3.812538 1.333066 1.534449 1.396816 0.070463
 10.900000 3.756357 1.341810 1.473857 1.370247 0.853695
 11.000000 3.796200 1.372537 1.485438 1.353925 0.006473
 11.100000 3.785943 1.390535 1.490803 1.311674 0.088568
 11.200000 3.773684 1.386475 1.401220 1.360355 0.310404
 11.300000 3.755388 1.335730 1.426738 1.381421 0.892020
 11.400000 3.762111 1.322116 1.512741 1.397060 0.643422
 11.500000 3.806340 1.392947 1.491814 1.362365 0.018016
 11.600000 3.756029 1.363232 1.510462 1.313234 0.866555
 11.700000 3.851951 1.397981 1.505740 1.338864 1.209657
 11.800000 3.750037 1.325660 1.455701 1.339865 1.118860
 11.900000 3.789517 1.364119 1.390732 1.467654 0.049252
 12.000000 3.713549 1.315579 1.485392 1.366158 3.349783
 12.100000 3.788599 1.402354 1.489461 1.345117 0.058253
 12.200000 3.798659 1.391770 1.466204 1.331367 0.000805
 12.300000 3.789812 1.332681 1.519098 1.333771 0.046523
 12.400000 3.840026 1.339284 1.483900 1.426591 0.718055
 12.500000 3.705216 1.313220 1.427698 1.380221 4.026631
 12.600000 3.776560 1.422868 1.446974 1.387336 0.246250
 12.700000 3.760746 1.377254 1.475764 1.290437 0.690630
 12.800000 3.811232 1.379163 1.453265 1.367949 0.056542
 12.900000 3.773029 1.302067 1.503935 1.368772 0.326026
 13.000000 3.823597 1.347338 1.495797 1.378351 0.249576
 13.100000 3.749609 1.385007 1.484669 1.366370 1.138092
 13.200000 3.719685 1.395045 1.437629 1.325574 2.891085
 13.300000 3.812716 1.387297 1.435861 1.376495 0.072469
 13.400000 3.760238 1.325629 1.465518 1.351686 0.708601
 13.500000 3.816950 1.342192 1.455380 1.395364 0.128765
 13.600000 3.761173 1.349368 1.528949 1.330435 0.675677
 13.700000 3.796275 1.381814 1.510095 1.371412 0.006219
 13.800000 3.757821 1.394003 1.443764 1.339577 0.797372
 13.900000 3.762368 1.339182 1.461096 1.355428 0.634743
 14.000000 3.818970 1.359518 1.427467 1.398336 0.161290
 14.100000 3.739833 1.325471 1.475165 1.353827 1.622529
 14.200000 3.805006 1.409613 1.469409 1.365352 0.011232
 14.300000 3.751928 1.342537 1.522876 1.324862 1.035765
 14.400000 3.804299 1.388383 1.476406 1.369188 0.008282
 14.500000 3.789267 1.333468 1.452849 1.354960 0.051628
 14.600000 3.789157 1.336513 1.464124 1.384794 0.052695
 14.700000 3.754010 1.371909 1.452857 1.356831 0.947972
 14.800000 3.767551 1.388359 1.454354 1.342048 0.471915
 14.900000 3.767293 1.370117 1.487229 1.381547 0.479457
 15.000000 3.797790 1.311778 1.489464 1.349698 0.002189
 15.100000 3.811628 1.368123 1.469806 1.354667 0.060596
 15.200000 3.798222 1.335413 1.518064 1.350969 0.001416
 15.300000 3.773413 1.379620 1.458252 1.353268 0.316817
 15.400000 3.733330 1.375719 1.439486 1.368970 1.992175
 15.500000 3.769640 1.350466 1.450555 1.367580 0.413109
 15.600000 3.812325 1.360553 1.470426 1.373985 0.068079
 15.700000 3.776201 1.350391 1.479063 1.314240 0.253853
 15.800000 3.803911 1.356448 1.500633 1.376242 0.006857
 15.900000 3.781521 1.366556 1.520607 1.346949 0.153042
 16.000000 3.753961 1.362806 1.451316 1.363121 0.950014
 16.100000 3.757001 1.371006 1.418974 1.374896 0.828693
 16.200000 3.786467 1.336626 1.457430 1.355106 0.082089
 16.300000 3.827190 1.368529 1.485554 1.356183 0.331353
 16.400000 3.745768 1.336012 1.530821 1.342633 1.318217
 16.500000 3.809305 1.372793 1.495441 1.375853 0.038804
 16.600000 3.765020 1.338032 1.507334 1.358148 0.548413
 16.700000 3.774193 1.358064 1.432750 1.367770 0.298511
 16.800000 3.790250 1.368310 1.442120 1.341337 0.042608
 16.900000 3.766428 1.374530 1.449849 1.357077 0.505168
 17.000000 3.757130 1.349080 1.491094 1.381215 0.823703
 17.100000 3.792541 1.355950 1.489779 1.378070 0.024935
 17.200000 3.788102 1.359956 1.507604 1.328478 0.063445
 17.300000 3.791377 1.356703 1.460964 1.344231 0.033327
 17.400000 3.796047 1.378837 1.451355 1.353068 0.007004
 17.500000 3.759788 1.328890 1.480379 1.369271 0.724730
 17.600000 3.745973 1.366525 1.438467 1.401075 1.308278
 17.700000 3.773552 1.375660 1.473586 1.348414 0.313526
 17.800000 3.812797 1.380770 1.500102 1.325166 0.073404
 17.900000 3.820030 1.344853 1.491171 1.366067 0.179813
 18.000000 3.765452 1.330265 1.480436 1.339795 0.534965
 18.100000 3.806026 1.373795 1.465168 1.406717 0.016278
 18.200000 3.711168 1.362571 1.479227 1.337419 3.536791
 18.300000 3.763249 1.393967 1.400494 1.364564 0.605369
 18.400000 3.795097 1.363573 1.471289 1.361032 0.010774
 18.500000 3.786087 1.315680 1.507396 1.352094 0.086759
 18.600000 3.832887 1.379108 1.486392 1.366003 0.484766
 18.700000 3.734176 1.345307 1.540030 1.344752 1.941943
 18.800000 3.801125 1.390436 1.461970 1.369767 0.000567
 18.900000 3.750900 1.350997 1.429133 1.359379 1.080529
 19.000000 3.781558 1.388837 1.426038 1.354009 0.152438
 19.100000 3.781409 1.329069 1.486116 1.338263 0.154902
 19.200000 3.802412 1.376960 1.480596 1.384665 0.002607
 19.300000 3.747055 1.322866 1.531701 1.363444 1.256379
 19.400000 3.808181 1.387287 1.487752 1.365277 0.029997
 19.500000 3.776080 1.372998 1.455277 1.327137 0.256454
 19.600000 3.774723 1.358558 1.422585 1.350079 0.286371
 19.700000 3.802631 1.362586 1.452397 1.408946 0.003103
 19.800000 3.720769 1.322521 1.471236 1.346721 2.813595
 19.900000 3.798083 1.395935 1.476623 1.388476 0.001647
 20.000000 3.781505 1.367443 1.522838 1.313616 0.153313
 20.100000 3.803602 1.357173 1.476057 1.337912 0.005814
 20.200000 3.790577 1.351006 1.443881 1.399953 0.039800
 20.300000 3.739226 1.321080 1.457222 1.356926 1.655430
 20.400000 3.805357 1.402168 1.440802 1.391952 0.012860
 20.500000 3.709127 1.362661 1.470339 1.330447 3.701211
 20.600000 3.821532 1.363801 1.475822 1.373405 0.207798
 20.700000 3.822432 1.313664 1.555179 1.345300 0.225539
 20.800000 3.815164 1.348111 1.492839 1.386787 0.103059
 20.900000 3.759510 1.362718 1.456088 1.338420 0.734813
 21.000000 3.754352 1.394130 1.459249 1.369059 0.933941
 21.100000 3.762151 1.367103 1.425333 1.365771 0.642080
 21.200000 3.773833 1.343739 1.432678 1.362232 0.306893
 21.300000 3.828990 1.379124 1.498720 1.361530 0.376684
 21.400000 3.774285 1.300843 1.569669 1.311721 0.296370
 21.500000 3.820792 1.425731 1.474415 1.404336 0.193755
 21.600000 3.710460 1.326737 1.482176 1.329655 3.593391
 21.700000 3.789478 1.404814 1.405669 1.373533 0.049626
 21.800000 3.760981 1.346368 1.444580 1.376936 0.682388
 21.900000 3.787222 1.336474 1.456991 1.354712 0.073180
 22.000000 3.806766 1.373439 1.513746 1.379355 0.020518
 22.100000 3.739549 1.346398 1.530243 1.314397 1.637850
 22.200000 3.824088 1.407101 1.467670 1.382071 0.260051
 22.300000 3.747530 1.332130 1.497587 1.350532 1.233922
 22.400000 3.799581 1.356223 1.427300 1.372666 0.000079
 22.500000 3.766070 1.361746 1.446600 1.366655 0.515977
 22.600000 3.763466 1.370217 1.503923 1.331396 0.598234
 22.700000 3.813204 1.387699 1.471454 1.373119 0.078147
 22.800000 3.750433 1.337910 1.500173 1.359608 1.101187
 22.900000 3.807590 1.339341 1.455732 1.391710 0.025817
 23.000000 3.765797 1.344080 1.484005 1.335731 0.524315
 23.100000 3.793804 1.415228 1.435171 1.374230 0.017208
 23.200000 3.711169 1.326508 1.478862 1.346036 3.536747
 23.300000 3.819779 1.375244 1.489678 1.397801 0.175348
 23.400000 3.802054 1.338487 1.483736 1.350682 0.001890
 23.500000 3.779103 1.338330 1.461408 1.351264 0.195717
 23.600000 3.801281 1.397558 1.453977 1.377093 0.000735
 23.700000 3.734077 1.335934 1.478944 1.328607 1.947813
 23.800000 3.773369 1.390072 1.453780 1.406008 0.317868
 23.900000 3.775618 1.349179 1.467137 1.338588 0.266444
 24.000000 3.804976 1.352852 1.476533 1.341573 0.011097
 24.100000 3.808836 1.350411 1.495207 1.384914 0.034994
 24.200000 3.756170 1.349739 1.447941 1.333543 0.861034
 24.300000 3.776569 1.400889 1.453915 1.369536 0.246058
 24.400000 3.747193 1.347158 1.484120 1.355481 1.249862
 24.500000 3.788425 1.357153 1.428881 1.369953 0.060051
 24.600000 3.793738 1.336095 1.476837 1.370998 0.017577
 24.700000 3.790549 1.336588 1.491435 1.357619 0.040037
 24.800000 3.795656 1.406562 1.533469 1.311922 0.008459
 24.900000 3.779019 1.378588 1.522543 1.346212 0.197290
 25.000000 3.765899 1.330538 1.452882 1.375556 0.521197
 25.100000 3.773703 1.339563 1.424075 1.398133 0.309942
 25.200000 3.785299 1.377884 1.422722 1.352636 0.096861
 25.300000 3.772051 1.364996 1.539514 1.311439 0.350106
 25.400000 3.803702 1.389167 1.525124 1.367798 0.006143
 25.500000 3.780061 1.302128 1.554385 1.355278 0.178191
 25.600000 3.813316 1.340543 1.478999 1.406933 0.079467
 25.700000 3.758978 1.361882 1.411261 1.342132 0.754236
 25.800000 3.760530 1.391645 1.406467 1.345414 0.698242
 25.900000 3.762011 1.390268 1.498239 1.351274 0.646819
 26.000000 3.774051 1.341439 1.514258 1.365379 0.301796
 26.100000 3.785776 1.321732 1.511356 1.396139 0.090677
 26.200000 3.816442 1.327940 1.506264 1.366288 0.121162
 26.300000 3.795166 1.390059 1.463742 1.315793 0.010473
 26.400000 3.772742 1.399737 1.414705 1.359656 0.333021
 26.500000 3.724767 1.355187 1.454956 1.356015 2.536805
 26.600000 3.780345 1.334253 1.473233 1.420855 0.173149
 26.700000 3.775742 1.335987 1.461921 1.394849 0.263748
 26.800000 3.820927 1.367065 1.510117 1.323520 0.196290
 26.900000 3.816657 1.397651 1.527307 1.299595 0.124362
 27.000000 3.781156 1.356496 1.464177 1.366372 0.159160
 27.100000 3.749034 1.334128 1.451441 1.407450 1.164215
 27.200000 3.762305 1.334109 1.440449 1.408253 0.636849
 27.300000 3.774096 1.386387 1.437471 1.344962 0.300756
 27.400000 3.779687 1.401499 1.480603 1.307840 0.184931
 27.500000 3.853814 1.382696 1.549244 1.311781 1.297940
 27.600000 3.773576 1.312923 1.506207 1.400952 0.312950
 27.700000 3.766856 1.343726 1.466721 1.410683 0.492364
 27.800000 3.766840 1.353503 1.448595 1.361020 0.492829
 27.900000 3.761630 1.419444 1.438457 1.328207 0.659852
 28.000000 3.777623 1.386673 1.433042 1.326073 0.224430
 28.100000 3.818697 1.337221 1.495431 1.371614 0.156677
 28.200000 3.792779 1.313376 1.539726 1.394544 0.023372
 28.300000 3.770090 1.363016 1.474886 1.367779 0.400966
 28.400000 3.770447 1.389839 1.469849 1.340118 0.391460
 28.500000 3.768702 1.404901 1.435655 1.322526 0.439043
 28.600000 3.772083 1.351135 1.403021 1.401646 0.349316
 28.700000 3.763486 1.316971 1.465021 1.373665 0.597562
 28.800000 3.819738 1.351272 1.519173 1.375928 0.174616
 28.900000 3.778381 1.383856 1.533612 1.308494 0.209477
 29.000000 3.792327 1.395772 1.499350 1.339136 0.026391
 29.100000 3.788780 1.338728 1.480972 1.368893 0.056425
 29.200000 3.762491 1.315401 1.424892 1.401544 0.630577
 29.300000 3.786353 1.368004 1.416018 1.389621 0.083478
 29.400000 3.751383 1.371348 1.478783 1.325201 1.059383
 29.500000 3.805411 1.390625 1.497412 1.345494 0.013121
 29.600000 3.779271 1.338293 1.491873 1.378975 0.192582
 29.700000 3.779308 1.311826 1.471642 1.398798 0.191893
 29.800000 3.798344 1.364436 1.447621 1.359181 0.001228
 29.900000 3.761589 1.371925 1.446039 1.343901 0.661276
 30.000000 3.786725 1.372758 1.488688 1.345071 0.078982
 30.100000 3.781286 1.352373 1.499637 1.355078 0.156965
 30.200000 3.791917 1.342812 1.501293 1.385438 0.029281
 30.300000 3.768603 1.325881 1.461433 1.379172 0.441826
 30.400000 3.791452 1.398669 1.430275 1.342479 0.032748
 30.500000 3.766743 1.369918 1.437749 1.347074 0.495731
 30.600000 3.774151 1.368720 1.465251 1.361989 0.299475
 30.700000 3.771807 1.349823 1.501341 1.363588 0.356249
 30.800000 3.786690 1.343815 1.501130 1.373045 0.079402
 30.900000 3.781805 1.346656 1.462508 1.370476 0.148375
 31.000000 3.796379 1.389152 1.446818 1.321345 0.005876
 31.100000 3.783516 1.380713 1.444620 1.341418 0.121786
 31.200000 3.759531 1.332165 1.479902 1.377747 0.734042
 31.300000 3.779879 1.349497 1.485524 1.403582 0.181457
 31.400000 3.760390 1.340673 1.507343 1.354835 0.703201
 31.500000 3.813172 1.394428 1.464970 1.337620 0.077758
 31.600000 3.778749 1.376759 1.430328 1.325735 0.202402
 31.700000 3.777019 1.360612 1.439520 1.360926 0.236699
 31.800000 3.757746 1.327769 1.465509 1.398043 0.800200
 31.900000 3.783317 1.361688 1.497490 1.383210 0.124749
 32.000000 3.787228 1.374329 1.509285 1.328202 0.073114
 32.100000 3.815950 1.384076 1.499841 1.321780 0.114023
 32.200000 3.787992 1.329532 1.459588 1.358514 0.064623
 32.300000 3.771338 1.351860 1.432128 1.389823 0.368208
 32.400000 3.730218 1.360700 1.436385 1.387522 2.182550
 32.500000 3.748340 1.362738 1.457887 1.354088 1.196130
 32.600000 3.816578 1.390924 1.510253 1.336824 0.123173
 32.700000 3.820106 1.331839 1.522148 1.338248 0.181190
 32.800000 3.832226 1.319035 1.495574 1.340156 0.465456
 32.900000 3.772874 1.360445 1.470582 1.409526 0.329804
 33.000000 3.731463 1.368426 1.422972 1.366647 2.105365
 33.100000 3.733233 1.391016 1.421709 1.362084 1.998004
 33.200000 3.788665 1.380526 1.475124 1.339821 0.057590
 33.300000 3.821954 1.322294 1.493704 1.351123 0.216030
 33.400000 3.829370 1.315940 1.519410 1.383722 0.386613
 33.500000 3.777388 1.338784 1.517241 1.377765 0.229165
 33.600000 3.745696 1.412803 1.448867 1.337531 1.321697
 33.700000 3.745639 1.387176 1.440457 1.345724 1.324494
 33.800000 3.792414 1.364872 1.408111 1.383736 0.025794
 33.900000 3.771509 1.297678 1.470862 1.383999 0.363813
 34.000000 3.816205 1.367884 1.482492 1.374790 0.117703
 34.100000 3.773583 1.375368 1.557944 1.301714 0.312790
 34.200000 3.795873 1.404226 1.532113 1.352137 0.007633
 34.300000 3.766768 1.334020 1.453465 1.360936 0.494968
 34.400000 3.766757 1.339561 1.431434 1.385578 0.495303
 34.500000 3.799936 1.367772 1.422304 1.374961 0.000002
 34.600000 3.746623 1.361704 1.465736 1.323386 1.276981
 34.700000 3.788554 1.390758 1.544933 1.369180 0.058716
 34.800000 3.810542 1.328661 1.561401 1.338649 0.049815
 34.900000 3.797929 1.335567 1.500140 1.381525 0.001923
 35.000000 3.766374 1.347008 1.435175 1.368045 0.506788
 35.100000 3.776235 1.368797 1.402197 1.346394 0.253136
 35.200000 3.762671 1.417575 1.457622 1.346109 0.624547
 35.300000 3.736689 1.350404 1.471331 1.363904 1.796521
 35.400000 3.799649 1.342565 1.487852 1.389480 0.000055
 35.500000 3.814179 1.336553 1.540495 1.353700 0.090103
 35.600000 3.795429 1.353513 1.468475 1.340039 0.009367
 35.700000 3.790048 1.389128 1.441328 1.354824 0.044393
 35.800000 3.740210 1.369185 1.453314 1.353002 1.602258
 35.900000 3.738982 1.344319 1.442496 1.403770 1.668734
 36.000000 3.779192 1.361587 1.464400 1.382198 0.194052
 36.100000 3.814294 1.335954 1.495276 1.337982 0.091581
 36.200000 3.818756 1.363831 1.520251 1.334681 0.157668
 36.300000 3.781508 1.365986 1.478369 1.335302 0.153256
 36.400000 3.772318 1.360141 1.453106 1.394748 0.343451
 36.500000 3.709562 1.345791 1.442017 1.391953 3.665877
 36.600000 3.781522 1.379106 1.399782 1.382320 0.153034
 36.700000 3.788768 1.368443 1.481100 1.325796 0.056545
 36.800000 3.814340 1.367050 1.522848 1.320200 0.092168
 36.900000 3.804919 1.352197 1.487136 1.368337 0.010844
 37.000000 3.753815 1.330635 1.515227 1.392674 0.956044
 37.100000 3.762815 1.364479 1.437658 1.385724 0.619746
 37.200000 3.752576 1.397503 1.420434 1.322947 1.008008
 37.300000 3.786646 1.381117 1.432424 1.348818 0.079926
 37.400000 3.799139 1.333479 1.474899 1.360987 0.000332
 37.500000 3.788022 1.338463 1.517789 1.382018 0.064301
 37.600000 3.770605 1.349578 1.512332 1.381196 0.387271
 37.700000 3.784536 1.389619 1.520770 1.311489 0.107180
 37.800000 3.796071 1.389386 1.459579 1.343669 0.006919
 37.900000 3.772595 1.339088 1.405326 1.374315 0.336621
 38.000000 3.763205 1.339451 1.438317 1.378519 0.606810
 38.100000 3.776434 1.356771 1.489005 1.375193 0.248907
 38.200000 3.780126 1.368315 1.547069 1.330127 0.177032
 38.300000 3.805333 1.391144 1.524820 1.354597 0.012748
 38.400000 3.810684 1.335968 1.507566 1.316829 0.051159
 38.500000 3.800247 1.355044 1.440709 1.387848 0.000027
 38.600000 3.733256 1.345711 1.412426 1.381412 1.996613
 38.700000 3.765802 1.372608 1.428602 1.376865 0.524184
 38.800000 3.762122 1.384930 1.539562 1.330239 0.643045
 38.900000 3.817643 1.391275 1.496407 1.337289 0.139521
 39.000000 3.783827 1.318972 1.453910 1.367973 0.117231
 39.100000 3.796883 1.328715 1.469542 1.395556 0.004355
 39.200000 3.780817 1.357843 1.451694 1.364758 0.164937
 39.300000 3.746158 1.409441 1.462101 1.339471 1.299309
 39.400000 3.775302 1.402652 1.486082 1.332500 0.273389
 39.500000 3.801425 1.336551 1.497456 1.358897 0.000910
 39.600000 3.786351 1.298726 1.453609 1.433214 0.083498
 39.700000 3.806626 1.342917 1.466951 1.351924 0.019676
 39.800000 3.788306 1.398039 1.484780 1.329370 0.061296
 39.900000 3.739049 1.405459 1.477871 1.328064 1.665067
 40.000000 3.789160 1.380179 1.450347 1.385472 0.052666
 40.100000 3.742083 1.295375 1.481021 1.413496 1.503437
 40.200000 3.799987 1.350168 1.418267 1.391927 0.000000
 40.300000 3.778009 1.375114 1.462520 1.316755 0.216761
 40.400000 3.789369 1.394591 1.522482 1.319754 0.050659
 40.500000 3.776774 1.384402 1.473422 1.362806 0.241778
 40.600000 3.717180 1.318908 1.457454 1.404634 3.074267
 40.700000 3.810246 1.344960 1.436934 1.436354 0.047054
 40.800000 3.780358 1.369608 1.443045 1.312442 0.172916
 40.900000 3.789004 1.392900 1.475614 1.329005 0.054194
 41.000000 3.816045 1.373741 1.516616 1.344421 0.115388
 41.100000 3.759848 1.308484 1.525708 1.387586 0.722590
 41.200000 3.781924 1.358592 1.454577 1.418517 0.146441
 41.300000 3.769447 1.359873 1.450455 1.329774 0.418400
 41.400000 3.784066 1.416781 1.447977 1.308910 0.113790
 41.500000 3.800060 1.366864 1.453541 1.355860 0.000002
 41.600000 3.774473 1.312692 1.499014 1.378809 0.292063
 41.700000 3.782193 1.351456 1.520991 1.385792 0.142114
 41.800000 3.782701 1.364941 1.461811 1.343753 0.134119
 41.900000 3.762823 1.397393 1.458742 1.323750 0.619471
 42.000000 3.813708 1.375899 1.466071 1.356930 0.084225
 42.100000 3.782862 1.319654 1.444562 1.365276 0.131638
 42.200000 3.767907 1.339002 1.481872 1.406946 0.461633
 42.300000 3.780551 1.367243 1.479587 1.354812 0.169542
 42.400000 3.771600 1.370607 1.482337 1.336438 0.361501
 42.500000 3.792891 1.397400 1.476518 1.333167 0.022649
 42.600000 3.791356 1.337820 1.438945 1.354526 0.033489
 42.700000 3.783340 1.333913 1.479029 1.390737 0.124394
 42.800000 3.782195 1.344566 1.472426 1.380622 0.142081
 42.900000 3.765664 1.377701 1.487276 1.337701 0.528419
 43.000000 3.776241 1.404428 1.490444 1.340428 0.253001
 43.100000 3.795762 1.355698 1.439256 1.344152 0.008049
 43.200000 3.779159 1.317779 1.443812 1.420061 0.194682
 43.300000 3.778130 1.341401 1.446527 1.382457 0.214381
 43.400000 3.784578 1.379704 1.471539 1.344783 0.106600
 43.500000 3.760244 1.400164 1.505962 1.328483 0.708410
 43.600000 3.786106 1.355916 1.465305 1.362572 0.086517
 43.700000 3.787543 1.332470 1.470025 1.382939 0.069553
 43.800000 3.783878 1.332328 1.456398 1.378618 0.116501
 43.900000 3.792111 1.366434 1.431278 1.351842 0.027896
 44.000000 3.759270 1.402319 1.512534 1.323873 0.743519
 44.100000 3.785665 1.370611 1.474960 1.355533 0.092106
 44.200000 3.776418 1.330819 1.467159 1.381023 0.249247
 44.300000 3.800010 1.350483 1.473953 1.387460 0.000000
 44.400000 3.791210 1.331321 1.460713 1.344106 0.034627
 44.500000 3.777331 1.402700 1.455435 1.351416 0.230315
 44.600000 3.766872 1.407970 1.475327 1.326738 0.491869
 44.700000 3.763281 1.337894 1.491273 1.369647 0.604311
 44.800000 3.790837 1.347014 1.455868 1.412368 0.037631
 44.900000 3.782694 1.325340 1.458621 1.340311 0.134231
 45.000000 3.813953 1.388593 1.484221 1.347183 0.087263
 45.100000 3.771270 1.386480 1.483448 1.324653 0.369951
 45.200000 3.762453 1.375217 1.448315 1.368909 0.631851
 45.300000 3.768899 1.320343 1.486065 1.443085 0.433535
 45.400000 3.779296 1.331553 1.455904 1.352259 0.192127
 45.500000 3.807610 1.398610 1.442372 1.343052 0.025955
 45.600000 3.778975 1.380794 1.495105 1.303707 0.198127
 45.700000 3.811102 1.370483 1.481005 1.371307 0.055240
 45.800000 3.731180 1.331846 1.484323 1.397775 2.122748
 45.900000 3.772586 1.339498 1.458363 1.391809 0.336827
 46.000000 3.797749 1.387812 1.455221 1.333682 0.002272
 46.100000 3.778586 1.386862 1.475505 1.312478 0.205530
 46.200000 3.809156 1.355000 1.466756 1.354483 0.037573
 46.300000 3.767256 1.337700 1.513160 1.378884 0.480540
 46.400000 3.784709 1.347198 1.477912 1.385614 0.104798
 46.500000 3.776017 1.368394 1.446992 1.343802 0.257803
 46.600000 3.772036 1.400259 1.447422 1.338540 0.350494
 46.700000 3.799182 1.370198 1.434383 1.327875 0.000300
 46.800000 3.777574 1.338796 1.482397 1.390067 0.225414
 46.900000 3.777798 1.343074 1.484494 1.391027 0.220925
 47.000000 3.770529 1.355868 1.473986 1.350176 0.389274
 47.100000 3.780724 1.410681 1.478186 1.334055 0.166536
 47.200000 3.796787 1.347979 1.439128 1.334767 0.004628
 47.300000 3.787799 1.350882 1.440938 1.386130 0.066725
 47.400000 3.760938 1.322268 1.463562 1.409010 0.683888
 47.500000 3.780835 1.358734 1.476711 1.365715 0.164623
 47.600000 3.774095 1.402447 1.494608 1.338452 0.300763
 47.700000 3.791626 1.373736 1.474601 1.334101 0.031429
 47.800000 3.794707 1.331353 1.454512 1.393016 0.012558
 47.900000 3.766625 1.326277 1.454030 1.387364 0.499246
 48.000000 3.789252 1.351278 1.446522 1.372637 0.051777
 48.100000 3.749510 1.387254 1.489040 1.342659 1.142549
 48.200000 3.786520 1.384181 1.485519 1.340876 0.081438
 48.300000 3.803554 1.353943 1.494517 1.343361 0.005661
 48.400000 3.776401 1.318036 1.477707 1.399585 0.249609
 48.500000 3.800162 1.325047 1.438790 1.386428 0.000012
 48.600000 3.770299 1.394188 1.467207 1.348720 0.395381
 48.700000 3.756488 1.382116 1.487869 1.332057 0.848564
 48.800000 3.786109 1.385568 1.443566 1.364853 0.086485
 48.900000 3.758233 1.333494 1.471215 1.379293 0.781882
 49.000000 3.817905 1.296545 1.460392 1.386000 0.143692
 49.100000 3.815905 1.384266 1.479558 1.384065 0.113384
 49.200000 3.743810 1.400375 1.481180 1.298042 1.415106
 49.300000 3.791229 1.398079 1.460521 1.347769 0.034481
 49.400000 3.761630 1.337991 1.495408 1.390658 0.659875
 49.500000 3.769984 1.317881 1.435732 1.386676 0.403800
 49.600000 3.809922 1.370751 1.435794 1.374125 0.044127
 49.700000 3.773530 1.367726 1.491102 1.319977 0.314030
 49.800000 3.803153 1.421525 1.468448 1.312670 0.004455
 49.900000 3.759875 1.354069 1.481366 1.395084 0.721615
 50.000000 3.771185 1.315132 1.485497 1.391443 0.372136
