#! FIELDS time d1 d2 d3 d4 rest.bias
 0.000000 3.245421 1.332411 1.477560 1.321463 9.478146
 0.100000 3.061831 1.326359 1.503239 1.375646 0.652965
 0.200000 3.085303 1.374248 1.470529 1.352459 0.096813
 0.300000 3.083975 1.344955 1.410979 1.305091 0.115094
 0.400000 3.093394 1.338955 1.455512 1.409896 0.019560
 0.500000 3.112153 1.327349 1.524055 1.307223 0.066202
 0.600000 3.153755 1.391947 1.474942 1.326869 1.295122
 0.700000 3.045723 1.301627 1.527895 1.385998 1.320392
 0.800000 3.134268 1.358328 1.391228 1.335262 0.526309
 0.900000 3.075413 1.350733 1.487817 1.311403 0.270951
 1.000000 3.060304 1.367932 1.484159 1.411401 0.706275
 1.100000 3.166869 1.310781 1.485215 1.301891 2.004131
 1.200000 3.123304 1.356300 1.452151 1.321139 0.243411
 1.300000 3.042948 1.345782 1.504257 1.378786 1.458856
 1.400000 3.121214 1.342420 1.434835 1.344730 0.201702
 1.500000 3.069099 1.350234 1.452944 1.330229 0.427985
 1.600000 3.126180 1.368098 1.486392 1.360537 0.307201
 1.700000 3.111302 1.287208 1.501972 1.329823 0.057246
 1.800000 3.084708 1.392243 1.477733 1.384666 0.104806
 1.900000 3.085267 1.348098 1.434221 1.303611 0.097293
 2.000000 3.117139 1.317085 1.429549 1.365114 0.131660
 2.100000 3.053065 1.367056 1.500146 1.367266 0.987353
 2.200000 3.129842 1.370363 1.489266 1.319324 0.399154
 2.300000 3.148043 1.306863 1.462987 1.348148 1.034490
 2.400000 3.085386 1.365324 1.456736 1.396509 0.095721
 2.500000 3.072901 1.359028 1.443780 1.291373 0.329140
 2.600000 3.110929 1.333955 1.428092 1.368569 0.053535
 2.700000 3.090653 1.334034 1.483428 1.362117 0.039158
 2.800000 3.128277 1.371480 1.493219 1.302023 0.358366
 2.900000 3.108667 1.359118 1.493239 1.356888 0.033668
 3.000000 3.070927 1.318338 1.468056 1.381988 0.378828
 3.100000 3.130135 1.363478 1.421770 1.308287 0.407025
 3.200000 3.069199 1.368904 1.476594 1.359281 0.425201
 3.300000 3.086236 1.320875 1.479037 1.365752 0.084910
 3.400000 3.150748 1.342087 1.464024 1.327459 1.154278
 3.500000 3.076492 1.377760 1.477235 1.343225 0.247690
 3.600000 3.097488 1.323387 1.466491 1.344416 0.002827
 3.700000 3.110327 1.353024 1.457990 1.369588 0.047797
 3.800000 3.071427 1.356961 1.478694 1.331554 0.365908
 3.900000 3.149453 1.350194 1.456106 1.329046 1.096108
 4.000000 3.071147 1.326661 1.502521 1.371380 0.373118
 4.100000 3.080133 1.358829 1.463542 1.350295 0.176912
 4.200000 3.132469 1.340095 1.408514 1.296753 0.472519
 4.300000 3.084579 1.340598 1.466028 1.405820 0.106586
 4.400000 3.071275 1.344272 1.525675 1.339085 0.369825
 4.500000 3.143239 1.382045 1.476056 1.318207 0.837955
 4.600000 3.072587 1.321451 1.453448 1.351460 0.336821
 4.700000 3.118510 1.347723 1.442991 1.368045 0.153564
 4.800000 3.070259 1.347974 1.477784 1.296071 0.396443
 4.900000 3.095271 1.365310 1.470661 1.397489 0.010024
 5.000000 3.139019 1.303223 1.473336 1.317016 0.682386
 5.100000 3.099823 1.372132 1.461753 1.338711 0.000014
 5.200000 3.058087 1.347730 1.515061 1.368899 0.787360
 5.300000 3.132288 1.321116 1.413030 1.345469 0.467251
 5.400000 3.097068 1.344432 1.468112 1.307487 0.003852
 5.500000 3.082331 1.388699 1.466453 1.392033 0.139917
 5.600000 3.098245 1.289142 1.513899 1.322716 0.001381
 5.700000 3.118807 1.381700 1.444358 1.375035 0.158525
 5.800000 3.070881 1.341172 1.460428 1.301996 0.380026
 5.900000 3.158139 1.318125 1.466194 1.375187 1.514966
 6.000000 3.061777 1.364652 1.494121 1.369463 0.654835
 6.100000 3.140871 1.373317 1.473520 1.309003 0.748683
 6.200000 3.093620 1.314188 1.423875 1.346907 0.018246
 6.300000 3.049458 1.369450 1.465805 1.401889 1.144902
 6.400000 3.108073 1.355954 1.468962 1.280247 0.029212
 6.500000 3.151186 1.320616 1.469502 1.352531 1.174269
 6.600000 3.075764 1.344969 1.543423 1.394086 0.263275
 6.700000 3.108395 1.356458 1.417323 1.297502 0.031587
 6.800000 3.107806 1.346352 1.454464 1.354837 0.027309
 6.900000 3.071203 1.348671 1.463780 1.381408 0.371674
 7.000000 3.136800 1.331957 1.510140 1.311982 0.606956
 7.100000 3.109905 1.375388 1.468935 1.353624 0.043973
 7.200000 3.076012 1.308276 1.485245 1.339133 0.257913
 7.300000 3.147060 1.325620 1.413887 1.355297 0.992606
 7.400000 3.041121 1.386504 1.466929 1.334674 1.553796
 7.500000 3.103546 1.347820 1.488817 1.374393 0.005635
 7.600000 3.141909 1.288857 1.456042 1.346104 0.787188
 7.700000 3.103869 1.409045 1.512621 1.334190 0.006708
 7.800000 3.061843 1.324611 1.458512 1.332796 0.652550
 7.900000 3.133707 1.323288 1.424931 1.374737 0.509220
 8.000000 3.070922 1.384086 1.470435 1.321499 0.378973
 8.100000 3.133851 1.331796 1.477161 1.336006 0.513575
 8.200000 3.102826 1.314817 1.514213 1.390865 0.003578
 8.300000 3.040620 1.394879 1.462824 1.329215 1.580342
 8.400000 3.177216 1.341854 1.408861 1.314310 2.672287
 8.500000 3.058944 1.305367 1.466448 1.388092 0.755500
 8.600000 3.068344 1.378970 1.509421 1.339772 0.449137
 8.700000 3.156271 1.346148 1.470304 1.312926 1.419188
 8.800000 3.086629 1.321710 1.465517 1.372962 0.080125
 8.900000 3.101714 1.369583 1.486260 1.362576 0.001317
 9.000000 3.089796 1.363983 1.424085 1.299253 0.046671
 9.100000 3.084762 1.337232 1.459239 1.375925 0.104072
 9.200000 3.107695 1.335257 1.429731 1.349603 0.026538
 9.300000 3.109106 1.348597 1.503002 1.305442 0.037168
 9.400000 3.091828 1.376670 1.504982 1.386383 0.029934
 9.500000 3.104561 1.310676 1.468518 1.340824 0.009324
 9.600000 3.132868 1.372031 1.431003 1.324034 0.484191
 9.700000 3.061730 1.352802 1.482753 1.363022 0.656429
 9.800000 3.119710 1.335713 1.490801 1.362127 0.174117
 9.900000 3.096923 1.338903 1.445115 1.316580 0.004244
 10.000000 3.110339 1.369689 1.453094 1.363098 0.047911
 10.100000 3.069762 1.305895 1.479533 1.337465 0.409795
 10.200000 3.103021 1.395201 1.469732 1.351183 0.004090
 10.300000 3.109317 1.323219 1.483943 1.338605 0.038906
 10.400000 3.135898 1.319216 1.451757 1.343823 0.577595
 10.500000 3.082866 1.365611 1.512727 1.351462 0.131577
 10.600000 3.081707 1.346394 1.441845 1.345219 0.149989
 10.700000 3.102750 1.327427 1.446011 1.344031 0.003389
 10.800000 3.108735 1.387280 1.470931 1.369866 0.034198
 10.900000 3.098248 1.296470 1.510858 1.305886 0.001376
 11.000000 3.143028 1.373206 1.489382 1.377854 0.829818
 11.100000 3.051896 1.325815 1.473321 1.327655 1.037131
 11.200000 3.133674 1.354361 1.423363 1.356394 0.508237
 11.300000 3.058278 1.335355 1.468805 1.346832 0.780205
 11.400000 3.097958 1.357918 1.480049 1.351972 0.001869
 11.500000 3.166780 1.332434 1.489138 1.309636 1.998787
 11.600000 3.078659 1.371298 1.477466 1.361544 0.204135
 11.700000 3.068756 1.327387 1.478516 1.340779 0.437514
 11.800000 3.130294 1.359609 1.422836 1.341401 0.411318
 11.900000 3.060863 1.338049 1.479179 1.340094 0.686521
 12.000000 3.138394 1.340741 1.474736 1.373343 0.660682
 12.100000 3.107719 1.343766 1.497049 1.314992 0.026707
 12.200000 3.062452 1.364576 1.467734 1.365771 0.631906
 12.300000 3.131802 1.321702 1.445038 1.352815 0.453291
 12.400000 3.095033 1.345790 1.483712 1.318895 0.011057
 12.500000 3.055499 1.379904 1.501843 1.357181 0.887572
 12.600000 3.181130 1.290469 1.438253 1.368012 2.950057
 12.700000 3.070206 1.336623 1.455463 1.312330 0.397851
 12.800000 3.076028 1.426126 1.480721 1.376190 0.257554
 12.900000 3.098461 1.282970 1.466274 1.338548 0.001062
 13.000000 3.093738 1.352942 1.453813 1.367773 0.017573
 13.100000 3.112567 1.372887 1.488390 1.299235 0.070788
 13.200000 3.144502 1.293654 1.432999 1.346554 0.887621
 13.300000 3.053470 1.360910 1.495587 1.403255 0.970370
 13.400000 3.097107 1.380251 1.438923 1.320984 0.003752
 13.500000 3.114325 1.304055 1.466004 1.320149 0.091972
 13.600000 3.097804 1.366601 1.498409 1.418552 0.002162
 13.700000 3.109340 1.335952 1.492984 1.278397 0.039096
 13.800000 3.143217 1.352383 1.431879 1.345942 0.837109
 13.900000 3.052528 1.338041 1.434934 1.385808 1.010060
 14.000000 3.094561 1.358044 1.445117 1.321110 0.013260
 14.100000 3.100931 1.367564 1.497072 1.344041 0.000389
 14.200000 3.113448 1.318964 1.495759 1.380986 0.081051
 14.300000 3.135176 1.333349 1.435991 1.301836 0.554590
 14.400000 3.078669 1.394607 1.461664 1.337955 0.203934
 14.500000 3.049463 1.321197 1.474615 1.368561 1.144683
 14.600000 3.147341 1.355168 1.448797 1.342365 1.004504
 14.700000 3.102529 1.358618 1.505341 1.314228 0.002867
 14.800000 3.098797 1.326585 1.491089 1.396294 0.000649
 14.900000 3.117712 1.332592 1.458186 1.331763 0.140614
 15.000000 3.070445 1.375976 1.442250 1.333602 0.391505
 15.100000 3.103156 1.328342 1.450518 1.367244 0.004463
 15.200000 3.107246 1.317636 1.470659 1.350826 0.023531
 15.300000 3.098726 1.382018 1.513885 1.333736 0.000727
 15.400000 3.149973 1.347560 1.484951 1.337257 1.119301
 15.500000 3.080001 1.314041 1.454444 1.365911 0.179261
 15.600000 3.067739 1.373191 1.440403 1.358931 0.466460
 15.700000 3.112586 1.340690 1.431716 1.308902 0.070996
 15.800000 3.111032 1.323903 1.488444 1.380248 0.054552
 15.900000 3.120746 1.353070 1.511614 1.338812 0.192905
 16.000000 3.112131 1.353670 1.471639 1.307214 0.065955
 16.100000 3.058803 1.351031 1.462219 1.404671 0.760679
 16.200000 3.111130 1.325184 1.390497 1.338123 0.055521
 16.300000 3.090873 1.358033 1.481341 1.302391 0.037337
 16.400000 3.082378 1.357590 1.500268 1.392153 0.139187
 16.500000 3.144791 1.302730 1.490649 1.324265 0.899189
 16.600000 3.112300 1.368562 1.484501 1.333020 0.067804
 16.700000 3.055463 1.376146 1.459069 1.354580 0.889041
 16.800000 3.120384 1.305136 1.435482 1.336034 0.186225
 16.900000 3.088591 1.369555 1.461916 1.343454 0.058339
 17.000000 3.108829 1.343309 1.472828 1.341934 0.034937
 17.100000 3.134627 1.323402 1.505988 1.337804 0.537404
 17.200000 3.050772 1.378747 1.487557 1.368228 1.086175
 17.300000 3.106606 1.328568 1.441261 1.325787 0.019560
 17.400000 3.132969 1.318196 1.458458 1.341326 0.487169
 17.500000 3.057625 1.384291 1.519383 1.370469 0.804791
 17.600000 3.125783 1.329307 1.470990 1.331963 0.297940
 17.700000 3.116399 1.340045 1.429984 1.332677 0.120529
 17.800000 3.046247 1.352363 1.462599 1.364861 1.295019
 17.900000 3.133077 1.339953 1.453854 1.337895 0.490381
 18.000000 3.076202 1.357630 1.529381 1.331619 0.253838
 18.100000 3.101568 1.343814 1.457191 1.373069 0.001102
 18.200000 3.126558 1.322888 1.426043 1.322889 0.316121
 18.300000 3.067700 1.364609 1.451895 1.353307 0.467604
 18.400000 3.088578 1.343786 1.516813 1.356760 0.058470
 18.500000 3.169274 1.331952 1.467990 1.341871 2.150846
 18.600000 3.079498 1.363490 1.507606 1.313563 0.188388
 18.700000 3.100103 1.342793 1.470295 1.371431 0.000005
 18.800000 3.086796 1.332150 1.441619 1.327553 0.078147
 18.900000 3.081345 1.373728 1.459618 1.358197 0.155970
 19.000000 3.120041 1.337647 1.469752 1.349671 0.180009
 19.100000 3.113993 1.341858 1.471501 1.337532 0.087754
 19.200000 3.082016 1.351849 1.500184 1.349666 0.144965
 19.300000 3.128617 1.329816 1.437398 1.330063 0.367046
 19.400000 3.098525 1.347755 1.455569 1.334769 0.000975
 19.500000 3.069294 1.360082 1.472968 1.397083 0.422598
 19.600000 3.092014 1.344154 1.491613 1.316076 0.028582
 19.700000 3.117516 1.355044 1.445796 1.356927 0.137505
 19.800000 3.085179 1.331417 1.459542 1.350262 0.098457
 19.900000 3.106967 1.349778 1.470174 1.335516 0.021754
 20.000000 3.093022 1.353128 1.510190 1.357091 0.021825
 20.100000 3.117364 1.327233 1.438734 1.343288 0.135139
 20.200000 3.109288 1.346984 1.433473 1.320856 0.038661
 20.300000 3.072478 1.363204 1.469780 1.385765 0.339495
 20.400000 3.086760 1.325320 1.464280 1.334023 0.078569
 20.500000 3.129593 1.376247 1.482433 1.346769 0.392497
 20.600000 3.072729 1.329871 1.509760 1.343267 0.333341
 20.700000 3.123552 1.340422 1.445027 1.352587 0.248619
 20.800000 3.088865 1.363938 1.465820 1.344026 0.055570
 20.900000 3.084607 1.335509 1.460992 1.339442 0.106196
 21.000000 3.134174 1.344828 1.479477 1.351302 0.523426
 21.100000 3.076305 1.359217 1.477665 1.346481 0.251651
 21.200000 3.106123 1.338459 1.491083 1.346806 0.016804
 21.300000 3.095020 1.350837 1.448487 1.352221 0.011116
 21.400000 3.061137 1.355061 1.431093 1.346225 0.676914
 21.500000 3.117608 1.335825 1.467996 1.336376 0.138958
 21.600000 3.107410 1.339587 1.483242 1.357430 0.024610
 21.700000 3.100993 1.352381 1.499636 1.337323 0.000442
 21.800000 3.122582 1.329321 1.448793 1.333445 0.228560
 21.900000 3.075069 1.350818 1.459660 1.348510 0.278585
 22.000000 3.091285 1.354284 1.472683 1.365712 0.034043
 22.100000 3.117966 1.331394 1.478947 1.310340 0.144667
 22.200000 3.097529 1.369310 1.469912 1.361608 0.002736
 22.300000 3.087576 1.336905 1.464250 1.350237 0.069180
 22.400000 3.112405 1.332425 1.430255 1.324944 0.068969
 22.500000 3.087195 1.361487 1.470608 1.359650 0.073495
 22.600000 3.109887 1.331728 1.511090 1.346287 0.043813
 22.700000 3.114689 1.332426 1.496939 1.312807 0.096709
 22.800000 3.103095 1.377076 1.450815 1.376233 0.004293
 22.900000 3.078001 1.312711 1.445408 1.339467 0.216902
 23.000000 3.101644 1.356519 1.429088 1.338489 0.001212
 23.100000 3.103713 1.361134 1.494179 1.347558 0.006179
 23.200000 3.126226 1.307846 1.499003 1.335611 0.308274
 23.300000 3.123827 1.338210 1.527883 1.340354 0.254457
 23.400000 3.064262 1.399539 1.453536 1.350600 0.572437
 23.500000 3.082263 1.307662 1.438346 1.330671 0.140997
 23.600000 3.121810 1.360597 1.425809 1.361705 0.213206
 23.700000 3.085584 1.341004 1.494453 1.335335 0.093141
 23.800000 3.122404 1.342845 1.486307 1.363879 0.224974
 23.900000 3.078727 1.354400 1.482517 1.345890 0.202832
 24.000000 3.101908 1.373891 1.433812 1.348979 0.001631
 24.100000 3.107420 1.301162 1.476458 1.335236 0.024675
 24.200000 3.109246 1.381655 1.469572 1.345336 0.038313
 24.300000 3.069875 1.343365 1.474570 1.332297 0.406758
 24.400000 3.115361 1.338484 1.437803 1.376023 0.105761
 24.500000 3.071532 1.323039 1.479498 1.336862 0.363229
 24.600000 3.106190 1.401634 1.487548 1.331852 0.017171
 24.700000 3.110045 1.300957 1.509234 1.343117 0.045228
 24.800000 3.119387 1.348466 1.434805 1.376490 0.168453
 24.900000 3.070833 1.354789 1.470261 1.310368 0.381281
 25.000000 3.107539 1.361825 1.444985 1.373629 0.025471
 25.100000 3.077199 1.304907 1.508894 1.352342 0.233018
 25.200000 3.137696 1.376733 1.457981 1.333924 0.636894
 25.300000 3.062136 1.325751 1.463075 1.317760 0.642565
 25.400000 3.102969 1.350660 1.445588 1.396187 0.003950
 25.500000 3.068421 1.332303 1.490854 1.322133 0.446959
 25.600000 3.145390 1.380327 1.478327 1.346033 0.923398
 25.700000 3.112873 1.281593 1.495391 1.333465 0.074272
 25.800000 3.099007 1.374086 1.445735 1.360010 0.000442
 25.900000 3.070608 1.353871 1.462107 1.315352 0.387199
 26.000000 3.132008 1.333397 1.443741 1.371490 0.459180
 26.100000 3.058316 1.336755 1.540571 1.336532 0.778774
 26.200000 3.122567 1.400908 1.451647 1.353762 0.228255
 26.300000 3.097382 1.300559 1.446979 1.316914 0.003071
 26.400000 3.088983 1.356766 1.440818 1.397996 0.054396
 26.500000 3.095012 1.350652 1.484607 1.285525 0.011153
 26.600000 3.142942 1.335941 1.467404 1.369948 0.826473
 26.700000 3.070292 1.334160 1.510847 1.342303 0.395567
 26.800000 3.123797 1.381583 1.437018 1.358250 0.253819
 26.900000 3.032896 1.320040 1.446048 1.325463 2.018234
 27.000000 3.126148 1.376926 1.471924 1.406132 0.306447
 27.100000 3.132847 1.304473 1.479667 1.288854 0.483574
 27.200000 3.106500 1.369214 1.458100 1.370266 0.018938
 27.300000 3.067206 1.337814 1.487661 1.342440 0.482025
 27.400000 3.113795 1.354979 1.415504 1.347367 0.085300
 27.500000 3.083475 1.335943 1.514566 1.341060 0.122394
 27.600000 3.122078 1.365344 1.434840 1.371035 0.218461
 27.700000 3.091009 1.312919 1.479269 1.321224 0.036231
 27.800000 3.099680 1.382471 1.442968 1.374287 0.000046
 27.900000 3.075418 1.312335 1.451969 1.314423 0.270842
 28.000000 3.148740 1.361187 1.465013 1.361318 1.064726
 28.100000 3.072848 1.328514 1.542564 1.359689 0.330417
 28.200000 3.125129 1.377185 1.464341 1.358697 0.283026
 28.300000 3.095118 1.324174 1.433946 1.323028 0.010684
 28.400000 3.097466 1.368909 1.437794 1.384699 0.002878
 28.500000 3.085523 1.324310 1.484822 1.305287 0.093941
 28.600000 3.136931 1.370370 1.455604 1.345217 0.611295
 28.700000 3.042217 1.321287 1.508219 1.359226 1.496462
 28.800000 3.116440 1.367640 1.450709 1.345378 0.121144
 28.900000 3.094955 1.327532 1.495183 1.332937 0.011408
 29.000000 3.119042 1.363843 1.453293 1.357048 0.162512
 29.100000 3.115015 1.302651 1.471849 1.320503 0.101051
 29.200000 3.089609 1.381638 1.430335 1.378914 0.048390
 29.300000 3.054258 1.327793 1.477932 1.323182 0.937776
 29.400000 3.141195 1.361604 1.472940 1.349402 0.760620
 29.500000 3.063058 1.331964 1.546657 1.342765 0.611652
 29.600000 3.139015 1.359001 1.466272 1.344294 0.682243
 29.700000 3.080897 1.319384 1.449274 1.323566 0.163561
 29.800000 3.098936 1.370226 1.439320 1.379490 0.000508
 29.900000 3.089650 1.326389 1.473972 1.301534 0.048015
 30.000000 3.121608 1.361390 1.486709 1.370118 0.209273
 30.100000 3.087081 1.326704 1.511396 1.325445 0.074808
 30.200000 3.120623 1.350641 1.455610 1.356263 0.190624
 30.300000 3.072622 1.349560 1.478134 1.331817 0.335959
 30.400000 3.114477 1.340312 1.441762 1.362901 0.093932
 30.500000 3.109404 1.330373 1.481267 1.318491 0.039633
 30.600000 3.105844 1.350345 1.451187 1.356610 0.015305
 30.700000 3.089937 1.334251 1.500647 1.332859 0.045388
 30.800000 3.091224 1.364526 1.483917 1.366142 0.034517
 30.900000 3.093002 1.338313 1.468675 1.321316 0.021948
 31.000000 3.133554 1.355742 1.455057 1.360917 0.504615
 31.100000 3.059117 1.336519 1.461857 1.329905 0.749145
 31.200000 3.129757 1.359989 1.441872 1.381502 0.396884
 31.300000 3.102470 1.316408 1.458818 1.319026 0.002735
 31.400000 3.095928 1.370470 1.502142 1.355443 0.007431
 31.500000 3.099351 1.338053 1.533054 1.349612 0.000189
 31.600000 3.115855 1.328706 1.440420 1.344815 0.112666
 31.700000 3.093632 1.367242 1.454015 1.322354 0.018178
 31.800000 3.088479 1.346959 1.414108 1.387442 0.059489
 31.900000 3.094236 1.317043 1.471867 1.333923 0.014891
 32.000000 3.114749 1.396123 1.464900 1.350764 0.097496
 32.100000 3.097511 1.326067 1.473603 1.329897 0.002776
 32.200000 3.099990 1.331657 1.458099 1.367147 0.000000
 32.300000 3.072706 1.379738 1.494736 1.342431 0.333889
 32.400000 3.150067 1.339258 1.436061 1.317385 1.123490
 32.500000 3.098914 1.302103 1.459204 1.352657 0.000528
 32.600000 3.072476 1.386926 1.455268 1.345322 0.339537
 32.700000 3.100943 1.320541 1.464113 1.338192 0.000399
 32.800000 3.095115 1.353607 1.487324 1.375489 0.010695
 32.900000 3.089839 1.352972 1.481449 1.333215 0.046277
 33.000000 3.144761 1.344694 1.457442 1.313684 0.897995
 33.100000 3.081637 1.332196 1.480723 1.378612 0.151140
 33.200000 3.108993 1.359218 1.449044 1.334761 0.036248
 33.300000 3.122627 1.336275 1.482106 1.332682 0.229472
 33.400000 3.065258 1.365652 1.494973 1.356027 0.540966
 33.500000 3.101436 1.326538 1.478547 1.338204 0.000924
 33.600000 3.112629 1.347002 1.445937 1.320736 0.071480
 33.700000 3.068654 1.360979 1.490828 1.372663 0.440402
 33.800000 3.139664 1.309247 1.476035 1.365354 0.705110
 33.900000 3.115853 1.349569 1.484321 1.311394 0.112641
 34.000000 3.093390 1.371424 1.491470 1.356937 0.019581
 34.100000 3.087062 1.320480 1.447858 1.373295 0.075021
 34.200000 3.088028 1.370642 1.447140 1.338117 0.064243
 34.300000 3.092008 1.366864 1.433866 1.340847 0.028630
 34.400000 3.129465 1.305291 1.452450 1.359280 0.389126
 34.500000 3.067892 1.348723 1.486254 1.334768 0.462070
 34.600000 3.094721 1.382805 1.475651 1.348990 0.012490
 34.700000 3.132806 1.308286 1.483667 1.337905 0.482358
 34.800000 3.096187 1.340992 1.473390 1.381579 0.006515
 34.900000 3.101398 1.376723 1.478720 1.323020 0.000876
 35.000000 3.100400 1.336115 1.433065 1.334179 0.000072
 35.100000 3.092017 1.338381 1.463506 1.365072 0.028563
 35.200000 3.109072 1.352234 1.463638 1.336192 0.036890
 35.300000 3.076242 1.348779 1.518930 1.324457 0.252975
 35.400000 3.103983 1.351961 1.476986 1.388728 0.007109
 35.500000 3.096781 1.327280 1.433149 1.323294 0.004645
 35.600000 3.112145 1.351026 1.469116 1.350628 0.066113
 35.700000 3.082760 1.345805 1.482975 1.337414 0.133217
 35.800000 3.128096 1.333828 1.486078 1.359622 0.353797
 35.900000 3.085524 1.341684 1.467407 1.325331 0.093917
 36.000000 3.101053 1.366195 1.452290 1.373270 0.000497
 36.100000 3.052444 1.332120 1.477133 1.336229 1.013620
 36.200000 3.113729 1.353050 1.446796 1.355209 0.084484
 36.300000 3.123805 1.330307 1.485788 1.320260 0.253983
 36.400000 3.113429 1.348869 1.464141 1.350691 0.080826
 36.500000 3.088410 1.335580 1.507552 1.339335 0.060205
 36.600000 3.094702 1.359300 1.450731 1.350477 0.012581
 36.700000 3.100524 1.341813 1.484872 1.321707 0.000123
 36.800000 3.099801 1.349388 1.472296 1.383017 0.000018
 36.900000 3.091661 1.339009 1.463735 1.325771 0.031167
 37.000000 3.129837 1.349854 1.445991 1.343069 0.399008
 37.100000 3.079319 1.315573 1.454241 1.355216 0.191696
 37.200000 3.102556 1.364416 1.480375 1.329789 0.002928
 37.300000 3.080210 1.336942 1.500946 1.346909 0.175537
 37.400000 3.121678 1.345995 1.469086 1.365520 0.210625
 37.500000 3.119411 1.327661 1.464991 1.330771 0.168879
 37.600000 3.071481 1.368122 1.448393 1.351511 0.364525
 37.700000 3.111384 1.330733 1.472374 1.337273 0.058085
 37.800000 3.140994 1.334367 1.438106 1.344001 0.753194
 37.900000 3.068687 1.354525 1.533023 1.354705 0.439453
 38.000000 3.074890 1.370614 1.450021 1.339565 0.282594
 38.100000 3.093769 1.316798 1.468324 1.346913 0.017399
 38.200000 3.121812 1.361212 1.453086 1.346591 0.213228
 38.300000 3.110141 1.321818 1.479505 1.319411 0.046089
 38.400000 3.116426 1.362253 1.464009 1.386440 0.120931
 38.500000 3.057707 1.337941 1.445181 1.314620 0.801706
 38.600000 3.137733 1.371607 1.454170 1.360119 0.638130
 38.700000 3.062568 1.313583 1.512605 1.354329 0.627995
 38.800000 3.126451 1.387969 1.505481 1.349846 0.313584
 38.900000 3.111566 1.326743 1.442267 1.307216 0.059957
 39.000000 3.094877 1.350930 1.409594 1.372110 0.011763
 39.100000 3.065677 1.336712 1.460944 1.328536 0.528020
 39.200000 3.125792 1.362854 1.464776 1.342316 0.298157
 39.300000 3.095810 1.337842 1.522012 1.345361 0.007870
 39.400000 3.107077 1.336802 1.465490 1.360078 0.022447
 39.500000 3.103263 1.342332 1.481959 1.318802 0.004771
 39.600000 3.073522 1.351914 1.422921 1.376520 0.314223
 39.700000 3.122942 1.325385 1.438721 1.326803 0.235912
 39.800000 3.126262 1.346645 1.484651 1.343678 0.309109
 39.900000 3.068467 1.341371 1.520273 1.362608 0.445666
 40.000000 3.127359 1.351419 1.463632 1.344976 0.335481
 40.100000 3.070035 1.339646 1.425514 1.298513 0.402433
 40.200000 3.099956 1.351928 1.487666 1.403325 0.000001
 40.300000 3.097232 1.325226 1.459367 1.300454 0.003434
 40.400000 3.120277 1.364476 1.450897 1.340405 0.184275
 40.500000 3.094180 1.339170 1.476302 1.363184 0.015181
 40.600000 3.101593 1.332471 1.462116 1.331425 0.001138
 40.700000 3.095759 1.374188 1.515800 1.339166 0.008062
 40.800000 3.086867 1.330499 1.459167 1.359059 0.077303
 40.900000 3.134480 1.320502 1.465781 1.327551 0.532858
 41.000000 3.073427 1.375420 1.436662 1.361577 0.316477
 41.100000 3.095687 1.335280 1.486800 1.332191 0.008339
 41.200000 3.138732 1.331470 1.453347 1.346316 0.672360
 41.300000 3.086130 1.351095 1.487605 1.359111 0.086225
 41.400000 3.089069 1.352151 1.467304 1.329496 0.053551
 41.500000 3.064119 1.325120 1.426837 1.352634 0.577032
 41.600000 3.123097 1.374370 1.461929 1.354031 0.239111
 41.700000 3.109097 1.317443 1.461461 1.317186 0.037089
 41.800000 3.118792 1.360292 1.490293 1.373987 0.158278
 41.900000 3.066114 1.329758 1.479441 1.340841 0.514650
 42.000000 3.128678 1.352039 1.442048 1.341849 0.368603
 42.100000 3.087080 1.324658 1.493418 1.347555 0.074816
 42.200000 3.073323 1.362645 1.452961 1.358811 0.318956
 42.300000 3.126891 1.337248 1.490620 1.335001 0.324099
 42.400000 3.106607 1.344932 1.428334 1.323810 0.019562
 42.500000 3.104015 1.342516 1.513337 1.371177 0.007225
 42.600000 3.095181 1.357346 1.456039 1.349294 0.010409
 42.700000 3.078752 1.339408 1.464206 1.332275 0.202350
 42.800000 3.094786 1.351197 1.449681 1.368532 0.012183
 42.900000 3.081472 1.310929 1.466987 1.318865 0.153868
 43.000000 3.124906 1.390578 1.500815 1.353599 0.278026
 43.100000 3.074549 1.306468 1.468679 1.345119 0.290317
 43.200000 3.161655 1.365903 1.457345 1.353859 1.703737
 43.300000 3.063342 1.344137 1.478966 1.339110 0.602303
 43.400000 3.105405 1.328393 1.468831 1.351700 0.013095
 43.500000 3.107320 1.345376 1.465128 1.325002 0.024016
 43.600000 3.095285 1.365311 1.464459 1.350526 0.009962
 43.700000 3.097046 1.318869 1.483970 1.352882 0.003910
 43.800000 3.080959 1.362860 1.437352 1.329526 0.162504
 43.900000 3.121348 1.349290 1.491465 1.323062 0.204270
 44.000000 3.107175 1.315445 1.444690 1.363658 0.023073
 44.100000 3.097596 1.353541 1.498995 1.332628 0.002590
 44.200000 3.077364 1.370572 1.467720 1.343517 0.229643
 44.300000 3.096013 1.319551 1.436986 1.347379 0.007126
 44.400000 3.130227 1.336278 1.465908 1.377167 0.409510
 44.500000 3.070426 1.380522 1.480117 1.313034 0.392009
 44.600000 3.141075 1.337365 1.503351 1.368371 0.756186
 44.700000 3.100433 1.309503 1.444829 1.347548 0.000084
 44.800000 3.095493 1.372185 1.475148 1.324055 0.009104
 44.900000 3.073117 1.340143 1.474027 1.364073 0.323920
 45.000000 3.095231 1.341563 1.443366 1.366819 0.010192
 45.100000 3.116228 1.353858 1.463277 1.327401 0.118028
 45.200000 3.096678 1.345102 1.476417 1.351186 0.004947
 45.300000 3.103802 1.337012 1.513589 1.346529 0.006479
 45.400000 3.126905 1.341895 1.453037 1.327559 0.324447
 45.500000 3.090796 1.352117 1.471339 1.337400 0.037972
 45.600000 3.073337 1.346067 1.450051 1.366504 0.318628
 45.700000 3.078718 1.349360 1.463831 1.337682 0.203010
 45.800000 3.119088 1.356867 1.461800 1.340860 0.163305
 45.900000 3.128571 1.306081 1.476060 1.346925 0.365875
 46.000000 3.107494 1.377583 1.479222 1.348703 0.025171
 46.100000 3.052082 1.350045 1.463020 1.322071 1.029129
 46.200000 3.124074 1.335828 1.439833 1.381718 0.259767
 46.300000 3.075249 1.332338 1.472565 1.336869 0.274572
 46.400000 3.107933 1.394270 1.471624 1.344935 0.028203
 46.500000 3.110392 1.302804 1.495182 1.337885 0.048407
 46.600000 3.106725 1.346699 1.434187 1.362830 0.020270
 46.700000 3.084717 1.360320 1.478232 1.324236 0.104685
 46.800000 3.084256 1.354588 1.432884 1.353319 0.111100
 46.900000 3.091129 1.321000 1.495607 1.363639 0.035269
 47.000000 3.126879 1.366179 1.465160 1.329612 0.323811
 47.100000 3.091219 1.335726 1.492944 1.324326 0.034555
 47.200000 3.111868 1.344916 1.473225 1.389329 0.063131
 47.300000 3.089955 1.335676 1.434712 1.305662 0.045221
 47.400000 3.118349 1.359748 1.461210 1.339647 0.150904
 47.500000 3.049090 1.323104 1.479767 1.368827 1.161636
 47.600000 3.110074 1.369659 1.470948 1.343582 0.045486
 47.700000 3.105768 1.334050 1.459424 1.313598 0.014911
 47.800000 3.109904 1.339957 1.466122 1.386913 0.043966
 47.900000 3.095288 1.326762 1.497097 1.322937 0.009950
 48.000000 3.120418 1.366717 1.448564 1.314114 0.186856
 48.100000 3.104647 1.331277 1.489742 1.355471 0.009679
 48.200000 3.093259 1.332172 1.452724 1.362274 0.020368
 48.300000 3.082041 1.362498 1.499189 1.315874 0.144559
 48.400000 3.097372 1.347374 1.451633 1.368524 0.003095
 48.500000 3.108712 1.295450 1.471490 1.349086 0.034019
 48.600000 3.114504 1.397634 1.442303 1.342013 0.094281
 48.700000 3.094364 1.323633 1.469952 1.325233 0.014239
 48.800000 3.141821 1.327677 1.467837 1.377667 0.783902
 48.900000 3.062844 1.359023 1.490657 1.308094 0.618784
 49.000000 3.122921 1.374557 1.500799 1.373710 0.235467
 49.100000 3.082607 1.304230 1.467605 1.337980 0.135594
 49.200000 3.112196 1.359889 1.424524 1.367103 0.066666
 49.300000 3.077605 1.354375 1.433798 1.304360 0.224779
 49.400000 3.103820 1.341771 1.463971 1.380494 0.006541
 49.500000 3.089398 1.333130 1.537237 1.340503 0.050376
 49.600000 3.162119 1.381747 1.450011 1.317876 1.729523
 49.700000 3.113191 1.324592 1.514242 1.334469 0.077988
 49.800000 3.056155 1.345045 1.435198 1.399348 0.861612
 49.900000 3.105095 1.368306 1.424787 1.311680 0.011635
 50.000000 3.110898 1.351552 1.442189 1.342897 0.053228
