#! FIELDS time d1 d2 d3 d4 rest.bias
 0.000000 1.795527 1.501040 1.394151 1.461954 0.008969
 0.100000 1.730498 1.527467 1.372366 1.530358 2.165015
 0.200000 1.719598 1.526793 1.297502 1.517417 2.897362
 0.300000 1.711569 1.507625 1.342267 1.480735 3.504943
 0.400000 1.721209 1.545617 1.405116 1.508180 2.782417
 0.500000 1.781475 1.474261 1.332919 1.499354 0.153815
 0.600000 1.808605 1.553088 1.316072 1.554992 0.033187
 0.700000 1.752039 1.521401 1.365369 1.487920 1.030996
 0.800000 1.735252 1.489324 1.380548 1.529954 1.879017
 0.900000 1.723114 1.513097 1.303857 1.537823 2.649511
 1.000000 1.711586 1.538243 1.335376 1.501296 3.503580
 1.100000 1.733696 1.492636 1.378775 1.514491 1.970407
 1.200000 1.761284 1.493865 1.376762 1.521744 0.671835
 1.300000 1.788578 1.543994 1.310203 1.551694 0.058468
 1.400000 1.742605 1.520442 1.348643 1.491590 1.476464
 1.500000 1.714396 1.539024 1.374087 1.523637 3.284419
 1.600000 1.727881 1.510870 1.324345 1.550629 2.331163
 1.700000 1.725001 1.543665 1.301503 1.481438 2.521057
 1.800000 1.747781 1.576034 1.400706 1.494598 1.222165
 1.900000 1.767172 1.458612 1.368487 1.503539 0.483024
 2.000000 1.748195 1.571845 1.321829 1.572072 1.202880
 2.100000 1.712384 1.521118 1.328193 1.455938 3.440608
 2.200000 1.708404 1.508228 1.377873 1.522778 3.760357
 2.300000 1.747918 1.522075 1.342114 1.560093 1.215749
 2.400000 1.758475 1.484004 1.310486 1.477481 0.772850
 2.500000 1.751569 1.587551 1.366378 1.583604 1.051272
 2.600000 1.782942 1.460708 1.372883 1.506608 0.130421
 2.700000 1.748008 1.487026 1.332915 1.531262 1.211538
 2.800000 1.698464 1.562997 1.328417 1.535574 4.620700
 2.900000 1.717201 1.456990 1.347570 1.473520 3.072744
 3.000000 1.743523 1.502045 1.399739 1.588417 1.429625
 3.100000 1.764259 1.528354 1.306852 1.499519 0.572554
 3.200000 1.812844 1.527079 1.324864 1.520802 0.073944
 3.300000 1.785834 1.471801 1.383765 1.572671 0.089945
 3.400000 1.736628 1.498869 1.363772 1.493552 1.799953
 3.500000 1.713279 1.546587 1.291533 1.512600 3.370708
 3.600000 1.716875 1.502917 1.350426 1.522036 3.096942
 3.700000 1.761786 1.489749 1.409814 1.462511 0.654494
 3.800000 1.793066 1.538430 1.374141 1.498423 0.021551
 3.900000 1.792854 1.523737 1.292950 1.504816 0.022887
 4.000000 1.772574 1.512713 1.357818 1.510768 0.337125
 4.100000 1.733516 1.535760 1.361506 1.507939 1.981119
 4.200000 1.747485 1.534172 1.310521 1.475661 1.236035
 4.300000 1.749864 1.505126 1.318336 1.527842 1.126625
 4.400000 1.756661 1.483737 1.411586 1.512579 0.841856
 4.500000 1.759610 1.510905 1.374481 1.473400 0.731166
 4.600000 1.750884 1.520421 1.326453 1.554149 1.081249
 4.700000 1.743539 1.489861 1.316676 1.502875 1.428801
 4.800000 1.719354 1.534637 1.384628 1.485375 2.915005
 4.900000 1.746088 1.536702 1.332606 1.550728 1.302716
 5.000000 1.775413 1.506473 1.305238 1.512144 0.270957
 5.100000 1.736563 1.534677 1.375797 1.506014 1.803679
 5.200000 1.742047 1.523464 1.393586 1.502266 1.505306
 5.300000 1.726301 1.512700 1.311442 1.486551 2.434431
 5.400000 1.694921 1.553287 1.331149 1.540455 4.948815
 5.500000 1.724086 1.531948 1.389304 1.476110 2.582918
 5.600000 1.759859 1.555460 1.355386 1.501697 0.722201
 5.700000 1.775041 1.527396 1.305632 1.569155 0.279211
 5.800000 1.766168 1.508698 1.354930 1.504401 0.513010
 5.900000 1.714873 1.563473 1.376213 1.532190 3.247960
 6.000000 1.714734 1.481446 1.338829 1.510573 3.258568
 6.100000 1.699839 1.504300 1.312169 1.516948 4.496454
 6.200000 1.717501 1.568204 1.389137 1.533932 3.050504
 6.300000 1.760415 1.465625 1.356025 1.479258 0.702333
 6.400000 1.771447 1.542353 1.324814 1.593105 0.365399
 6.500000 1.761667 1.493061 1.328176 1.532191 0.658600
 6.600000 1.718669 1.488987 1.367068 1.517091 2.964702
 6.700000 1.705047 1.544758 1.333958 1.552514 4.041018
 6.800000 1.747569 1.468255 1.336864 1.477565 1.232121
 6.900000 1.741788 1.555959 1.364077 1.549019 1.518806
 7.000000 1.767451 1.495777 1.370548 1.484150 0.474852
 7.100000 1.772027 1.472940 1.330649 1.523567 0.350710
 7.200000 1.744812 1.579347 1.323617 1.534632 1.365073
 7.300000 1.731555 1.489841 1.333942 1.439361 2.099664
 7.400000 1.743910 1.542711 1.348899 1.578509 1.410087
 7.500000 1.777008 1.521747 1.321979 1.474917 0.236941
 7.600000 1.771155 1.497686 1.380963 1.474425 0.372908
 7.700000 1.744473 1.506246 1.361113 1.558200 1.381915
 7.800000 1.742707 1.482861 1.330344 1.482950 1.471232
 7.900000 1.715599 1.543117 1.341483 1.531379 3.192789
 8.000000 1.738961 1.501265 1.342742 1.496517 1.669901
 8.100000 1.800179 1.526498 1.329984 1.530278 0.000014
 8.200000 1.786947 1.507022 1.351978 1.549424 0.076367
 8.300000 1.733558 1.488407 1.355356 1.479312 1.978617
 8.400000 1.718815 1.528120 1.361464 1.553580 2.954079
 8.500000 1.710124 1.479949 1.325723 1.511373 3.620426
 8.600000 1.729761 1.558957 1.361229 1.481175 2.211218
 8.700000 1.763261 1.532254 1.364420 1.500888 0.604950
 8.800000 1.799612 1.539702 1.321021 1.534435 0.000068
 8.900000 1.743266 1.585446 1.332427 1.506364 1.442626
 9.000000 1.701153 1.509019 1.369455 1.516036 4.379251
 9.100000 1.710288 1.522335 1.344043 1.524634 3.607192
 9.200000 1.724424 1.531293 1.329699 1.493960 2.560030
 9.300000 1.754969 1.530652 1.384184 1.530167 0.908844
 9.400000 1.777642 1.524505 1.376021 1.515311 0.224040
 9.500000 1.754506 1.487071 1.318856 1.563923 0.927631
 9.600000 1.735195 1.514077 1.343523 1.552343 1.882313
 9.700000 1.710324 1.509851 1.352902 1.501997 3.604352
 9.800000 1.728216 1.502073 1.332931 1.577468 2.309521
 9.900000 1.740447 1.493091 1.320516 1.521928 1.589552
 10.000000 1.765953 1.534449 1.389447 1.508530 0.519564
 10.100000 1.767950 1.485317 1.379366 1.536042 0.460381
 10.200000 1.741031 1.487284 1.313226 1.509916 1.558549
 10.300000 1.736521 1.529714 1.338106 1.544907 1.806055
 10.400000 1.728094 1.482203 1.360784 1.488997 2.317411
 10.500000 1.746053 1.551988 1.338675 1.534738 1.304403
 10.600000 1.772664 1.499109 1.310014 1.509996 0.334910
 10.700000 1.809966 1.513635 1.373801 1.495987 0.044520
 10.800000 1.788874 1.538945 1.392504 1.512121 0.055479
 10.900000 1.748507 1.471966 1.324162 1.500999 1.188410
 11.000000 1.721764 1.540786 1.306977 1.512796 2.743402
 11.100000 1.733167 1.504891 1.368788 1.468549 2.001964
 11.200000 1.751572 1.495852 1.351510 1.525950 1.051158
 11.300000 1.798408 1.557616 1.307482 1.523348 0.001137
 11.400000 1.795521 1.490227 1.343878 1.489585 0.008990
 11.500000 1.764726 1.497566 1.404447 1.540277 0.557663
 11.600000 1.719594 1.491790 1.323474 1.495099 2.897704
 11.700000 1.706866 1.536185 1.304489 1.522166 3.887685
 11.800000 1.715416 1.520135 1.364420 1.504116 3.206657
 11.900000 1.769755 1.522500 1.387641 1.502143 0.409984
 12.000000 1.791056 1.527634 1.314907 1.537620 0.035850
 12.100000 1.765100 1.524453 1.337028 1.490521 0.545909
 12.200000 1.723909 1.524026 1.378531 1.525646 2.595000
 12.300000 1.695958 1.486677 1.341284 1.517358 4.851612
 12.400000 1.708250 1.572268 1.302383 1.484819 3.772973
 12.500000 1.756679 1.553195 1.371709 1.509935 0.841147
 12.600000 1.771236 1.496432 1.379640 1.510463 0.370816
 12.700000 1.768960 1.559937 1.342632 1.532811 0.431845
 12.800000 1.733539 1.521899 1.315920 1.536303 1.979747
 12.900000 1.704853 1.514675 1.369875 1.525609 4.057538
 13.000000 1.698722 1.502174 1.353329 1.511314 4.597273
 13.100000 1.750985 1.510025 1.324953 1.541214 1.076767
 13.200000 1.767980 1.538079 1.349593 1.536247 0.459529
 13.300000 1.764544 1.481941 1.386038 1.549218 0.563435
 13.400000 1.747923 1.489861 1.344121 1.546745 1.215534
 13.500000 1.730250 1.535641 1.325725 1.516807 2.180541
 13.600000 1.690983 1.491543 1.347399 1.525707 5.326678
 13.700000 1.724953 1.516970 1.356886 1.507881 2.524268
 13.800000 1.782181 1.546519 1.332620 1.505165 0.142308
 13.900000 1.785828 1.505940 1.355904 1.529763 0.090013
 14.000000 1.733860 1.503158 1.359215 1.493028 1.960646
 14.100000 1.737434 1.508862 1.345527 1.511158 1.754474
 14.200000 1.737062 1.519399 1.327967 1.505203 1.775418
 14.300000 1.714631 1.532934 1.352274 1.494748 3.266445
 14.400000 1.753851 1.499418 1.347655 1.525578 0.954538
 14.500000 1.827472 1.524174 1.336467 1.498628 0.338260
 14.600000 1.787402 1.523138 1.354685 1.495476 0.071134
 14.700000 1.728009 1.480451 1.358776 1.523423 2.322898
 14.800000 1.715719 1.507364 1.327287 1.520009 3.183723
 14.900000 1.722445 1.539427 1.338049 1.505480 2.695833
 15.000000 1.735496 1.495018 1.359559 1.480575 1.864831
 15.100000 1.785771 1.525805 1.354193 1.520323 0.090745
 15.200000 1.811460 1.511858 1.329064 1.551334 0.058858
 15.300000 1.737406 1.518148 1.351191 1.478053 1.756058
 15.400000 1.696281 1.539314 1.355748 1.503751 4.821566
 15.500000 1.708518 1.498436 1.321517 1.521888 3.750983
 15.600000 1.735033 1.540466 1.340414 1.491542 1.891745
 15.700000 1.757047 1.550301 1.377253 1.492668 0.826914
 15.800000 1.793787 1.526360 1.351715 1.534692 0.017301
 15.900000 1.764759 1.531593 1.319475 1.535211 0.556633
 16.000000 1.707211 1.503522 1.349391 1.505275 3.858945
 16.100000 1.686923 1.512375 1.354288 1.519401 5.730900
 16.200000 1.731304 1.539894 1.316494 1.511605 2.115132
 16.300000 1.770706 1.537640 1.344526 1.528709 0.384606
 16.400000 1.784519 1.517246 1.385473 1.522880 0.107421
 16.500000 1.750461 1.499593 1.348052 1.530318 1.099914
 16.600000 1.722846 1.520733 1.312879 1.556902 2.668015
 16.700000 1.684850 1.516398 1.338176 1.497207 5.942876
 16.800000 1.705791 1.527718 1.371446 1.529049 3.977967
 16.900000 1.762500 1.503783 1.326200 1.547286 0.630293
 17.000000 1.787555 1.522924 1.341784 1.520273 0.069416
 17.100000 1.761640 1.515679 1.378766 1.536864 0.659518
 17.200000 1.724700 1.488011 1.351257 1.519594 2.541301
 17.300000 1.704890 1.544442 1.308513 1.518603 4.054410
 17.400000 1.716503 1.503284 1.348543 1.503524 3.124721
 17.500000 1.737600 1.518794 1.361177 1.480802 1.745169
 17.600000 1.777611 1.529849 1.346075 1.543179 0.224670
 17.700000 1.773209 1.479217 1.327268 1.531949 0.321706
 17.800000 1.756246 1.531507 1.373644 1.498601 0.858027
 17.900000 1.710111 1.492054 1.349918 1.513779 3.621482
 18.000000 1.720939 1.486887 1.320102 1.524847 2.801519
 18.100000 1.731599 1.548310 1.335344 1.506326 2.096964
 18.200000 1.757448 1.469285 1.375026 1.520123 0.811537
 18.300000 1.772528 1.504067 1.352403 1.548181 0.338272
 18.400000 1.780195 1.496868 1.320882 1.513621 0.175792
 18.500000 1.744308 1.500849 1.350992 1.536154 1.390147
 18.600000 1.711736 1.515874 1.370927 1.500898 3.491678
 18.700000 1.722056 1.513374 1.326337 1.517943 2.722906
 18.800000 1.762807 1.520464 1.330586 1.530899 0.620017
 18.900000 1.768457 1.512748 1.387219 1.484099 0.445951
 19.000000 1.771493 1.504992 1.379615 1.541139 0.364236
 19.100000 1.746288 1.528998 1.310486 1.498556 1.293025
 19.200000 1.726052 1.539255 1.340073 1.503929 2.450877
 19.300000 1.717418 1.498453 1.377819 1.515848 3.056630
 19.400000 1.739142 1.528406 1.323923 1.512456 1.660016
 19.500000 1.765441 1.532114 1.324400 1.538211 0.535292
 19.600000 1.759022 1.487468 1.395275 1.525370 0.752621
 19.700000 1.738978 1.518195 1.386170 1.545450 1.668973
 19.800000 1.735734 1.497139 1.306457 1.530916 1.851140
 19.900000 1.719337 1.520803 1.329881 1.520784 2.916225
 20.000000 1.726308 1.515234 1.380604 1.516389 2.433952
 20.100000 1.752027 1.486514 1.340897 1.550654 1.031509
 20.200000 1.766240 1.520775 1.298524 1.556158 0.510843
 20.300000 1.747419 1.512667 1.372505 1.522100 1.239176
 20.400000 1.719338 1.476639 1.385127 1.501166 2.916115
 20.500000 1.725502 1.535247 1.329315 1.535154 2.487512
 20.600000 1.741799 1.517368 1.308952 1.521595 1.518226
 20.700000 1.731580 1.507018 1.381943 1.511395 2.098142
 20.800000 1.763182 1.520007 1.369279 1.511199 0.607578
 20.900000 1.786877 1.500184 1.294444 1.524036 0.077190
 21.000000 1.736619 1.543205 1.342136 1.523964 1.800476
 21.100000 1.716615 1.504807 1.396334 1.465744 3.116339
 21.200000 1.743874 1.492834 1.337210 1.535024 1.411910
 21.300000 1.764159 1.529467 1.314614 1.534226 0.575756
 21.400000 1.749175 1.464149 1.362581 1.480907 1.157775
 21.500000 1.757759 1.498395 1.403997 1.557026 0.799724
 21.600000 1.767819 1.528705 1.306265 1.493822 0.464151
 21.700000 1.729881 1.505790 1.312412 1.525565 2.203640
 21.800000 1.728924 1.484213 1.375391 1.542289 2.264215
 21.900000 1.751926 1.497177 1.366940 1.498895 1.035828
 22.000000 1.757618 1.522774 1.313531 1.539639 0.805079
 22.100000 1.742241 1.510428 1.359384 1.515501 1.495249
 22.200000 1.759444 1.515627 1.391898 1.492168 0.737196
 22.300000 1.752315 1.523912 1.355828 1.518715 1.019155
 22.400000 1.749071 1.522540 1.306239 1.484978 1.162527
 22.500000 1.740862 1.534868 1.353031 1.526389 1.567498
 22.600000 1.749841 1.511335 1.367957 1.518704 1.127646
 22.700000 1.735838 1.551133 1.336190 1.478193 1.845125
 22.800000 1.731398 1.528098 1.324379 1.505755 2.109350
 22.900000 1.735615 1.498114 1.392616 1.502881 1.857965
 23.000000 1.742584 1.515439 1.367566 1.500622 1.477555
 23.100000 1.753155 1.532753 1.325285 1.549697 0.983565
 23.200000 1.762071 1.509254 1.325877 1.499712 0.644783
 23.300000 1.739814 1.519154 1.380903 1.538728 1.623557
 23.400000 1.728831 1.478993 1.336820 1.513213 2.270129
 23.500000 1.720417 1.534526 1.319915 1.509521 2.838622
 23.600000 1.735527 1.529517 1.363477 1.543071 1.863070
 23.700000 1.747876 1.450412 1.389874 1.494856 1.217739
 23.800000 1.759023 1.543654 1.336091 1.535343 0.752581
 23.900000 1.753222 1.518874 1.319291 1.511925 0.980732
 24.000000 1.732272 1.520130 1.358969 1.499723 2.055951
 24.100000 1.708448 1.576262 1.360552 1.525812 3.756694
 24.200000 1.747401 1.494567 1.297850 1.489750 1.240014
 24.300000 1.742079 1.537085 1.355612 1.537799 1.503637
 24.400000 1.745760 1.499059 1.376379 1.476213 1.318615
 24.500000 1.740946 1.523127 1.355611 1.505450 1.563034
 24.600000 1.743570 1.552425 1.312614 1.520386 1.427235
 24.700000 1.725189 1.502104 1.358479 1.492928 2.508454
 24.800000 1.737311 1.518512 1.359873 1.519461 1.761384
 24.900000 1.758751 1.527383 1.316131 1.514081 0.762597
 25.000000 1.764149 1.505802 1.335674 1.521918 0.576060
 25.100000 1.726313 1.517162 1.398715 1.515457 2.433628
 25.200000 1.749907 1.521984 1.361371 1.483581 1.124671
 25.300000 1.739176 1.503096 1.315357 1.534339 1.658142
 25.400000 1.722576 1.507968 1.344914 1.535646 2.686724
 25.500000 1.740585 1.507059 1.373792 1.507553 1.582221
 25.600000 1.760743 1.527562 1.323974 1.540366 0.690719
 25.700000 1.756186 1.523919 1.327694 1.514328 0.860390
 25.800000 1.737216 1.492390 1.371809 1.492727 1.766739
 25.900000 1.728855 1.543211 1.382158 1.519608 2.268646
 26.000000 1.748176 1.528989 1.311183 1.471388 1.203735
 26.100000 1.721435 1.525598 1.345604 1.556571 2.766518
 26.200000 1.743874 1.503140 1.372939 1.492156 1.411877
 26.300000 1.760421 1.527549 1.352379 1.487659 0.702117
 26.400000 1.758476 1.538948 1.312489 1.541955 0.772798
 26.500000 1.753391 1.507923 1.352566 1.482395 0.973664
 26.600000 1.743824 1.536489 1.376059 1.534896 1.414426
 26.700000 1.735476 1.474795 1.346081 1.523561 1.866011
 26.800000 1.732962 1.512942 1.327693 1.515419 2.014274
 26.900000 1.733406 1.519566 1.355844 1.518488 1.987666
 27.000000 1.754162 1.497373 1.368394 1.506767 0.941704
 27.100000 1.750723 1.519818 1.330721 1.542697 1.088337
 27.200000 1.764436 1.491802 1.321494 1.535367 0.566890
 27.300000 1.743126 1.518784 1.372696 1.506929 1.449774
 27.400000 1.717364 1.492249 1.344930 1.513072 3.060626
 27.500000 1.720509 1.497125 1.323967 1.553292 2.832127
 27.600000 1.737597 1.517804 1.347763 1.495968 1.745333
 27.700000 1.753452 1.522184 1.367392 1.510993 0.971141
 27.800000 1.784166 1.492317 1.356004 1.520667 0.112376
 27.900000 1.755142 1.518906 1.305523 1.515867 0.901887
 28.000000 1.729311 1.533844 1.364036 1.535978 2.239618
 28.100000 1.709296 1.496039 1.350923 1.493863 3.687407
 28.200000 1.743269 1.535852 1.321514 1.529033 1.442468
 28.300000 1.768906 1.506580 1.340625 1.502963 0.433339
 28.400000 1.771547 1.514030 1.404451 1.503452 0.362851
 28.500000 1.751028 1.523272 1.354960 1.549130 1.074886
 28.600000 1.747314 1.487642 1.311749 1.508540 1.244133
 28.700000 1.719157 1.542156 1.349534 1.517409 2.929285
 28.800000 1.723175 1.485276 1.374307 1.510112 2.645320
 28.900000 1.738067 1.501423 1.308041 1.550551 1.719171
 29.000000 1.764869 1.551066 1.341960 1.543808 0.553162
 29.100000 1.761164 1.454258 1.371120 1.477015 0.675984
 29.200000 1.742182 1.517064 1.396310 1.576280 1.498311
 29.300000 1.732019 1.510004 1.309018 1.497984 2.071299
 29.400000 1.732021 1.539520 1.344486 1.529684 2.071201
 29.500000 1.719246 1.517474 1.368963 1.498334 2.922809
 29.600000 1.754613 1.522947 1.332896 1.510800 0.923287
 29.700000 1.750333 1.525089 1.301051 1.519375 1.105646
 29.800000 1.738073 1.547130 1.389430 1.475886 1.718836
 29.900000 1.733922 1.529913 1.376574 1.502618 1.956960
 30.000000 1.750958 1.506603 1.329361 1.509523 1.077967
 30.100000 1.744163 1.544567 1.334057 1.491528 1.397390
 30.200000 1.742233 1.519741 1.365690 1.496470 1.495666
 30.300000 1.727440 1.524864 1.352771 1.540088 2.359778
 30.400000 1.745813 1.518022 1.313608 1.526971 1.316029
 30.500000 1.751286 1.501898 1.355035 1.522528 1.063624
 30.600000 1.758132 1.503700 1.369299 1.502355 0.785670
 30.700000 1.758407 1.510600 1.355104 1.511487 0.775365
 30.800000 1.750060 1.501459 1.318753 1.556540 1.117831
 30.900000 1.713316 1.520699 1.359107 1.509611 3.367828
 31.000000 1.734670 1.497628 1.360791 1.506343 1.912933
 31.100000 1.750665 1.512894 1.327342 1.518968 1.090884
 31.200000 1.767790 1.533572 1.328978 1.506865 0.465011
 31.300000 1.759902 1.515760 1.381477 1.523574 0.720629
 31.400000 1.766066 1.527276 1.346317 1.481562 0.516097
 31.500000 1.746794 1.547338 1.335947 1.505611 1.268823
 31.600000 1.711739 1.474137 1.326836 1.508167 3.491501
 31.700000 1.708903 1.534754 1.382580 1.515004 3.719486
 31.800000 1.746308 1.526117 1.338510 1.488993 1.292074
 31.900000 1.762178 1.524474 1.322777 1.519509 0.641156
 32.000000 1.767345 1.522943 1.359357 1.516945 0.477952
 32.100000 1.750557 1.472403 1.373915 1.503688 1.095663
 32.200000 1.719242 1.552655 1.319237 1.538983 2.923059
 32.300000 1.703792 1.498813 1.333364 1.475732 4.148565
 32.400000 1.731661 1.507212 1.379142 1.539252 2.093191
 32.500000 1.758952 1.517531 1.357622 1.507863 0.755173
 32.600000 1.763075 1.496437 1.315911 1.524593 0.611103
 32.700000 1.747280 1.531763 1.357979 1.565707 1.245703
 32.800000 1.737807 1.500917 1.379071 1.488531 1.733620
 32.900000 1.718268 1.514166 1.320097 1.552466 2.994035
 33.000000 1.727945 1.502656 1.320591 1.523963 2.327026
 33.100000 1.747742 1.525085 1.389533 1.487786 1.223983
 33.200000 1.758032 1.529953 1.368505 1.531984 0.789438
 33.300000 1.755548 1.517372 1.308305 1.516048 0.885636
 33.400000 1.741230 1.518703 1.358283 1.517851 1.548070
 33.500000 1.709052 1.517520 1.368912 1.508920 3.707272
 33.600000 1.718789 1.523826 1.324888 1.504452 2.956007
 33.700000 1.736001 1.512906 1.320236 1.544853 1.835743
 33.800000 1.756695 1.498461 1.373862 1.530185 0.840537
 33.900000 1.758819 1.490827 1.353569 1.503241 0.760105
 34.000000 1.752302 1.509898 1.342781 1.540551 1.019701
 34.100000 1.741282 1.479811 1.318781 1.523497 1.545282
 34.200000 1.724345 1.517885 1.361106 1.535861 2.565383
 34.300000 1.712543 1.513722 1.343275 1.518816 3.428160
 34.400000 1.766608 1.482683 1.316247 1.523027 0.499769
 34.500000 1.766318 1.516717 1.336751 1.540401 0.508460
 34.600000 1.753181 1.487392 1.390463 1.504474 0.982477
 34.700000 1.759508 1.510295 1.337053 1.509625 0.734878
 34.800000 1.758422 1.537074 1.320471 1.533940 0.774831
 34.900000 1.736347 1.478240 1.358302 1.456417 1.815982
 35.000000 1.732101 1.544658 1.358732 1.532369 2.066328
 35.100000 1.748770 1.496732 1.299477 1.507137 1.176314
 35.200000 1.750256 1.530754 1.362056 1.516401 1.109067
 35.300000 1.752750 1.512191 1.386984 1.475235 1.000619
 35.400000 1.785940 1.482306 1.348840 1.506812 0.088606
 35.500000 1.756579 1.540740 1.327599 1.539988 0.845030
 35.600000 1.720949 1.512162 1.347561 1.477747 2.800801
 35.700000 1.724537 1.502225 1.376338 1.527714 2.552353
 35.800000 1.739989 1.505697 1.314152 1.528675 1.614129
 35.900000 1.768309 1.506767 1.325975 1.498074 0.450122
 36.000000 1.753770 1.538777 1.373743 1.533638 0.957918
 36.100000 1.749569 1.524275 1.376520 1.510121 1.139889
 36.200000 1.752904 1.493880 1.322006 1.523654 0.994107
 36.300000 1.716567 1.526220 1.334290 1.521749 3.119931
 36.400000 1.723494 1.530075 1.379566 1.475227 2.623395
 36.500000 1.744117 1.521883 1.389445 1.514636 1.399666
 36.600000 1.757394 1.542630 1.297545 1.516733 0.813603
 36.700000 1.771602 1.534632 1.346546 1.495028 0.361446
 36.800000 1.731934 1.526020 1.368724 1.514842 2.076482
 36.900000 1.718227 1.532284 1.339546 1.501496 2.997014
 37.000000 1.724083 1.517684 1.310146 1.493343 2.583118
 37.100000 1.731335 1.545528 1.392104 1.548182 2.113230
 37.200000 1.755841 1.478999 1.389081 1.471431 0.873980
 37.300000 1.758196 1.551310 1.337658 1.527095 0.783276
 37.400000 1.754372 1.546802 1.321928 1.533912 0.933116
 37.500000 1.727556 1.473316 1.362807 1.497991 2.352228
 37.600000 1.708141 1.555233 1.349805 1.554976 3.781938
 37.700000 1.750217 1.518445 1.320225 1.478562 1.110817
 37.800000 1.740282 1.520315 1.343122 1.539236 1.598386
 37.900000 1.744066 1.493854 1.378506 1.549111 1.402250
 38.000000 1.757445 1.489772 1.356298 1.493395 0.811643
 38.100000 1.741324 1.557447 1.323330 1.559532 1.543084
 38.200000 1.715004 1.478389 1.335149 1.492609 3.237904
 38.300000 1.721792 1.507176 1.362606 1.537719 2.741441
 38.400000 1.746271 1.535487 1.338274 1.547272 1.293856
 38.500000 1.768570 1.481498 1.336767 1.493484 0.442762
 38.600000 1.746089 1.545821 1.367885 1.531993 1.302655
 38.700000 1.734396 1.485666 1.364286 1.515105 1.929007
 38.800000 1.734337 1.491193 1.339443 1.529399 1.932451
 38.900000 1.728520 1.555691 1.320380 1.518511 2.290033
 39.000000 1.746414 1.483484 1.356749 1.510080 1.287001
 39.100000 1.753973 1.498872 1.357253 1.540903 0.949490
 39.200000 1.760125 1.524617 1.320338 1.522163 0.712655
 39.300000 1.769152 1.485734 1.356986 1.516508 0.426517
 39.400000 1.734498 1.511099 1.386650 1.523459 1.922984
 39.500000 1.738322 1.487897 1.339594 1.522625 1.705042
 39.600000 1.745769 1.492347 1.325937 1.549167 1.318156
 39.700000 1.737788 1.514325 1.345413 1.513012 1.734685
 39.800000 1.752237 1.512030 1.366948 1.524842 1.022489
 39.900000 1.747544 1.499761 1.313297 1.522406 1.233288
 40.000000 1.766765 1.533646 1.343704 1.516580 0.495077
 40.100000 1.765873 1.509449 1.375327 1.497935 0.521996
 40.200000 1.737529 1.526453 1.369248 1.509823 1.749177
 40.300000 1.749953 1.517565 1.324565 1.530950 1.122616
 40.400000 1.745018 1.507382 1.341879 1.490752 1.354936
 40.500000 1.725978 1.553849 1.360929 1.523353 2.455814
 40.600000 1.743439 1.486818 1.354292 1.508811 1.433842
 40.700000 1.745417 1.497658 1.300415 1.536337 1.335303
 40.800000 1.753565 1.564169 1.367934 1.529535 0.966413
 40.900000 1.741166 1.463403 1.355748 1.483158 1.551416
 41.000000 1.742352 1.533786 1.351128 1.572575 1.489498
 41.100000 1.751587 1.511816 1.328913 1.490770 1.050495
 41.200000 1.739353 1.501404 1.357154 1.513720 1.648512
 41.300000 1.725680 1.531919 1.358325 1.572516 2.475622
 41.400000 1.749969 1.508158 1.318534 1.470246 1.121906
 41.500000 1.744349 1.561464 1.329238 1.546127 1.388075
 41.600000 1.732383 1.499168 1.383274 1.494843 2.049209
 41.700000 1.727798 1.505884 1.349563 1.492878 2.336517
 41.800000 1.745086 1.568066 1.335365 1.557100 1.351547
 41.900000 1.756401 1.471823 1.330671 1.464860 0.851977
 42.000000 1.738092 1.534346 1.406267 1.550348 1.717759
 42.100000 1.749880 1.513338 1.355535 1.509223 1.125897
 42.200000 1.762702 1.528961 1.312547 1.473535 0.623506
 42.300000 1.725971 1.540762 1.348971 1.571488 2.456291
 42.400000 1.738134 1.464133 1.387424 1.484254 1.715453
 42.500000 1.758970 1.526257 1.339868 1.520433 0.754511
 42.600000 1.761722 1.531404 1.334444 1.533706 0.656716
 42.700000 1.753478 1.480216 1.356202 1.480627 0.970056
 42.800000 1.739298 1.536040 1.393852 1.545084 1.651478
 42.900000 1.737619 1.500151 1.320919 1.494091 1.744103
 43.000000 1.737209 1.540706 1.325017 1.514980 1.767126
 43.100000 1.732705 1.519013 1.362640 1.541086 2.029745
 43.200000 1.759772 1.491973 1.369882 1.473414 0.725322
 43.300000 1.742119 1.569233 1.332283 1.515142 1.501558
 43.400000 1.757968 1.526011 1.336950 1.520152 0.791843
 43.500000 1.748970 1.482224 1.348229 1.480258 1.167160
 43.600000 1.730191 1.574288 1.386344 1.519446 2.184222
 43.700000 1.756216 1.500802 1.317278 1.474940 0.859210
 43.800000 1.741249 1.526980 1.310019 1.527721 1.547062
 43.900000 1.736740 1.544240 1.370952 1.510111 1.793637
 44.000000 1.750080 1.481297 1.350012 1.471282 1.116939
 44.100000 1.753279 1.557982 1.328219 1.592544 0.978368
 44.200000 1.761836 1.476759 1.354003 1.474529 0.652796
 44.300000 1.710842 1.506367 1.380247 1.511356 3.562786
 44.400000 1.740027 1.556838 1.353781 1.541033 1.612045
 44.500000 1.755231 1.462269 1.315634 1.495470 0.898323
 44.600000 1.747466 1.559851 1.355956 1.583554 1.236954
 44.700000 1.753807 1.496585 1.355123 1.479735 0.956359
 44.800000 1.731267 1.493158 1.329974 1.541237 2.117396
 44.900000 1.722653 1.536397 1.342623 1.570015 2.681351
 45.000000 1.724243 1.478613 1.358072 1.442202 2.572303
 45.100000 1.730431 1.571070 1.370800 1.567634 2.169213
 45.200000 1.766368 1.486073 1.324926 1.496043 0.506972
 45.300000 1.753885 1.521733 1.346023 1.521954 0.953146
 45.400000 1.733004 1.573914 1.376614 1.552298 2.011704
 45.500000 1.736248 1.471962 1.318888 1.451483 1.821612
 45.600000 1.721222 1.569840 1.327428 1.582044 2.781536
 45.700000 1.729921 1.496477 1.360502 1.493604 2.201123
 45.800000 1.752105 1.485161 1.364796 1.500542 1.028138
 45.900000 1.752506 1.520986 1.339842 1.607929 1.011017
 46.000000 1.766488 1.467670 1.321873 1.468164 0.503347
 46.100000 1.730304 1.548763 1.367639 1.563429 2.177134
 46.200000 1.736084 1.476759 1.347488 1.547349 1.831033
 46.300000 1.740717 1.477002 1.318683 1.520201 1.575214
 46.400000 1.727408 1.559676 1.342017 1.548297 2.361842
 46.500000 1.747147 1.475817 1.370629 1.489464 1.252026
 46.600000 1.753607 1.484808 1.361817 1.561728 0.964682
 46.700000 1.746725 1.536958 1.328312 1.534765 1.272071
 46.800000 1.766375 1.496887 1.344865 1.453515 0.506755
 46.900000 1.740540 1.542663 1.369134 1.578078 1.584597
 47.000000 1.736433 1.488535 1.314905 1.517961 1.811091
 47.100000 1.737155 1.527314 1.336944 1.506670 1.770138
 47.200000 1.727208 1.514360 1.366484 1.542920 2.374887
 47.300000 1.753290 1.448669 1.368062 1.527280 0.977873
 47.400000 1.754666 1.586787 1.321061 1.514107 0.921111
 47.500000 1.752359 1.508500 1.348044 1.499422 1.017282
 47.600000 1.754780 1.459096 1.371957 1.553778 0.916516
 47.700000 1.740302 1.519823 1.331503 1.542205 1.597321
 47.800000 1.739801 1.521567 1.324222 1.513428 1.624241
 47.900000 1.728116 1.480848 1.353510 1.538745 2.315957
 48.000000 1.728875 1.503574 1.359909 1.561207 2.267321
 48.100000 1.783444 1.505417 1.347973 1.513423 0.122849
 48.200000 1.759832 1.509786 1.333452 1.511592 0.723144
 48.300000 1.734439 1.518941 1.390224 1.557924 1.926496
 48.400000 1.730813 1.468454 1.336183 1.496149 2.145463
 48.500000 1.729088 1.579102 1.313922 1.535645 2.253758
 48.600000 1.752016 1.510593 1.351334 1.522137 1.031946
 48.700000 1.740812 1.467438 1.373186 1.512337 1.570123
 48.800000 1.744811 1.565823 1.346399 1.532214 1.365147
 48.900000 1.762817 1.500761 1.340044 1.487512 0.619674
 49.000000 1.722488 1.503839 1.353766 1.547583 2.692807
 49.100000 1.727801 1.510781 1.379741 1.512998 2.336351
 49.200000 1.771273 1.508633 1.328331 1.457041 0.369865
 49.300000 1.775861 1.578756 1.330048 1.587465 0.261160
 49.400000 1.744953 1.439039 1.350910 1.505379 1.358131
 49.500000 1.723305 1.534157 1.365816 1.529882 2.636393
 49.600000 1.731014 1.545015 1.328099 1.519747 2.133044
 49.700000 1.728872 1.429858 1.344318 1.498358 2.267538
 49.800000 1.730856 1.555942 1.370294 1.576169 2.142804
 49.900000 1.794108 1.508211 1.375608 1.462995 0.015560
 50.000000 1.773989 1.484929 1.323089 1.557432 0.303234
