#! FIELDS time d1 d2 d3 d4 rest.bias
 0.000000 3.389110 1.340874 1.516944 1.359838 3.558974
 0.100000 3.233195 1.347389 1.483620 1.343794 2.000268
 0.200000 3.299049 1.386621 1.465761 1.357173 0.000405
 0.300000 3.271208 1.308727 1.436632 1.352685 0.371558
 0.400000 3.300413 1.355558 1.508348 1.358235 0.000077
 0.500000 3.312252 1.369746 1.552215 1.305753 0.067282
 0.600000 3.270750 1.329179 1.455799 1.371596 0.383465
 0.700000 3.296161 1.342137 1.434236 1.387188 0.006604
 0.800000 3.253389 1.380538 1.443771 1.305002 0.973733
 0.900000 3.314923 1.351751 1.548703 1.380140 0.099812
 1.000000 3.312176 1.305029 1.491578 1.346247 0.066443
 1.100000 3.287744 1.368369 1.442748 1.340873 0.067328
 1.200000 3.231934 1.383620 1.469680 1.342462 2.076494
 1.300000 3.290461 1.319200 1.451330 1.359640 0.040781
 1.400000 3.334055 1.335923 1.556098 1.364282 0.519795
 1.500000 3.283709 1.365178 1.483183 1.328379 0.118955
 1.600000 3.284290 1.348770 1.479683 1.341684 0.110612
 1.700000 3.290971 1.334405 1.432371 1.395294 0.036538
 1.800000 3.263808 1.336117 1.501190 1.317933 0.587092
 1.900000 3.293633 1.434690 1.552208 1.353207 0.018168
 2.000000 3.310176 1.299397 1.453199 1.337802 0.046414
 2.100000 3.314345 1.343822 1.475653 1.371898 0.092230
 2.200000 3.235539 1.389867 1.500581 1.346134 1.862352
 2.300000 3.301280 1.348709 1.433552 1.331270 0.000734
 2.400000 3.309342 1.310145 1.448195 1.388785 0.039113
 2.500000 3.266539 1.358825 1.497026 1.338465 0.501829
 2.600000 3.284882 1.372834 1.521238 1.344003 0.102433
 2.700000 3.313911 1.328521 1.462786 1.352387 0.086738
 2.800000 3.295645 1.316351 1.440159 1.343444 0.008501
 2.900000 3.202320 1.417100 1.488863 1.360497 4.276485
 3.000000 3.324442 1.330700 1.435647 1.353492 0.267755
 3.100000 3.311058 1.295884 1.474077 1.342660 0.054810
 3.200000 3.281744 1.390985 1.532094 1.352956 0.149385
 3.300000 3.285723 1.351328 1.501086 1.325451 0.091362
 3.400000 3.283340 1.329615 1.437943 1.377738 0.124393
 3.500000 3.304788 1.360615 1.479347 1.343004 0.010274
 3.600000 3.256386 1.364871 1.497911 1.321667 0.852549
 3.700000 3.351327 1.339736 1.517340 1.384635 1.180761
 3.800000 3.278821 1.322348 1.444009 1.334024 0.201049
 3.900000 3.255945 1.378621 1.475227 1.362997 0.869872
 4.000000 3.301928 1.345048 1.471268 1.345333 0.001666
 4.100000 3.303380 1.322865 1.518328 1.343156 0.005120
 4.200000 3.282590 1.366580 1.523536 1.361773 0.135848
 4.300000 3.281562 1.356446 1.413968 1.321849 0.152372
 4.400000 3.293948 1.346345 1.458879 1.356706 0.016415
 4.500000 3.275596 1.341938 1.495860 1.385453 0.266935
 4.600000 3.291714 1.369500 1.525969 1.327547 0.030770
 4.700000 3.291935 1.341761 1.453496 1.336974 0.029152
 4.800000 3.306440 1.333460 1.451079 1.369099 0.018590
 4.900000 3.230132 1.363413 1.533511 1.344139 2.187882
 5.000000 3.305979 1.367490 1.416463 1.338482 0.016023
 5.100000 3.318962 1.302608 1.443771 1.338953 0.161157
 5.200000 3.250627 1.380034 1.497275 1.383160 1.092555
 5.300000 3.276924 1.359748 1.533633 1.336007 0.238665
 5.400000 3.326637 1.336985 1.410902 1.340939 0.318004
 5.500000 3.265678 1.314900 1.485519 1.359665 0.527964
 5.600000 3.265237 1.388796 1.506994 1.346220 0.541626
 5.700000 3.305332 1.342507 1.469277 1.327078 0.012742
 5.800000 3.329422 1.322985 1.448360 1.372266 0.387992
 5.900000 3.247545 1.350746 1.516173 1.340828 1.233244
 6.000000 3.281279 1.391563 1.484739 1.348901 0.157089
 6.100000 3.316645 1.297749 1.434019 1.334881 0.124176
 6.200000 3.290803 1.340400 1.535179 1.387834 0.037912
 6.300000 3.290141 1.380782 1.522117 1.317787 0.043565
 6.400000 3.332351 1.341931 1.496565 1.343295 0.469092
 6.500000 3.270410 1.337089 1.448858 1.366571 0.392419
 6.600000 3.250062 1.358247 1.471825 1.356786 1.117740
 6.700000 3.303879 1.379338 1.481681 1.335961 0.006743
 6.800000 3.331449 1.299710 1.493977 1.322509 0.443276
 6.900000 3.316675 1.347604 1.554371 1.386294 0.124626
 7.000000 3.246396 1.363316 1.448672 1.334294 1.287865
 7.100000 3.302922 1.355801 1.436112 1.333667 0.003828
 7.200000 3.287938 1.336745 1.478182 1.372375 0.065213
 7.300000 3.275500 1.360048 1.535819 1.354317 0.269033
 7.400000 3.307953 1.369483 1.493431 1.335156 0.028345
 7.500000 3.250327 1.320800 1.434848 1.338108 1.105902
 7.600000 3.326374 1.350328 1.474641 1.376504 0.311767
 7.700000 3.253262 1.354276 1.483688 1.323369 0.979080
 7.800000 3.330013 1.357130 1.469781 1.352991 0.403740
 7.900000 3.262478 1.317268 1.479822 1.372211 0.631023
 8.000000 3.260739 1.388996 1.473605 1.376346 0.690860
 8.100000 3.327794 1.337949 1.475693 1.285631 0.346237
 8.200000 3.312174 1.345964 1.455969 1.389949 0.066430
 8.300000 3.262855 1.326776 1.534175 1.342337 0.618418
 8.400000 3.299697 1.404428 1.421547 1.342612 0.000041
 8.500000 3.255493 1.325659 1.487725 1.345627 0.887814
 8.600000 3.322393 1.336918 1.482691 1.377652 0.224752
 8.700000 3.293034 1.344485 1.531405 1.319454 0.021746
 8.800000 3.323426 1.376776 1.484169 1.334989 0.245965
 8.900000 3.235416 1.309319 1.472678 1.371276 1.869474
 9.000000 3.293467 1.389024 1.455982 1.399424 0.019131
 9.100000 3.275609 1.335123 1.457671 1.266357 0.266637
 9.200000 3.337991 1.371972 1.512626 1.379988 0.646885
 9.300000 3.274816 1.295681 1.533033 1.347559 0.284269
 9.400000 3.293558 1.378913 1.443675 1.312778 0.018603
 9.500000 3.300018 1.353020 1.454011 1.364114 0.000000
 9.600000 3.250613 1.334291 1.497553 1.378009 1.093210
 9.700000 3.303502 1.374466 1.525811 1.342312 0.005496
 9.800000 3.339490 1.345352 1.433548 1.308419 0.698939
 9.900000 3.253729 1.353221 1.470202 1.383106 0.959605
 10.000000 3.259014 1.337446 1.438408 1.356993 0.752909
 10.100000 3.298968 1.344397 1.429412 1.322552 0.000477
 10.200000 3.309730 1.358275 1.534526 1.341892 0.042435
 10.300000 3.279900 1.330753 1.535700 1.386334 0.181072
 10.400000 3.267873 1.358337 1.502001 1.359482 0.462612
 10.500000 3.300490 1.393465 1.405999 1.340356 0.000108
 10.600000 3.259291 1.312482 1.517442 1.331472 0.742777
 10.700000 3.319957 1.363304 1.502446 1.372176 0.178508
 10.800000 3.296978 1.341701 1.510709 1.318915 0.004093
 10.900000 3.288725 1.392525 1.457045 1.363083 0.056979
 11.000000 3.227271 1.332532 1.448676 1.368849 2.370761
 11.100000 3.306444 1.363366 1.464146 1.363652 0.018611
 11.200000 3.301501 1.331454 1.497423 1.294805 0.001010
 11.300000 3.327162 1.355742 1.517476 1.376395 0.330659
 11.400000 3.240653 1.319468 1.493943 1.354263 1.578568
 11.500000 3.314543 1.397463 1.402697 1.336000 0.094796
 11.600000 3.257104 1.349196 1.513988 1.348309 0.824713
 11.700000 3.274292 1.349703 1.497389 1.394981 0.296227
 11.800000 3.316749 1.340217 1.509141 1.332501 0.125740
 11.900000 3.290087 1.370031 1.445201 1.325393 0.044041
 12.000000 3.276103 1.324864 1.459314 1.361614 0.255948
 12.100000 3.267455 1.355146 1.444860 1.373938 0.474728
 12.200000 3.290939 1.367533 1.490764 1.310821 0.036800
 12.300000 3.344424 1.335982 1.540805 1.342196 0.884501
 12.400000 3.269479 1.334569 1.505833 1.387491 0.417500
 12.500000 3.273998 1.361121 1.464853 1.326015 0.303031
 12.600000 3.293308 1.373131 1.392846 1.342651 0.020072
 12.700000 3.241655 1.331362 1.533448 1.390732 1.525740
 12.800000 3.320022 1.353989 1.565674 1.363467 0.179673
 12.900000 3.311793 1.367264 1.458369 1.311435 0.062333
 13.000000 3.268994 1.349969 1.435515 1.365181 0.430886
 13.100000 3.250921 1.324120 1.444604 1.370406 1.079616
 13.200000 3.290914 1.385137 1.491713 1.332893 0.037004
 13.300000 3.323724 1.337812 1.481402 1.315746 0.252270
 13.400000 3.289335 1.330577 1.505835 1.401372 0.050978
 13.500000 3.249458 1.359465 1.480201 1.359670 1.144912
 13.600000 3.298791 1.396156 1.453077 1.328403 0.000655
 13.700000 3.280056 1.327822 1.514561 1.350204 0.178270
 13.800000 3.301789 1.322388 1.493800 1.370471 0.001434
 13.900000 3.320183 1.385304 1.505899 1.318868 0.182572
 14.000000 3.261584 1.350758 1.441619 1.339386 0.661455
 14.100000 3.287385 1.331831 1.474466 1.397557 0.071320
 14.200000 3.268877 1.373507 1.480630 1.336087 0.434136
 14.300000 3.315861 1.348213 1.486558 1.330903 0.112749
 14.400000 3.301888 1.329139 1.491168 1.368146 0.001598
 14.500000 3.258940 1.353002 1.460587 1.346729 0.755638
 14.600000 3.323143 1.345815 1.477277 1.316530 0.240057
 14.700000 3.271188 1.362388 1.459533 1.373227 0.372066
 14.800000 3.293241 1.326722 1.501344 1.352040 0.020473
 14.900000 3.289608 1.384503 1.464298 1.348517 0.048404
 15.000000 3.261026 1.358083 1.499512 1.332534 0.680787
 15.100000 3.336079 1.298627 1.443988 1.379142 0.583419
 15.200000 3.245742 1.365110 1.484422 1.340692 1.319468
 15.300000 3.321440 1.359593 1.471097 1.320383 0.206018
 15.400000 3.291270 1.314697 1.465928 1.365988 0.034157
 15.500000 3.267002 1.380459 1.499427 1.372739 0.488032
 15.600000 3.292022 1.351367 1.471798 1.304500 0.028524
 15.700000 3.287554 1.350087 1.501192 1.373645 0.069422
 15.800000 3.297313 1.327131 1.479029 1.348906 0.003236
 15.900000 3.280527 1.360533 1.458594 1.325516 0.169962
 16.000000 3.287181 1.363653 1.463745 1.359439 0.073647
 16.100000 3.289734 1.308753 1.455085 1.340805 0.047235
 16.200000 3.300148 1.387642 1.503678 1.377527 0.000010
 16.300000 3.275558 1.326823 1.490722 1.294568 0.267756
 16.400000 3.310570 1.345004 1.471746 1.374499 0.050079
 16.500000 3.262239 1.344967 1.511309 1.356903 0.639089
 16.600000 3.299240 1.353995 1.449547 1.322728 0.000259
 16.700000 3.302497 1.350767 1.488252 1.355958 0.002794
 16.800000 3.282318 1.339168 1.466921 1.361346 0.140130
 16.900000 3.291916 1.343585 1.508486 1.306986 0.029289
 17.000000 3.310106 1.365857 1.471779 1.360402 0.045779
 17.100000 3.267759 1.318257 1.484248 1.347013 0.465894
 17.200000 3.281639 1.373287 1.517715 1.378281 0.151098
 17.300000 3.299852 1.349127 1.440258 1.326682 0.000010
 17.400000 3.295783 1.328732 1.439822 1.344222 0.007969
 17.500000 3.275146 1.362031 1.460749 1.357775 0.276867
 17.600000 3.284018 1.325024 1.469915 1.326968 0.114479
 17.700000 3.325056 1.362798 1.469874 1.350459 0.281372
 17.800000 3.269790 1.332663 1.511171 1.341823 0.409050
 17.900000 3.264561 1.375148 1.488687 1.386633 0.562905
 18.000000 3.310482 1.355551 1.442084 1.322895 0.049244
 18.100000 3.297813 1.338266 1.465240 1.341133 0.002143
 18.200000 3.265024 1.340208 1.509116 1.335484 0.548307
 18.300000 3.332747 1.356464 1.447312 1.346029 0.480630
 18.400000 3.260478 1.329659 1.489070 1.335366 0.700084
 18.500000 3.288737 1.381610 1.456660 1.375434 0.056855
 18.600000 3.255241 1.336579 1.507241 1.344502 0.897895
 18.700000 3.318638 1.362734 1.473468 1.361031 0.155686
 18.800000 3.299100 1.321755 1.467278 1.308096 0.000363
 18.900000 3.302919 1.362240 1.475704 1.379516 0.003818
 19.000000 3.266807 1.327790 1.513250 1.325842 0.493814
 19.100000 3.338488 1.371588 1.444067 1.359640 0.663923
 19.200000 3.231545 1.346231 1.498475 1.343676 2.100326
 19.300000 3.269610 1.367467 1.466665 1.372939 0.413925
 19.400000 3.323980 1.334837 1.469250 1.325877 0.257734
 19.500000 3.296618 1.342754 1.481000 1.353356 0.005126
 19.600000 3.281728 1.337288 1.505092 1.339564 0.149644
 19.700000 3.306715 1.356076 1.461367 1.351361 0.020208
 19.800000 3.280101 1.343578 1.471290 1.346380 0.177471
 19.900000 3.275533 1.380822 1.511669 1.376997 0.268302
 20.000000 3.262705 1.355006 1.476894 1.351021 0.623400
 20.100000 3.329453 1.334447 1.460892 1.344825 0.388800
 20.200000 3.277691 1.350682 1.485062 1.338408 0.223064
 20.300000 3.280704 1.340830 1.476720 1.359941 0.166879
 20.400000 3.308501 1.347774 1.469024 1.349179 0.032392
 20.500000 3.297674 1.364586 1.494322 1.339119 0.002425
 20.600000 3.287526 1.335161 1.517650 1.358908 0.069743
 20.700000 3.260174 1.369395 1.455270 1.381162 0.710884
 20.800000 3.296497 1.338932 1.453194 1.309014 0.005501
 20.900000 3.313951 1.345591 1.451496 1.359488 0.087235
 21.000000 3.239258 1.348231 1.508701 1.375940 1.653683
 21.100000 3.309563 1.354644 1.448455 1.325957 0.040989
 21.200000 3.272382 1.363295 1.460314 1.350845 0.341872
 21.300000 3.303074 1.339427 1.530958 1.363276 0.004234
 21.400000 3.285174 1.335665 1.490270 1.346656 0.098522
 21.500000 3.308071 1.380273 1.458246 1.346791 0.029196
 21.600000 3.256993 1.326909 1.432428 1.336196 0.828992
 21.700000 3.276926 1.354012 1.473310 1.365446 0.238623
 21.800000 3.323140 1.345662 1.521444 1.337700 0.239991
 21.900000 3.281321 1.346145 1.498683 1.338942 0.156371
 22.000000 3.302529 1.353940 1.504226 1.357945 0.002868
 22.100000 3.251963 1.343661 1.429285 1.347723 1.034249
 22.200000 3.295677 1.360672 1.456653 1.353244 0.008377
 22.300000 3.286314 1.340053 1.476802 1.328330 0.083957
 22.400000 3.295754 1.343147 1.479083 1.357652 0.008080
 22.500000 3.303846 1.350835 1.513139 1.349153 0.006629
 22.600000 3.269029 1.358540 1.456708 1.344822 0.429909
 22.700000 3.267769 1.357836 1.495956 1.362328 0.465602
 22.800000 3.311281 1.352615 1.452370 1.336189 0.057036
 22.900000 3.296563 1.329928 1.505410 1.313290 0.005296
 23.000000 3.293759 1.354405 1.493127 1.389305 0.017459
 23.100000 3.274820 1.336863 1.458608 1.323520 0.284180
 23.200000 3.300241 1.365602 1.471378 1.351022 0.000026
 23.300000 3.253530 1.338287 1.474941 1.365555 0.967875
 23.400000 3.304668 1.372854 1.493381 1.367533 0.009764
 23.500000 3.260570 1.339758 1.461842 1.325561 0.696829
 23.600000 3.327614 1.341525 1.440300 1.355573 0.341766
 23.700000 3.269794 1.347436 1.513210 1.346800 0.408949
 23.800000 3.280488 1.343760 1.464040 1.349510 0.170646
 23.900000 3.328352 1.347967 1.473595 1.341682 0.360275
 24.000000 3.260280 1.369538 1.491839 1.342235 0.707101
 24.100000 3.287110 1.338915 1.521057 1.371884 0.074466
 24.200000 3.317751 1.335746 1.439405 1.345877 0.141228
 24.300000 3.269232 1.358003 1.447910 1.317953 0.424309
 24.400000 3.273171 1.341329 1.494557 1.367544 0.322603
 24.500000 3.301259 1.335265 1.445844 1.349495 0.000710
 24.600000 3.309306 1.362851 1.515444 1.313733 0.038813
 24.700000 3.272957 1.380252 1.505041 1.369857 0.327768
 24.800000 3.256659 1.324139 1.461799 1.345986 0.841924
 24.900000 3.323955 1.352036 1.444250 1.367613 0.257194
 25.000000 3.256877 1.346824 1.494005 1.313512 0.833462
 25.100000 3.320624 1.344470 1.501671 1.365816 0.190648
 25.200000 3.295969 1.334872 1.477059 1.353569 0.007281
 25.300000 3.299836 1.370435 1.481017 1.344659 0.000012
 25.400000 3.247354 1.369626 1.506193 1.335719 1.242232
 25.500000 3.288117 1.343797 1.448854 1.379972 0.063290
 25.600000 3.315503 1.323331 1.451526 1.331799 0.107727
 25.700000 3.260608 1.376080 1.480588 1.338981 0.695477
 25.800000 3.283192 1.357991 1.496367 1.359313 0.126618
 25.900000 3.329143 1.309660 1.462505 1.330670 0.380662
 26.000000 3.298459 1.356938 1.486356 1.357918 0.001065
 26.100000 3.258603 1.380968 1.508666 1.359471 0.768080
 26.200000 3.283985 1.328654 1.455507 1.340593 0.114950
 26.300000 3.321545 1.334979 1.420234 1.351337 0.208046
 26.400000 3.257041 1.359913 1.502401 1.349487 0.827137
 26.500000 3.261559 1.360671 1.493030 1.356762 0.662310
 26.600000 3.324239 1.331952 1.453672 1.347073 0.263323
 26.700000 3.293393 1.349748 1.489584 1.335675 0.019565
 26.800000 3.259728 1.369500 1.512093 1.379271 0.726923
 26.900000 3.296195 1.321906 1.447714 1.334719 0.006489
 27.000000 3.305456 1.354036 1.401752 1.341438 0.013343
 27.100000 3.275022 1.348729 1.519110 1.345615 0.279626
 27.200000 3.273084 1.344002 1.484777 1.362961 0.324715
 27.300000 3.300052 1.348209 1.462089 1.330768 0.000001
 27.400000 3.292050 1.340702 1.472978 1.355868 0.028326
 27.500000 3.231249 1.369340 1.476557 1.344937 2.118496
 27.600000 3.346289 1.344632 1.460282 1.355047 0.960360
 27.700000 3.277442 1.328886 1.475888 1.333975 0.228083
 27.800000 3.296423 1.357256 1.508717 1.342270 0.005735
 27.900000 3.304684 1.342389 1.472131 1.350126 0.009832
 28.000000 3.261629 1.325544 1.490970 1.359982 0.659897
 28.100000 3.306630 1.390412 1.479245 1.344027 0.019703
 28.200000 3.252646 1.327176 1.472041 1.331325 1.005064
 28.300000 3.333427 1.356662 1.483351 1.376869 0.500805
 28.400000 3.270863 1.328494 1.460240 1.328240 0.380513
 28.500000 3.281985 1.376544 1.458802 1.365358 0.145465
 28.600000 3.283902 1.313133 1.486902 1.333621 0.116143
 28.700000 3.309260 1.358163 1.463746 1.352661 0.038433
 28.800000 3.262024 1.354049 1.547434 1.337820 0.646379
 28.900000 3.292040 1.365321 1.432413 1.367821 0.028396
 29.000000 3.288207 1.309583 1.475938 1.328064 0.062331
 29.100000 3.296084 1.381143 1.469648 1.371892 0.006872
 29.200000 3.264514 1.340439 1.512332 1.321868 0.564410
 29.300000 3.332899 1.338266 1.452614 1.378538 0.485110
 29.400000 3.251593 1.331628 1.463210 1.331334 1.050220
 29.500000 3.281327 1.411149 1.498309 1.383702 0.156282
 29.600000 3.279255 1.318891 1.469087 1.333959 0.192893
 29.700000 3.331836 1.337309 1.451214 1.366143 0.454254
 29.800000 3.263615 1.357087 1.501730 1.316972 0.593370
 29.900000 3.284987 1.356100 1.457905 1.372907 0.101014
 30.000000 3.289687 1.328595 1.468920 1.342063 0.047674
 30.100000 3.297793 1.367360 1.485751 1.346083 0.002183
 30.200000 3.282269 1.367618 1.564259 1.346383 0.140903
 30.300000 3.309917 1.320659 1.472163 1.346709 0.044080
 30.400000 3.295753 1.340923 1.448492 1.343621 0.008086
 30.500000 3.242207 1.375929 1.475718 1.348268 1.496978
 30.600000 3.304147 1.336900 1.438305 1.351693 0.007709
 30.700000 3.312927 1.317871 1.506523 1.351000 0.074901
 30.800000 3.280083 1.399590 1.507134 1.332467 0.177800
 30.900000 3.285063 1.339621 1.493437 1.351785 0.100001
 31.000000 3.303667 1.325147 1.441078 1.365388 0.006028
 31.100000 3.286101 1.367193 1.479804 1.334279 0.086580
 31.200000 3.281269 1.363589 1.513311 1.342639 0.157248
 31.300000 3.313101 1.313655 1.466397 1.355275 0.076931
 31.400000 3.301881 1.344952 1.437732 1.336432 0.001586
 31.500000 3.247608 1.394537 1.500038 1.349320 1.230269
 31.600000 3.267473 1.324932 1.485926 1.351041 0.474212
 31.700000 3.335410 1.348774 1.438533 1.351415 0.561969
 31.800000 3.267084 1.348177 1.495219 1.349808 0.485595
 31.900000 3.269386 1.367773 1.483472 1.357995 0.420064
 32.000000 3.324445 1.326850 1.469801 1.347856 0.267834
 32.100000 3.315071 1.360175 1.451523 1.329592 0.101801
 32.200000 3.227407 1.354323 1.529699 1.354728 2.361875
 32.300000 3.298422 1.369514 1.444533 1.383829 0.001116
 32.400000 3.305526 1.315171 1.445732 1.313756 0.013685
 32.500000 3.282449 1.386665 1.521943 1.358002 0.138060
 32.600000 3.285623 1.329368 1.491079 1.354045 0.092640
 32.700000 3.307033 1.331798 1.450605 1.337553 0.022169
 32.800000 3.268477 1.382303 1.452558 1.362451 0.445372
 32.900000 3.280235 1.344492 1.490449 1.339694 0.175090
 33.000000 3.303496 1.332934 1.502206 1.361007 0.005479
 33.100000 3.305542 1.345230 1.468036 1.343143 0.013765
 33.200000 3.284381 1.355491 1.489358 1.339305 0.109334
 33.300000 3.275765 1.345743 1.447589 1.357944 0.263253
 33.400000 3.320516 1.330435 1.477296 1.347474 0.188642
 33.500000 3.272161 1.354796 1.510268 1.351143 0.347358
 33.600000 3.280520 1.365113 1.456838 1.349163 0.170074
 33.700000 3.305629 1.318597 1.451763 1.345853 0.014202
 33.800000 3.280201 1.358904 1.462419 1.351788 0.175701
 33.900000 3.296039 1.348279 1.534063 1.343966 0.007032
 34.000000 3.299962 1.342250 1.476948 1.343673 0.000001
 34.100000 3.294955 1.333658 1.467095 1.337767 0.011406
 34.200000 3.274106 1.373597 1.488385 1.368520 0.300516
 34.300000 3.259438 1.326468 1.464768 1.332557 0.737422
 34.400000 3.346684 1.362145 1.466845 1.347584 0.976821
 34.500000 3.245574 1.331840 1.485276 1.344046 1.327644
 34.600000 3.312438 1.357490 1.495125 1.358311 0.069338
 34.700000 3.273403 1.347039 1.479591 1.336296 0.317066
 34.800000 3.285316 1.349227 1.431391 1.352322 0.096637
 34.900000 3.293016 1.339319 1.514617 1.359793 0.021864
 35.000000 3.262999 1.360104 1.474982 1.350035 0.613610
 35.100000 3.344589 1.330727 1.472958 1.332645 0.891108
 35.200000 3.268916 1.363028 1.479641 1.374481 0.433064
 35.300000 3.271895 1.338402 1.491522 1.342434 0.354021
 35.400000 3.341445 1.354595 1.471441 1.339264 0.769878
 35.500000 3.249699 1.346581 1.474559 1.360224 1.134048
 35.600000 3.278942 1.339013 1.496321 1.346295 0.198749
 35.700000 3.308744 1.379495 1.411826 1.350288 0.034272
 35.800000 3.281315 1.319831 1.512416 1.326628 0.156477
 35.900000 3.309774 1.356083 1.506504 1.376559 0.042819
 36.000000 3.267206 1.345319 1.481879 1.330479 0.482024
 36.100000 3.311664 1.354426 1.446958 1.342619 0.060979
 36.200000 3.234205 1.335036 1.480845 1.373263 1.940233
 36.300000 3.291445 1.380576 1.484674 1.356059 0.032802
 36.400000 3.310694 1.323282 1.480946 1.301823 0.051256
 36.500000 3.310489 1.353513 1.475766 1.356359 0.049311
 36.600000 3.280423 1.338088 1.494147 1.352779 0.171780
 36.700000 3.265236 1.362419 1.453461 1.337842 0.541656
 36.800000 3.322427 1.348921 1.431488 1.351659 0.225439
 36.900000 3.259498 1.353244 1.526652 1.355775 0.735221
 37.000000 3.287658 1.376040 1.514401 1.368518 0.068275
 37.100000 3.336225 1.328880 1.443714 1.307602 0.588147
 37.200000 3.263076 1.354071 1.454652 1.389870 0.611068
 37.300000 3.261294 1.345512 1.505396 1.336009 0.671490
 37.400000 3.320543 1.354232 1.458250 1.336986 0.189147
 37.500000 3.285866 1.352829 1.459509 1.339726 0.089532
 37.600000 3.286596 1.342656 1.499632 1.377504 0.080528
 37.700000 3.260440 1.363644 1.501544 1.325969 0.701430
 37.800000 3.338177 1.357152 1.425914 1.347503 0.653244
 37.900000 3.258480 1.319454 1.509140 1.345520 0.772674
 38.000000 3.262028 1.368536 1.462851 1.364920 0.646255
 38.100000 3.345987 1.351656 1.469391 1.328007 0.947836
 38.200000 3.276072 1.348733 1.480589 1.355584 0.256608
 38.300000 3.265641 1.346303 1.495991 1.359164 0.529124
 38.400000 3.312256 1.358787 1.462808 1.349665 0.067327
 38.500000 3.292627 1.319672 1.469369 1.322343 0.024367
 38.600000 3.305244 1.374847 1.509040 1.366962 0.012324
 38.700000 3.251252 1.332869 1.442060 1.357997 1.065067
 38.800000 3.329743 1.348647 1.467468 1.319593 0.396491
 38.900000 3.269903 1.358187 1.496525 1.348619 0.405988
 39.000000 3.259631 1.343403 1.482535 1.365102 0.730399
 39.100000 3.321578 1.348009 1.455591 1.341075 0.208681
 39.200000 3.255256 1.372550 1.461681 1.345630 0.897299
 39.300000 3.326600 1.326459 1.524162 1.357588 0.317122
 39.400000 3.273748 1.356934 1.469953 1.338824 0.308890
 39.500000 3.305456 1.349382 1.459662 1.342139 0.013340
 39.600000 3.290972 1.336561 1.478747 1.338752 0.036529
 39.700000 3.244874 1.380334 1.491540 1.384752 1.362000
 39.800000 3.330034 1.335131 1.474926 1.321228 0.404305
 39.900000 3.273741 1.346231 1.441753 1.351129 0.309058
 40.000000 3.284139 1.358082 1.528964 1.363611 0.112756
 40.100000 3.306347 1.321665 1.438556 1.325278 0.018055
 40.200000 3.272021 1.360288 1.464300 1.346993 0.350850
 40.300000 3.293827 1.342244 1.491625 1.359064 0.017081
 40.400000 3.269364 1.327726 1.479916 1.346337 0.420656
 40.500000 3.323180 1.369460 1.486187 1.349742 0.240815
 40.600000 3.259187 1.327469 1.455841 1.332850 0.746558
 40.700000 3.282367 1.368566 1.504239 1.359337 0.139349
 40.800000 3.337771 1.333158 1.469919 1.336173 0.639421
 40.900000 3.271499 1.341503 1.491791 1.342550 0.364070
 41.000000 3.274127 1.354742 1.475574 1.366356 0.300032
 41.100000 3.276364 1.341803 1.425493 1.333502 0.250391
 41.200000 3.297352 1.356254 1.491179 1.367475 0.003144
 41.300000 3.280918 1.342560 1.536597 1.344726 0.163199
 41.400000 3.300322 1.347056 1.504555 1.370068 0.000047
 41.500000 3.310495 1.345310 1.451103 1.316931 0.049366
 41.600000 3.280675 1.349902 1.467028 1.366105 0.167384
 41.700000 3.245977 1.350405 1.487756 1.354758 1.308088
 41.800000 3.334716 1.346111 1.436574 1.331528 0.540186
 41.900000 3.280124 1.336377 1.504777 1.331288 0.177057
 42.000000 3.245564 1.372972 1.511277 1.394080 1.328145
 42.100000 3.294807 1.349294 1.459726 1.325750 0.012086
 42.200000 3.307043 1.328859 1.427116 1.347259 0.022231
 42.300000 3.300203 1.346670 1.527595 1.333058 0.000019
 42.400000 3.269077 1.372080 1.488503 1.359653 0.428571
 42.500000 3.291372 1.327955 1.440083 1.341226 0.033368
 42.600000 3.325000 1.351386 1.455638 1.356325 0.280134
 42.700000 3.244903 1.367413 1.578141 1.357086 1.360578
 42.800000 3.333107 1.338332 1.502531 1.345254 0.491263
 42.900000 3.276920 1.342313 1.396425 1.329079 0.238749
 43.000000 3.272015 1.359014 1.468479 1.367204 0.351010
 43.100000 3.265999 1.349912 1.486080 1.356903 0.518148
 43.200000 3.323710 1.361777 1.515113 1.329273 0.251959
 43.300000 3.302928 1.333915 1.469048 1.342273 0.003844
 43.400000 3.241187 1.355260 1.466073 1.367945 1.550293
 43.500000 3.302932 1.357027 1.483217 1.341357 0.003853
 43.600000 3.297901 1.347155 1.466758 1.336490 0.001974
 43.700000 3.298680 1.340063 1.544777 1.370940 0.000781
 43.800000 3.299195 1.352819 1.448615 1.340480 0.000290
 43.900000 3.268267 1.351387 1.494493 1.338645 0.451317
 44.000000 3.295594 1.354912 1.474554 1.361543 0.008702
 44.100000 3.280267 1.313968 1.488425 1.332603 0.174521
 44.200000 3.323001 1.395855 1.498203 1.362121 0.237116
 44.300000 3.245427 1.316447 1.445297 1.324984 1.334850
 44.400000 3.319576 1.383829 1.465846 1.402496 0.171765
 44.500000 3.237666 1.330053 1.479210 1.307992 1.741471
 44.600000 3.344636 1.362563 1.472304 1.354420 0.892981
 44.700000 3.254506 1.319045 1.526963 1.339842 0.927637
 44.800000 3.290251 1.378614 1.434074 1.349566 0.042598
 44.900000 3.308738 1.335821 1.512882 1.331633 0.034218
 45.000000 3.273589 1.357456 1.451761 1.379541 0.312632
 45.100000 3.302347 1.336514 1.535202 1.329979 0.002470
 45.200000 3.279241 1.359638 1.423673 1.354444 0.193138
 45.300000 3.266401 1.334682 1.461878 1.335856 0.505982
 45.400000 3.290061 1.350998 1.478257 1.366837 0.044271
 45.500000 3.280344 1.342777 1.476462 1.338420 0.173162
 45.600000 3.339450 1.354134 1.511480 1.344391 0.697542
 45.700000 3.250324 1.337916 1.448865 1.357472 1.106018
 45.800000 3.289571 1.340206 1.489028 1.362222 0.048748
 45.900000 3.300001 1.369049 1.462101 1.328980 0.000000
 46.000000 3.283491 1.318592 1.510643 1.338825 0.122157
 46.100000 3.315589 1.367021 1.507440 1.375816 0.108926
 46.200000 3.245898 1.334117 1.468306 1.317234 1.311905
 46.300000 3.328020 1.384570 1.443082 1.365682 0.351884
 46.400000 3.243299 1.311458 1.472884 1.360813 1.440965
 46.500000 3.316156 1.379789 1.503458 1.352209 0.116990
 46.600000 3.289596 1.326487 1.473789 1.318508 0.048513
 46.700000 3.295444 1.366673 1.433859 1.384625 0.009302
 46.800000 3.253612 1.337437 1.504631 1.333512 0.964469
 46.900000 3.306794 1.380505 1.442949 1.351062 0.020691
 47.000000 3.312771 1.317269 1.527635 1.344247 0.073102
 47.100000 3.275609 1.371623 1.465133 1.376726 0.266641
 47.200000 3.286096 1.353214 1.508406 1.329225 0.086644
 47.300000 3.309495 1.355716 1.421008 1.362538 0.040410
 47.400000 3.251818 1.316635 1.510900 1.337862 1.040498
 47.500000 3.281636 1.373425 1.472641 1.357408 0.151151
 47.600000 3.285350 1.347871 1.421704 1.338421 0.096196
 47.700000 3.317845 1.346110 1.487822 1.362251 0.142726
 47.800000 3.242472 1.353423 1.509784 1.359908 1.483324
 47.900000 3.325575 1.373839 1.502936 1.350064 0.293150
 48.000000 3.288595 1.318597 1.440203 1.324173 0.058302
 48.100000 3.270521 1.352117 1.488085 1.369029 0.389501
 48.200000 3.307735 1.358938 1.498469 1.341049 0.026819
 48.300000 3.301498 1.319387 1.485132 1.316964 0.001005
 48.400000 3.314421 1.361722 1.472300 1.371033 0.093211
 48.500000 3.225360 1.354796 1.471027 1.360481 2.497012
 48.600000 3.264624 1.371057 1.455962 1.345679 0.560907
 48.700000 3.325453 1.326371 1.425922 1.326469 0.290360
 48.800000 3.303652 1.339981 1.510373 1.351857 0.005979
 48.900000 3.260895 1.361128 1.531744 1.349955 0.685391
 49.000000 3.311202 1.351274 1.434079 1.339459 0.056239
 49.100000 3.273387 1.332061 1.447060 1.357446 0.317447
 49.200000 3.265444 1.369611 1.542742 1.367371 0.535213
 49.300000 3.318572 1.344609 1.509935 1.328715 0.154585
 49.400000 3.304063 1.322405 1.437955 1.340865 0.007398
 49.500000 3.264608 1.365663 1.458541 1.363398 0.561418
 49.600000 3.238601 1.352665 1.472733 1.340586 1.689636
 49.700000 3.350893 1.350204 1.479754 1.366845 1.160870
 49.800000 3.283990 1.334646 1.527093 1.331329 0.114881
 49.900000 3.271619 1.361600 1.478043 1.349601 0.361011
 50.000000 3.294947 1.347456 1.468066 1.356528 0.011443
