#! FIELDS time d1 d2 d3 d4 rest.bias
 0.000000 1.773989 1.484929 1.323089 1.557432 2.453629
 0.100000 1.618704 1.487914 1.386576 1.494161 2.962162
 0.200000 1.601301 1.559456 1.348682 1.493751 4.366118
 0.300000 1.716034 1.488773 1.311111 1.522013 0.115232
 0.400000 1.709645 1.521182 1.374754 1.551782 0.041691
 0.500000 1.600497 1.493190 1.419632 1.477438 4.437574
 0.600000 1.625898 1.536866 1.311987 1.532743 2.461140
 0.700000 1.716012 1.535234 1.266532 1.589830 0.114914
 0.800000 1.677427 1.483004 1.380851 1.493539 0.228384
 0.900000 1.638807 1.557710 1.420779 1.519800 1.678323
 1.000000 1.677987 1.489407 1.296549 1.519273 0.217183
 1.100000 1.666788 1.516443 1.323962 1.545781 0.494386
 1.200000 1.616659 1.518959 1.395650 1.487621 3.113103
 1.300000 1.679975 1.489061 1.418146 1.505377 0.179727
 1.400000 1.713174 1.513813 1.314966 1.548839 0.077792
 1.500000 1.648753 1.512151 1.322990 1.509491 1.177089
 1.600000 1.641128 1.522580 1.376372 1.514444 1.553423
 1.700000 1.714474 1.514231 1.344923 1.539316 0.093902
 1.800000 1.699887 1.494905 1.297298 1.523617 0.000006
 1.900000 1.588627 1.551169 1.395497 1.491317 5.559408
 2.000000 1.631573 1.511457 1.359078 1.508725 2.098564
 2.100000 1.719803 1.506251 1.344101 1.537357 0.175773
 2.200000 1.664972 1.522078 1.328095 1.510741 0.549914
 2.300000 1.599910 1.532997 1.381598 1.526077 4.490035
 2.400000 1.683070 1.474842 1.308626 1.500997 0.128466
 2.500000 1.733773 1.552976 1.323119 1.574231 0.511211
 2.600000 1.647137 1.502394 1.385538 1.469928 1.252480
 2.700000 1.624747 1.505841 1.369635 1.514449 2.538187
 2.800000 1.672637 1.526333 1.313336 1.558427 0.335590
 2.900000 1.674370 1.499695 1.359862 1.475328 0.294421
 3.000000 1.644454 1.527513 1.390543 1.524559 1.382879
 3.100000 1.671127 1.514856 1.322431 1.540277 0.373641
 3.200000 1.695667 1.509839 1.280632 1.504664 0.008414
 3.300000 1.640928 1.553417 1.398932 1.537462 1.563978
 3.400000 1.658920 1.493919 1.369363 1.498320 0.756371
 3.500000 1.685042 1.528701 1.317827 1.540821 0.100277
 3.600000 1.644091 1.545344 1.331807 1.482173 1.400994
 3.700000 1.620645 1.504091 1.415599 1.486578 2.822426
 3.800000 1.673296 1.498917 1.352084 1.545132 0.319610
 3.900000 1.716624 1.546616 1.300670 1.532654 0.123868
 4.000000 1.648226 1.509598 1.354868 1.500651 1.201429
 4.100000 1.631938 1.515593 1.369713 1.537069 2.076238
 4.200000 1.694217 1.517513 1.305163 1.531055 0.014991
 4.300000 1.678547 1.498312 1.353919 1.492469 0.206285
 4.400000 1.615506 1.538330 1.395342 1.543785 3.199807
 4.500000 1.652394 1.474049 1.366348 1.507661 1.015765
 4.600000 1.690814 1.556382 1.296344 1.512444 0.037817
 4.700000 1.664732 1.511702 1.370331 1.520232 0.557486
 4.800000 1.643202 1.474534 1.363877 1.507818 1.445916
 4.900000 1.684004 1.563312 1.310636 1.548224 0.114679
 5.000000 1.682378 1.482617 1.328174 1.491285 0.139180
 5.100000 1.635233 1.506605 1.426791 1.522597 1.880076
 5.200000 1.647280 1.516738 1.351235 1.534970 1.245738
 5.300000 1.699337 1.521079 1.307991 1.482238 0.000197
 5.400000 1.635021 1.550907 1.345814 1.536607 1.892404
 5.500000 1.626753 1.474555 1.397347 1.535507 2.404622
 5.600000 1.710634 1.512199 1.324891 1.513752 0.050685
 5.700000 1.705592 1.529130 1.299289 1.566678 0.014013
 5.800000 1.611204 1.488077 1.375429 1.533564 3.533972
 5.900000 1.641250 1.495598 1.364879 1.493881 1.546970
 6.000000 1.698741 1.537363 1.322282 1.555024 0.000711
 6.100000 1.661610 1.480946 1.363702 1.501206 0.660552
 6.200000 1.617758 1.495732 1.370129 1.535913 3.031540
 6.300000 1.692740 1.558747 1.327587 1.539768 0.023627
 6.400000 1.713865 1.485042 1.332170 1.471249 0.086158
 6.500000 1.633534 1.533005 1.377051 1.596369 1.980055
 6.600000 1.643115 1.507185 1.306516 1.470013 1.450330
 6.700000 1.695217 1.523647 1.333290 1.530054 0.010253
 6.800000 1.676923 1.505069 1.393714 1.559455 0.238691
 6.900000 1.621815 1.464439 1.386219 1.461757 2.739795
 7.000000 1.648778 1.603093 1.311064 1.567956 1.175954
 7.100000 1.697375 1.493649 1.317790 1.471803 0.003088
 7.200000 1.672798 1.505191 1.413377 1.516487 0.331645
 7.300000 1.645178 1.553945 1.364094 1.527918 1.347052
 7.400000 1.676885 1.504408 1.275530 1.474095 0.239467
 7.500000 1.671610 1.539884 1.364427 1.599423 0.361234
 7.600000 1.646169 1.519739 1.413402 1.449830 1.298770
 7.700000 1.664644 1.531032 1.358095 1.500042 0.560264
 7.800000 1.668725 1.526268 1.294299 1.557580 0.438399
 7.900000 1.651074 1.521469 1.376445 1.489938 1.072888
 8.000000 1.657435 1.533197 1.399849 1.503297 0.812027
 8.100000 1.684397 1.544337 1.279145 1.518165 0.109112
 8.200000 1.668071 1.520685 1.344615 1.520715 0.456925
 8.300000 1.658303 1.531503 1.384837 1.488798 0.779249
 8.400000 1.677370 1.553840 1.342441 1.511243 0.229532
 8.500000 1.641524 1.488947 1.307491 1.530777 1.532613
 8.600000 1.628399 1.548212 1.376204 1.510858 2.297803
 8.700000 1.704914 1.533098 1.422240 1.487042 0.010822
 8.800000 1.704333 1.488276 1.306362 1.510422 0.008416
 8.900000 1.633792 1.582034 1.317702 1.537330 1.964676
 9.000000 1.655116 1.485880 1.375225 1.452999 0.902925
 9.100000 1.707550 1.540912 1.350981 1.557926 0.025546
 9.200000 1.653866 1.496357 1.326274 1.509543 0.953944
 9.300000 1.622226 1.499941 1.349334 1.472895 2.711083
 9.400000 1.693160 1.595439 1.387593 1.524350 0.020968
 9.500000 1.704124 1.450860 1.337054 1.475950 0.007624
 9.600000 1.632213 1.578538 1.339358 1.534303 2.059529
 9.700000 1.628589 1.548180 1.349519 1.499447 2.285630
 9.800000 1.693480 1.503891 1.318068 1.503398 0.019056
 9.900000 1.680991 1.597642 1.348441 1.550567 0.161956
 10.000000 1.632109 1.485782 1.376041 1.480984 2.065864
 10.100000 1.645687 1.532508 1.349209 1.543889 1.322148
 10.200000 1.670489 1.502529 1.327325 1.520938 0.390330
 10.300000 1.672909 1.497755 1.363487 1.510355 0.328955
 10.400000 1.649619 1.508853 1.367941 1.517487 1.137619
 10.500000 1.692976 1.474829 1.308568 1.556516 0.022110
 10.600000 1.705137 1.498472 1.322477 1.541892 0.011826
 10.700000 1.630906 1.494257 1.384874 1.532840 2.139692
 10.800000 1.660022 1.493892 1.337370 1.540733 0.716329
 10.900000 1.666767 1.489779 1.316274 1.531569 0.495016
 11.000000 1.645845 1.526251 1.395224 1.556251 1.314448
 11.100000 1.660791 1.495532 1.373191 1.480582 0.689049
 11.200000 1.669218 1.547152 1.301321 1.559195 0.424676
 11.300000 1.649056 1.520929 1.346255 1.535199 1.163207
 11.400000 1.643015 1.518182 1.384210 1.474956 1.455446
 11.500000 1.682899 1.570490 1.330076 1.568398 0.131072
 11.600000 1.682047 1.494141 1.303959 1.490401 0.144461
 11.700000 1.636774 1.518052 1.405812 1.518323 1.791669
 11.800000 1.647205 1.510123 1.392265 1.500830 1.249258
 11.900000 1.702584 1.495157 1.287929 1.507687 0.002993
 12.000000 1.653667 1.529263 1.331112 1.598990 0.962172
 12.100000 1.655202 1.473844 1.391589 1.468542 0.899466
 12.200000 1.705436 1.538138 1.345987 1.558763 0.013243
 12.300000 1.671888 1.489432 1.297382 1.531900 0.354210
 12.400000 1.617956 1.510391 1.365646 1.515181 3.016957
 12.500000 1.648901 1.504588 1.400079 1.535743 1.170309
 12.600000 1.713109 1.511823 1.333703 1.512224 0.077016
 12.700000 1.670280 1.542038 1.333189 1.563616 0.395898
 12.800000 1.600229 1.528088 1.364277 1.476435 4.461472
 12.900000 1.688187 1.555276 1.338022 1.509774 0.062545
 13.000000 1.718461 1.520799 1.314761 1.520729 0.152751
 13.100000 1.628845 1.553743 1.368476 1.481183 2.269223
 13.200000 1.604734 1.530667 1.356705 1.489293 4.067721
 13.300000 1.714177 1.509702 1.319381 1.500173 0.090080
 13.400000 1.698960 1.563210 1.362791 1.502435 0.000485
 13.500000 1.609520 1.491640 1.373431 1.471561 3.669235
 13.600000 1.665718 1.543667 1.341528 1.549468 0.526755
 13.700000 1.728145 1.505514 1.299316 1.515477 0.355047
 13.800000 1.656810 1.525265 1.389554 1.522528 0.836062
 13.900000 1.628182 1.508452 1.371690 1.531054 2.311753
 14.000000 1.676534 1.489781 1.308570 1.526836 0.246807
 14.100000 1.670251 1.556324 1.349107 1.524983 0.396649
 14.200000 1.623020 1.484230 1.398885 1.479324 2.655988
 14.300000 1.670565 1.529158 1.358796 1.549242 0.388341
 14.400000 1.715946 1.544497 1.282356 1.519527 0.113969
 14.500000 1.632930 1.514321 1.359519 1.494635 2.016162
 14.600000 1.636863 1.542224 1.378723 1.513860 1.786648
 14.700000 1.714918 1.493457 1.311530 1.498206 0.099742
 14.800000 1.680884 1.544120 1.348836 1.518109 0.163777
 14.900000 1.614314 1.492827 1.373114 1.491987 3.290752
 15.000000 1.661030 1.491704 1.368798 1.534661 0.680666
 15.100000 1.707505 1.548300 1.309998 1.511147 0.025248
 15.200000 1.650744 1.496265 1.367818 1.517199 1.087387
 15.300000 1.650580 1.502559 1.372438 1.565679 1.094668
 15.400000 1.679048 1.508190 1.290108 1.543423 0.196755
 15.500000 1.663231 1.517906 1.354428 1.535242 0.605942
 15.600000 1.632170 1.473908 1.389181 1.509369 2.062134
 15.700000 1.668891 1.513753 1.355427 1.592082 0.433751
 15.800000 1.694007 1.515118 1.297772 1.507026 0.016095
 15.900000 1.630981 1.518497 1.361434 1.508129 2.135048
 16.000000 1.644152 1.495752 1.404140 1.534691 1.397935
 16.100000 1.716791 1.507152 1.305334 1.499303 0.126363
 16.200000 1.689697 1.567719 1.306100 1.555941 0.047576
 16.300000 1.609847 1.471883 1.409003 1.470645 3.642792
 16.400000 1.662217 1.511702 1.382971 1.524724 0.639824
 16.500000 1.696082 1.547967 1.316621 1.515123 0.006880
 16.600000 1.634541 1.515710 1.340687 1.473373 1.920455
 16.700000 1.624258 1.522441 1.386556 1.561213 2.571268
 16.800000 1.697882 1.501789 1.336673 1.501696 0.002011
 16.900000 1.703270 1.560978 1.313222 1.517991 0.004791
 17.000000 1.616793 1.511355 1.359187 1.528761 3.103092
 17.100000 1.660821 1.508976 1.348400 1.532015 0.687983
 17.200000 1.719375 1.517979 1.314259 1.546849 0.168258
 17.300000 1.651387 1.501933 1.386726 1.494743 1.059194
 17.400000 1.614080 1.496391 1.379834 1.522448 3.308759
 17.500000 1.670421 1.516354 1.306115 1.508988 0.392150
 17.600000 1.736139 1.576611 1.328989 1.509236 0.585351
 17.700000 1.660668 1.479944 1.413398 1.501378 0.693358
 17.800000 1.631173 1.510851 1.341762 1.522158 2.123183
 17.900000 1.682254 1.550203 1.291880 1.523208 0.141144
 18.000000 1.666132 1.508034 1.363197 1.484446 0.514090
 18.100000 1.626158 1.521571 1.441953 1.510342 2.443907
 18.200000 1.665563 1.498697 1.340153 1.494851 0.531515
 18.300000 1.691473 1.590775 1.291999 1.522851 0.032589
 18.400000 1.640442 1.490251 1.359465 1.523402 1.589831
 18.500000 1.656654 1.496679 1.380459 1.526444 0.842125
 18.600000 1.701072 1.576405 1.307179 1.524777 0.000515
 18.700000 1.688471 1.488992 1.336919 1.498842 0.059576
 18.800000 1.595809 1.509162 1.402745 1.551241 4.865535
 18.900000 1.645944 1.500209 1.359456 1.505799 1.309678
 19.000000 1.708541 1.528337 1.312703 1.514148 0.032693
 19.100000 1.650065 1.497592 1.370984 1.537973 1.117603
 19.200000 1.638654 1.487853 1.371962 1.523125 1.686725
 19.300000 1.716339 1.572019 1.298281 1.510123 0.119653
 19.400000 1.674749 1.500377 1.319788 1.532836 0.285776
 19.500000 1.595946 1.486209 1.401747 1.525668 4.852749
 19.600000 1.679843 1.519781 1.345680 1.487990 0.182098
 19.700000 1.708399 1.548661 1.331697 1.513003 0.031614
 19.800000 1.625470 1.507484 1.358800 1.502964 2.489597
 19.900000 1.596941 1.514511 1.378575 1.514676 4.760394
 20.000000 1.737783 1.563836 1.307465 1.506083 0.639826
 20.100000 1.707186 1.505599 1.331200 1.518947 0.023144
 20.200000 1.614629 1.514785 1.362386 1.573937 3.266552
 20.300000 1.656050 1.510032 1.335298 1.482827 0.865727
 20.400000 1.710092 1.537245 1.328532 1.525529 0.045648
 20.500000 1.650256 1.516803 1.391348 1.548380 1.109061
 20.600000 1.627334 1.463269 1.356338 1.467193 2.366679
 20.700000 1.670892 1.568447 1.325803 1.550597 0.379755
 20.800000 1.675591 1.492901 1.330335 1.504208 0.267031
 20.900000 1.654815 1.503628 1.386366 1.529986 0.915070
 21.000000 1.647932 1.564563 1.313910 1.500158 1.215097
 21.100000 1.705127 1.516902 1.317309 1.492887 0.011780
 21.200000 1.649637 1.504187 1.389086 1.558853 1.136839
 21.300000 1.622921 1.505118 1.386065 1.486007 2.662864
 21.400000 1.673599 1.541000 1.323798 1.502539 0.312403
 21.500000 1.693176 1.525298 1.319671 1.526767 0.020872
 21.600000 1.653758 1.515045 1.392001 1.529896 0.958379
 21.700000 1.649814 1.532586 1.358850 1.483682 1.128832
 21.800000 1.672418 1.540265 1.274496 1.537538 0.340976
 21.900000 1.669349 1.488505 1.376334 1.569966 0.421074
 22.000000 1.651332 1.484367 1.371875 1.481452 1.061613
 22.100000 1.668725 1.548393 1.358096 1.542532 0.438391
 22.200000 1.655869 1.459677 1.309382 1.514866 0.872905
 22.300000 1.621258 1.528138 1.372173 1.549128 2.778969
 22.400000 1.683555 1.535313 1.358453 1.493338 0.121212
 22.500000 1.720843 1.504258 1.308287 1.520300 0.194717
 22.600000 1.644444 1.517608 1.367665 1.576747 1.383341
 22.700000 1.635242 1.488058 1.366591 1.469439 1.879550
 22.800000 1.670238 1.560383 1.324031 1.505946 0.397003
 22.900000 1.660704 1.510187 1.345829 1.527858 0.692116
 23.000000 1.653800 1.489053 1.376253 1.483154 0.956670
 23.100000 1.682654 1.577576 1.359584 1.516960 0.134863
 23.200000 1.680303 1.510372 1.281012 1.497513 0.173894
 23.300000 1.640160 1.509411 1.364989 1.540463 1.604908
 23.400000 1.648422 1.532106 1.376403 1.497724 1.192328
 23.500000 1.704666 1.549360 1.329714 1.500243 0.009759
 23.600000 1.658653 1.488348 1.335612 1.542187 0.766248
 23.700000 1.597684 1.507539 1.391027 1.556510 4.691998
 23.800000 1.676427 1.526535 1.351636 1.481990 0.249062
 23.900000 1.710571 1.508361 1.307268 1.547627 0.050082
 24.000000 1.670564 1.527206 1.360159 1.560377 0.388343
 24.100000 1.626356 1.495504 1.353338 1.468821 2.430796
 24.200000 1.665016 1.553915 1.316805 1.541461 0.548527
 24.300000 1.696347 1.481020 1.348456 1.531609 0.005981
 24.400000 1.639644 1.486170 1.399451 1.502432 1.632701
 24.500000 1.636451 1.569782 1.356518 1.495458 1.810050
 24.600000 1.679366 1.486959 1.295516 1.503862 0.190823
 24.700000 1.667052 1.534709 1.371189 1.544476 0.486541
 24.800000 1.659662 1.524525 1.375388 1.488376 0.729282
 24.900000 1.683615 1.512996 1.311079 1.520816 0.120332
 25.000000 1.671700 1.517246 1.334905 1.565557 0.358959
 25.100000 1.635247 1.482709 1.392311 1.498992 1.879263
 25.200000 1.622873 1.543991 1.377270 1.493955 2.666116
 25.300000 1.664529 1.515701 1.295463 1.544434 0.563923
 25.400000 1.683538 1.486195 1.358044 1.552342 0.121468
 25.500000 1.649850 1.515505 1.395950 1.494685 1.127212
 25.600000 1.668610 1.553254 1.327063 1.535377 0.441617
 25.700000 1.661362 1.487053 1.281060 1.542641 0.669114
 25.800000 1.633327 1.537333 1.388453 1.522391 1.992380
 25.900000 1.693762 1.510914 1.390875 1.470375 0.017442
 26.000000 1.699869 1.512739 1.329971 1.516068 0.000008
 26.100000 1.622320 1.527679 1.326382 1.570285 2.704540
 26.200000 1.608687 1.483803 1.381596 1.445211 3.737112
 26.300000 1.739578 1.568177 1.350088 1.514811 0.702070
 26.400000 1.739594 1.538144 1.323064 1.577042 0.702652
 26.500000 1.608865 1.474336 1.341104 1.439752 3.722526
 26.600000 1.656817 1.587898 1.347534 1.556596 0.835773
 26.700000 1.716983 1.474288 1.334535 1.508094 0.129271
 26.800000 1.645404 1.496651 1.374854 1.525879 1.335961
 26.900000 1.588756 1.554381 1.359454 1.514585 5.546594
 27.000000 1.708616 1.519373 1.308254 1.472821 0.033272
 27.100000 1.707153 1.526021 1.356483 1.599529 0.022933
 27.200000 1.616779 1.506962 1.393545 1.502274 3.104151
 27.300000 1.644501 1.538865 1.328088 1.504478 1.380499
 27.400000 1.706467 1.521233 1.294050 1.569066 0.018744
 27.500000 1.665162 1.488386 1.386941 1.519188 0.543976
 27.600000 1.611426 1.525734 1.409416 1.495378 3.516300
 27.700000 1.677449 1.533632 1.321031 1.491626 0.227938
 27.800000 1.691618 1.491715 1.327799 1.563123 0.031491
 27.900000 1.628006 1.500525 1.360204 1.515112 2.323074
 28.000000 1.676905 1.550808 1.366480 1.488696 0.239066
 28.100000 1.727743 1.482072 1.313407 1.529355 0.344974
 28.200000 1.630590 1.526577 1.352425 1.553336 2.159308
 28.300000 1.627964 1.534517 1.345584 1.469314 2.325796
 28.400000 1.695154 1.516856 1.330532 1.498717 0.010527
 28.500000 1.680634 1.530018 1.383491 1.582087 0.168086
 28.600000 1.625991 1.470643 1.353259 1.484356 2.454925
 28.700000 1.648773 1.594215 1.306239 1.517286 1.176178
 28.800000 1.691622 1.530100 1.345479 1.515010 0.031458
 28.900000 1.662181 1.463064 1.407031 1.504809 0.641045
 29.000000 1.639534 1.604565 1.350018 1.556289 1.638679
 29.100000 1.677001 1.476304 1.286340 1.489246 0.237081
 29.200000 1.659151 1.491845 1.380095 1.564447 0.747896
 29.300000 1.635525 1.510866 1.392216 1.522488 1.863151
 29.400000 1.692715 1.520015 1.325607 1.468918 0.023789
 29.500000 1.668679 1.536291 1.305848 1.595116 0.439680
 29.600000 1.619424 1.466508 1.373876 1.539854 2.909968
 29.700000 1.689311 1.543555 1.358024 1.478933 0.051211
 29.800000 1.709062 1.528131 1.318192 1.530839 0.036808
 29.900000 1.645843 1.494712 1.359079 1.541646 1.314541
 30.000000 1.624980 1.516079 1.349940 1.469919 2.522495
 30.100000 1.678380 1.606927 1.339265 1.503411 0.209494
 30.200000 1.688801 1.483815 1.356786 1.501304 0.056216
 30.300000 1.626909 1.514748 1.370925 1.528754 2.394418
 30.400000 1.664699 1.559612 1.331209 1.507609 0.558514
 30.500000 1.703530 1.510786 1.316359 1.484704 0.005583
 30.600000 1.644022 1.538537 1.395352 1.574584 1.404433
 30.700000 1.625862 1.521822 1.344617 1.465834 2.463490
 30.800000 1.686255 1.538191 1.298231 1.516017 0.084670
 30.900000 1.679701 1.502020 1.382678 1.600408 0.184689
 31.000000 1.644485 1.430724 1.400361 1.476027 1.381321
 31.100000 1.646695 1.592858 1.336744 1.559555 1.273518
 31.200000 1.672939 1.485274 1.283679 1.513083 0.328209
 31.300000 1.664980 1.479418 1.382391 1.536687 0.549687
 31.400000 1.669683 1.543700 1.397648 1.512785 0.411942
 31.500000 1.691747 1.499784 1.298001 1.470949 0.030526
 31.600000 1.650295 1.515717 1.328138 1.620714 1.107295
 31.700000 1.624243 1.499637 1.385021 1.462202 2.572305
 31.800000 1.690679 1.550686 1.380664 1.482260 0.038939
 31.900000 1.686270 1.519253 1.311893 1.533585 0.084490
 32.000000 1.636316 1.526872 1.334338 1.518173 1.817769
 32.100000 1.650979 1.570017 1.347509 1.485497 1.077058
 32.200000 1.695430 1.526401 1.337379 1.507877 0.009359
 32.300000 1.683692 1.501099 1.358139 1.562470 0.119200
 32.400000 1.617124 1.530830 1.342230 1.464799 3.078434
 32.500000 1.661329 1.551361 1.339105 1.500762 0.670270
 32.600000 1.676455 1.470913 1.354926 1.549168 0.248464
 32.700000 1.648325 1.493473 1.370193 1.540964 1.196847
 32.800000 1.670249 1.531546 1.349654 1.522794 0.396721
 32.900000 1.690290 1.483088 1.292433 1.551275 0.042259
 33.000000 1.659030 1.501061 1.362304 1.599277 0.752312
 33.100000 1.616575 1.526596 1.355915 1.489918 3.119328
 33.200000 1.676648 1.547177 1.336176 1.533677 0.244415
 33.300000 1.691460 1.462618 1.350513 1.558631 0.032686
 33.400000 1.638081 1.508469 1.351381 1.486696 1.718399
 33.500000 1.650003 1.600475 1.352369 1.493988 1.120384
 33.600000 1.707656 1.444357 1.336298 1.485426 0.026272
 33.700000 1.668587 1.561650 1.355961 1.543972 0.442282
 33.800000 1.645770 1.544328 1.340003 1.460835 1.318125
 33.900000 1.687223 1.512593 1.314053 1.523695 0.073170
 34.000000 1.681622 1.510795 1.386867 1.556635 0.151384
 34.100000 1.638742 1.502762 1.374973 1.458855 1.681866
 34.200000 1.633251 1.597407 1.315825 1.555682 1.996901
 34.300000 1.677876 1.444440 1.305234 1.540312 0.219381
 34.400000 1.674015 1.524895 1.394393 1.526590 0.302640
 34.500000 1.662418 1.546950 1.381970 1.499808 0.633051
 34.600000 1.654322 1.470602 1.291416 1.553104 0.935165
 34.700000 1.648539 1.523884 1.332782 1.579177 1.186939
 34.800000 1.673073 1.511405 1.408133 1.462516 0.324968
 34.900000 1.691856 1.541879 1.382844 1.551813 0.029730
 35.000000 1.667025 1.469847 1.299521 1.542498 0.487349
 35.100000 1.615467 1.539087 1.349454 1.496246 3.202766
 35.200000 1.655066 1.547634 1.382172 1.496854 0.904925
 35.300000 1.723403 1.482241 1.326794 1.545752 0.245479
 35.400000 1.669907 1.583271 1.312799 1.519547 0.405879
 35.500000 1.600041 1.547880 1.363049 1.423646 4.478360
 35.600000 1.679602 1.511678 1.360526 1.554760 0.186489
 35.700000 1.701144 1.495833 1.323423 1.536117 0.000587
 35.800000 1.645195 1.520454 1.366043 1.485266 1.346191
 35.900000 1.638662 1.528678 1.366580 1.500625 1.686296
 36.000000 1.688659 1.458895 1.324403 1.576538 0.057646
 36.100000 1.689825 1.555750 1.343300 1.512471 0.046403
 36.200000 1.634847 1.527657 1.375174 1.460167 1.902550
 36.300000 1.668160 1.509278 1.331571 1.618204 0.454367
 36.400000 1.676265 1.504279 1.311368 1.517324 0.252497
 36.500000 1.639158 1.555792 1.381748 1.485163 1.659149
 36.600000 1.639474 1.530667 1.386398 1.559836 1.641926
 36.700000 1.672039 1.457824 1.287446 1.508420 0.350399
 36.800000 1.684360 1.635772 1.340843 1.522538 0.109639
 36.900000 1.653848 1.501799 1.384736 1.442144 0.954657
 37.000000 1.660043 1.486859 1.362738 1.566650 0.715564
 37.100000 1.674326 1.555362 1.287667 1.519623 0.295441
 37.200000 1.662867 1.518342 1.369527 1.420965 0.618000
 37.300000 1.668749 1.503748 1.428095 1.599954 0.437722
 37.400000 1.683011 1.480589 1.325113 1.489973 0.129355
 37.500000 1.647952 1.584922 1.305663 1.489601 1.214176
 37.600000 1.650978 1.491106 1.369499 1.534207 1.077091
 37.700000 1.694040 1.450556 1.383902 1.565765 0.015922
 37.800000 1.667560 1.577797 1.326939 1.535522 0.471668
 37.900000 1.612693 1.515095 1.305322 1.474977 3.416404
 38.000000 1.650763 1.483579 1.405017 1.626504 1.086569
 38.100000 1.727936 1.503990 1.348645 1.503934 0.349787
 38.200000 1.690132 1.546202 1.324152 1.515437 0.043648
 38.300000 1.597245 1.480698 1.342858 1.578617 4.732347
 38.400000 1.644957 1.488605 1.358851 1.528935 1.357918
 38.500000 1.744764 1.580772 1.347594 1.507007 0.898107
 38.600000 1.667748 1.500346 1.340986 1.512999 0.466221
 38.700000 1.603091 1.504161 1.354605 1.546004 4.209170
 38.800000 1.671605 1.527382 1.323841 1.480890 0.361369
 38.900000 1.710863 1.560987 1.345540 1.522174 0.052889
 39.000000 1.643990 1.465697 1.382885 1.517556 1.406041
 39.100000 1.622485 1.512255 1.314653 1.507862 2.693060
 39.200000 1.718067 1.605054 1.320077 1.508270 0.146296
 39.300000 1.671790 1.455220 1.373582 1.462787 0.356675
 39.400000 1.616445 1.551533 1.395829 1.558607 3.129048
 39.500000 1.652074 1.543061 1.301106 1.463315 1.029460
 39.600000 1.689374 1.547381 1.332518 1.536734 0.050605
 39.700000 1.656818 1.503205 1.411390 1.564847 0.835741
 39.800000 1.637704 1.513423 1.354589 1.473193 1.739352
 39.900000 1.664527 1.644479 1.269172 1.554044 0.563994
 40.000000 1.670263 1.449247 1.356868 1.514445 0.396335
 40.100000 1.662867 1.534881 1.408767 1.518595 0.618006
 40.200000 1.668159 1.549225 1.343524 1.496032 0.454417
 40.300000 1.665730 1.473862 1.291259 1.514240 0.526385
 40.400000 1.626781 1.523743 1.399523 1.552787 2.402783
 40.500000 1.682949 1.498681 1.400979 1.443231 0.130311
 40.600000 1.731439 1.542677 1.324331 1.542716 0.443009
 40.700000 1.642995 1.463706 1.312855 1.542814 1.456449
 40.800000 1.636940 1.519055 1.385651 1.504177 1.782281
 40.900000 1.684328 1.536354 1.342973 1.508832 0.110084
 41.000000 1.675351 1.479734 1.320624 1.563197 0.272312
 41.100000 1.609257 1.537547 1.349093 1.543078 3.690620
 41.200000 1.650738 1.534196 1.368072 1.495261 1.087673
 41.300000 1.702554 1.504098 1.330311 1.558008 0.002925
 41.400000 1.652445 1.485708 1.349736 1.550217 1.013578
 41.500000 1.617741 1.545654 1.361970 1.517056 3.032780
 41.600000 1.686163 1.504796 1.314569 1.534211 0.085816
 41.700000 1.716416 1.442687 1.352224 1.572217 0.120790
 41.800000 1.633783 1.534561 1.424545 1.503482 1.965204
 41.900000 1.627637 1.507116 1.329567 1.475006 2.346952
 42.000000 1.704032 1.495644 1.308866 1.607592 0.007287
 42.100000 1.680148 1.496790 1.351262 1.492232 0.176642
 42.200000 1.646055 1.543439 1.421834 1.480973 1.304276
 42.300000 1.674681 1.508909 1.314343 1.547936 0.287321
 42.400000 1.687066 1.533201 1.281792 1.508728 0.074976
 42.500000 1.641011 1.581053 1.396495 1.466315 1.559591
 42.600000 1.661577 1.521695 1.386857 1.483864 0.661673
 42.700000 1.683391 1.510942 1.313841 1.577751 0.123647
 42.800000 1.631195 1.547005 1.332560 1.465025 2.121837
 42.900000 1.630294 1.591084 1.376382 1.463591 2.177773
 43.000000 1.700484 1.513860 1.354010 1.533017 0.000105
 43.100000 1.680134 1.572614 1.303026 1.501515 0.176884
 43.200000 1.632195 1.577300 1.371280 1.490075 2.060600
 43.300000 1.648209 1.470185 1.355046 1.500269 1.202195
 43.400000 1.707519 1.522440 1.327795 1.619397 0.025339
 43.500000 1.666075 1.505895 1.340288 1.459448 0.515833
 43.600000 1.620439 1.500730 1.395280 1.503016 2.837090
 43.700000 1.692585 1.472183 1.339636 1.606812 0.024642
 43.800000 1.699657 1.464833 1.319081 1.489444 0.000053
 43.900000 1.626151 1.544554 1.373507 1.547054 2.444363
 44.000000 1.647166 1.444113 1.358169 1.550416 1.251097
 44.100000 1.698124 1.483746 1.308442 1.560749 0.001578
 44.200000 1.660382 1.564537 1.352150 1.538137 0.703497
 44.300000 1.628646 1.492144 1.370463 1.498628 2.281981
 44.400000 1.657602 1.512270 1.348879 1.594647 0.805674
 44.500000 1.679157 1.534124 1.307225 1.500731 0.194712
 44.600000 1.650680 1.541992 1.375257 1.485386 1.090244
 44.700000 1.651619 1.492785 1.355600 1.582983 1.049107
 44.800000 1.700131 1.499437 1.303284 1.496626 0.000008
 44.900000 1.672461 1.593240 1.362971 1.469780 0.339907
 45.000000 1.649438 1.505291 1.382201 1.515603 1.145851
 45.100000 1.666451 1.477563 1.336863 1.532186 0.504452
 45.200000 1.671759 1.547994 1.322196 1.500251 0.357472
 45.300000 1.643133 1.535043 1.364769 1.496703 1.449424
 45.400000 1.673668 1.461688 1.380968 1.546976 0.310766
 45.500000 1.702274 1.565415 1.303904 1.514335 0.002318
 45.600000 1.661331 1.561097 1.342966 1.474479 0.670199
 45.700000 1.628803 1.473151 1.364191 1.542964 2.271938
 45.800000 1.672190 1.530698 1.341161 1.571590 0.346646
 45.900000 1.694120 1.541086 1.328012 1.440557 0.015499
 46.000000 1.646078 1.564102 1.372467 1.528260 1.303190
 46.100000 1.640422 1.500283 1.379267 1.507289 1.590886
 46.200000 1.662312 1.572488 1.312953 1.446484 0.636606
 46.300000 1.661758 1.596110 1.332191 1.504440 0.655467
 46.400000 1.659578 1.467185 1.385196 1.504483 0.732342
 46.500000 1.680156 1.565042 1.339006 1.525851 0.176494
 46.600000 1.668386 1.583300 1.317944 1.470344 0.447940
 46.700000 1.627859 1.452989 1.355903 1.511895 2.332587
 46.800000 1.658524 1.538542 1.386766 1.611396 0.771021
 46.900000 1.709635 1.501281 1.345971 1.460382 0.041605
 47.000000 1.663182 1.516809 1.332210 1.556929 0.607580
 47.100000 1.611112 1.451455 1.345500 1.596444 3.541259
 47.200000 1.672815 1.472382 1.357102 1.494818 0.331237
 47.300000 1.709021 1.578380 1.335978 1.556038 0.036476
 47.400000 1.668543 1.429990 1.342571 1.583168 0.443526
 47.500000 1.616439 1.522278 1.342550 1.528706 3.129493
 47.600000 1.656641 1.572444 1.349189 1.507201 0.842632
 47.700000 1.700869 1.459207 1.346636 1.552696 0.000339
 47.800000 1.646131 1.504290 1.348855 1.586980 1.300610
 47.900000 1.638391 1.582148 1.334954 1.457230 1.701223
 48.000000 1.690996 1.522077 1.329331 1.523845 0.036334
 48.100000 1.688073 1.489333 1.367906 1.576580 0.063759
 48.200000 1.646363 1.528026 1.353194 1.460131 1.289444
 48.300000 1.636000 1.553473 1.324959 1.499601 1.835818
 48.400000 1.685261 1.474928 1.354759 1.566604 0.097370
 48.500000 1.682336 1.515043 1.370982 1.478418 0.139841
 48.600000 1.636903 1.639749 1.360067 1.454499 1.784408
 48.700000 1.655056 1.489304 1.309537 1.536162 0.905354
 48.800000 1.682515 1.519866 1.334934 1.562035 0.137027
 48.900000 1.672988 1.574504 1.378769 1.474787 0.327038
 49.000000 1.633933 1.515769 1.334362 1.508239 1.956342
 49.100000 1.635818 1.502955 1.311601 1.605762 1.846268
 49.200000 1.680408 1.569351 1.361492 1.458089 0.172033
 49.300000 1.670855 1.553801 1.386953 1.458083 0.380717
 49.400000 1.649661 1.504418 1.350856 1.575102 1.135764
 49.500000 1.647020 1.510581 1.302423 1.504744 1.258039
 49.600000 1.672252 1.609769 1.364064 1.457695 0.345087
 49.700000 1.697429 1.479197 1.378261 1.578877 0.002962
 49.800000 1.671751 1.484319 1.323603 1.537784 0.357657
 49.900000 1.648962 1.585455 1.329736 1.476690 1.167503
 50.000000 1.659640 1.492840 1.357595 1.510421 0.730094
