#! FIELDS time d1 d2 d3 d4 rest.bias
 0.000000 3.001764 1.361100 1.453534 1.340210 4.641482
 0.100000 2.887501 1.299652 1.487393 1.354589 0.070024
 0.200000 2.910809 1.383992 1.442870 1.350267 0.052362
 0.300000 2.899285 1.329428 1.450704 1.309203 0.000229
 0.400000 2.917742 1.328851 1.445471 1.387111 0.141088
 0.500000 2.921053 1.342782 1.501758 1.313420 0.198650
 0.600000 2.968078 1.357994 1.465378 1.325448 2.077231
 0.700000 2.899098 1.300992 1.464025 1.377736 0.000364
 0.800000 2.882534 1.378193 1.442805 1.321530 0.136722
 0.900000 2.914358 1.367824 1.421182 1.345530 0.092396
 1.000000 2.922569 1.284790 1.474948 1.345174 0.228289
 1.100000 2.973746 1.384808 1.484529 1.337072 2.437495
 1.200000 2.867597 1.336582 1.523000 1.319285 0.470593
 1.300000 2.935670 1.336548 1.428640 1.398514 0.570256
 1.400000 2.878358 1.327829 1.443332 1.307789 0.209922
 1.500000 2.917044 1.402858 1.445344 1.355802 0.130200
 1.600000 2.925852 1.267871 1.525994 1.331437 0.299539
 1.700000 2.967902 1.397890 1.439745 1.356752 2.066519
 1.800000 2.864608 1.333683 1.493386 1.291561 0.561402
 1.900000 2.933828 1.340954 1.411459 1.413553 0.512903
 2.000000 2.880302 1.324909 1.461603 1.309084 0.173912
 2.100000 2.936990 1.395757 1.458820 1.339149 0.613247
 2.200000 2.912637 1.279296 1.536898 1.359874 0.071574
 2.300000 2.960233 1.371742 1.426719 1.325498 1.626072
 2.400000 2.897713 1.364184 1.443882 1.303942 0.002345
 2.500000 2.894737 1.322426 1.453926 1.398387 0.012415
 2.600000 2.922905 1.345612 1.463080 1.309236 0.235149
 2.700000 2.933318 1.351284 1.526591 1.319868 0.497550
 2.800000 2.904774 1.330024 1.486325 1.378726 0.010215
 2.900000 2.920597 1.342550 1.443364 1.328395 0.190139
 3.000000 2.933988 1.348182 1.391618 1.314073 0.517768
 3.100000 2.891048 1.314913 1.482712 1.356224 0.035915
 3.200000 2.943418 1.367053 1.491907 1.372558 0.844912
 3.300000 2.912990 1.315159 1.496826 1.286878 0.075628
 3.400000 2.951237 1.362368 1.432880 1.382740 1.176616
 3.500000 2.865373 1.306573 1.425890 1.325793 0.537414
 3.600000 2.907790 1.396908 1.400918 1.348027 0.027197
 3.700000 2.914602 1.301718 1.532415 1.330605 0.095567
 3.800000 2.943168 1.355464 1.522824 1.364481 0.835223
 3.900000 2.918041 1.344343 1.485904 1.305796 0.145881
 4.000000 2.948646 1.323712 1.400548 1.357760 1.060620
 4.100000 2.838338 1.344171 1.429428 1.340358 1.704129
 4.200000 2.894193 1.387597 1.426926 1.355815 0.015115
 4.300000 2.954241 1.286485 1.480376 1.347474 1.318650
 4.400000 2.957176 1.344513 1.503636 1.325848 1.465212
 4.500000 2.924845 1.354010 1.515705 1.325334 0.276671
 4.600000 2.906986 1.335927 1.439151 1.370788 0.021876
 4.700000 2.874971 1.338531 1.417836 1.329726 0.280783
 4.800000 2.892471 1.365348 1.441275 1.356061 0.025405
 4.900000 2.934613 1.327715 1.496670 1.345658 0.536960
 5.000000 2.948839 1.317097 1.492014 1.315590 1.069046
 5.100000 2.948002 1.374733 1.477314 1.342033 1.032729
 5.200000 2.858995 1.303037 1.469158 1.349347 0.753623
 5.300000 2.913738 1.379824 1.386679 1.366421 0.084595
 5.400000 2.906394 1.323345 1.456258 1.299096 0.018327
 5.500000 2.939821 1.339586 1.481963 1.372830 0.710710
 5.600000 2.927544 1.326164 1.535315 1.322672 0.340041
 5.700000 2.950404 1.356416 1.460073 1.337715 1.138690
 5.800000 2.885803 1.311908 1.467280 1.342066 0.090339
 5.900000 2.899575 1.390421 1.400327 1.351934 0.000081
 6.000000 2.885010 1.319332 1.489125 1.315344 0.100716
 6.100000 2.952213 1.340277 1.465314 1.366932 1.221874
 6.200000 2.918858 1.330552 1.496778 1.307884 0.159387
 6.300000 2.938401 1.356608 1.461073 1.347097 0.660926
 6.400000 2.900468 1.297106 1.445994 1.348352 0.000098
 6.500000 2.894175 1.392510 1.421963 1.341775 0.015205
 6.600000 2.896924 1.339127 1.486838 1.325991 0.004242
 6.700000 2.949086 1.312015 1.472418 1.368299 1.079906
 6.800000 2.935957 1.349489 1.483220 1.324535 0.579490
 6.900000 2.924810 1.345141 1.446701 1.325222 0.275877
 7.000000 2.889031 1.327697 1.427458 1.359661 0.053922
 7.100000 2.887999 1.348647 1.444968 1.354593 0.064556
 7.200000 2.918565 1.355323 1.468759 1.315902 0.154480
 7.300000 2.951874 1.307074 1.524054 1.350061 1.206061
 7.400000 2.941388 1.344519 1.468251 1.345304 0.767760
 7.500000 2.890901 1.340911 1.458795 1.319007 0.037109
 7.600000 2.917083 1.339168 1.399351 1.380189 0.130793
 7.700000 2.871837 1.343664 1.447938 1.312917 0.355486
 7.800000 2.956588 1.376193 1.492046 1.349889 1.435245
 7.900000 2.941878 1.290531 1.522922 1.328012 0.786020
 8.000000 2.928136 1.371355 1.494891 1.346177 0.354821
 8.100000 2.884795 1.325191 1.440111 1.310503 0.103626
 8.200000 2.919056 1.340525 1.387022 1.389668 0.162747
 8.300000 2.860244 1.339913 1.469699 1.322514 0.708414
 8.400000 2.941755 1.372233 1.476362 1.359675 0.781410
 8.500000 2.957908 1.282401 1.529845 1.321946 1.502944
 8.600000 2.951710 1.345678 1.467341 1.330143 1.198449
 8.700000 2.865750 1.360492 1.453633 1.343687 0.525759
 8.800000 2.914321 1.326522 1.415759 1.359799 0.091916
 8.900000 2.891086 1.348676 1.446845 1.313972 0.035614
 9.000000 2.934213 1.362271 1.482737 1.371438 0.524636
 9.100000 2.973615 1.279741 1.486589 1.320273 2.428896
 9.200000 2.938866 1.372648 1.489815 1.326156 0.677030
 9.300000 2.858119 1.360251 1.473304 1.354227 0.786146
 9.400000 2.910285 1.317530 1.417814 1.368675 0.047414
 9.500000 2.912218 1.348369 1.424207 1.300919 0.066911
 9.600000 2.915385 1.348675 1.476069 1.360987 0.106085
 9.700000 2.927464 1.321597 1.534235 1.358225 0.338074
 9.800000 2.948748 1.355356 1.478711 1.318710 1.065068
 9.900000 2.903673 1.327913 1.446181 1.342313 0.006045
 10.000000 2.899373 1.353923 1.411008 1.356333 0.000176
 10.100000 2.893826 1.323586 1.439522 1.321769 0.017087
 10.200000 2.918204 1.357899 1.481518 1.356481 0.148523
 10.300000 2.939251 1.324928 1.525052 1.338049 0.690508
 10.400000 2.959391 1.335631 1.494149 1.317086 1.580923
 10.500000 2.916484 1.347221 1.421595 1.344330 0.121785
 10.600000 2.868281 1.330055 1.422488 1.354656 0.450929
 10.700000 2.875464 1.377940 1.455545 1.335247 0.269826
 10.800000 2.924497 1.320616 1.473098 1.356643 0.268960
 10.900000 3.000430 1.308474 1.494792 1.323983 4.520654
 11.000000 2.932833 1.359895 1.506305 1.296066 0.483163
 11.100000 2.876918 1.340605 1.447750 1.392080 0.238795
 11.200000 2.864902 1.342190 1.420638 1.337290 0.552132
 11.300000 2.919609 1.371246 1.428015 1.330440 0.172345
 11.400000 2.920885 1.304141 1.526083 1.341271 0.195489
 11.500000 2.975879 1.347104 1.514444 1.358024 2.580582
 11.600000 2.940955 1.327513 1.530163 1.294710 0.751765
 11.700000 2.883310 1.355111 1.432843 1.371343 0.124852
 11.800000 2.863913 1.342071 1.412197 1.349647 0.583693
 11.900000 2.927171 1.350722 1.429046 1.320395 0.330882
 12.000000 2.933778 1.313117 1.521463 1.356223 0.511375
 12.100000 2.955228 1.354389 1.548958 1.322615 1.367082
 12.200000 2.958805 1.371419 1.473116 1.311609 1.549893
 12.300000 2.878231 1.290804 1.415719 1.377063 0.212398
 12.400000 2.867657 1.402868 1.419119 1.348324 0.468835
 12.500000 2.917550 1.338388 1.462176 1.318950 0.138039
 12.600000 2.973875 1.281980 1.488221 1.365256 2.446050
 12.700000 2.945952 1.377440 1.548309 1.318150 0.946414
 12.800000 2.895247 1.350539 1.478168 1.345923 0.010125
 12.900000 2.895018 1.311904 1.412942 1.357393 0.011124
 13.000000 2.898876 1.362549 1.420992 1.334656 0.000566
 13.100000 2.892892 1.350846 1.464975 1.327399 0.022642
 13.200000 2.982367 1.300679 1.509922 1.366175 3.040732
 13.300000 2.947309 1.332710 1.504853 1.310960 1.003144
 13.400000 2.891355 1.375800 1.471796 1.343705 0.033496
 13.500000 2.888015 1.310508 1.405246 1.358262 0.064381
 13.600000 2.915140 1.358298 1.385898 1.329018 0.102741
 13.700000 2.926596 1.338856 1.482571 1.327799 0.317025
 13.800000 2.951653 1.329747 1.537305 1.378867 1.195821
 13.900000 2.912852 1.356368 1.521355 1.304308 0.074035
 14.000000 2.915345 1.344153 1.417725 1.351190 0.105544
 14.100000 2.878256 1.331683 1.401110 1.364150 0.211911
 14.200000 2.892043 1.346230 1.423479 1.318080 0.028379
 14.300000 2.952212 1.345256 1.523593 1.354934 1.221813
 14.400000 2.928147 1.323543 1.541135 1.344495 0.355084
 14.500000 2.961407 1.358081 1.485429 1.321808 1.690073
 14.600000 2.906154 1.331802 1.406137 1.336785 0.016973
 14.700000 2.867587 1.323752 1.426077 1.366643 0.470869
 14.800000 2.899121 1.382512 1.472693 1.325368 0.000346
 14.900000 2.925406 1.322992 1.468371 1.345264 0.289293
 15.000000 2.961850 1.289279 1.508014 1.365221 1.714536
 15.100000 2.917456 1.400537 1.441014 1.301318 0.136580
 15.200000 2.884768 1.329525 1.447860 1.364864 0.103987
 15.300000 2.918042 1.323935 1.428574 1.366740 0.145892
 15.400000 2.901286 1.355691 1.486262 1.307607 0.000742
 15.500000 2.936054 1.345601 1.475512 1.349325 0.582615
 15.600000 2.945036 1.300952 1.480960 1.334579 0.909041
 15.700000 2.908826 1.373878 1.470803 1.360669 0.034916
 15.800000 2.853556 1.348533 1.459569 1.339539 0.966782
 15.900000 2.938694 1.336842 1.452481 1.365594 0.671043
 16.000000 2.924838 1.316411 1.481166 1.308526 0.276504
 16.100000 2.955264 1.370511 1.487993 1.339113 1.368838
 16.200000 2.911838 1.291332 1.467104 1.349830 0.062811
 16.300000 2.927955 1.370981 1.406033 1.321936 0.350269
 16.400000 2.858035 1.360347 1.435906 1.349422 0.789320
 16.500000 2.899276 1.340775 1.458062 1.378476 0.000235
 16.600000 2.969639 1.331533 1.463525 1.292557 2.173606
 16.700000 2.963586 1.317121 1.487595 1.335975 1.812156
 16.800000 2.885004 1.372524 1.496509 1.374857 0.100785
 16.900000 2.857408 1.338961 1.448391 1.317095 0.813078
 17.000000 2.935233 1.359090 1.405268 1.363552 0.556394
 17.100000 2.896936 1.306910 1.474830 1.323908 0.004207
 17.200000 2.974218 1.382287 1.479346 1.345828 2.468795
 17.300000 2.910198 1.310524 1.515115 1.315690 0.046610
 17.400000 2.900395 1.357659 1.442027 1.379133 0.000070
 17.500000 2.893353 1.356152 1.430764 1.326285 0.019801
 17.600000 2.940326 1.331289 1.429230 1.340649 0.728847
 17.700000 2.930602 1.305664 1.514675 1.351176 0.419734
 17.800000 2.923478 1.390543 1.505274 1.321915 0.247050
 17.900000 2.898131 1.318737 1.487054 1.352874 0.001566
 18.000000 2.909017 1.329894 1.382605 1.345926 0.036440
 18.100000 2.910214 1.369110 1.428390 1.320880 0.046756
 18.200000 2.890404 1.318116 1.498622 1.356953 0.041270
 18.300000 2.943106 1.359243 1.505479 1.343967 0.832808
 18.400000 2.922516 1.325525 1.481772 1.309675 0.227225
 18.500000 2.928885 1.348902 1.418353 1.362762 0.373951
 18.600000 2.896596 1.333466 1.433435 1.335391 0.005194
 18.700000 2.913956 1.357373 1.429932 1.348610 0.087300
 18.800000 2.909579 1.314516 1.539882 1.329772 0.041125
 18.900000 2.963136 1.364179 1.478654 1.360626 1.786579
 19.000000 2.912699 1.315453 1.463227 1.299495 0.072278
 19.100000 2.925206 1.370004 1.396079 1.370425 0.284763
 19.200000 2.821118 1.319968 1.463851 1.340407 2.788879
 19.300000 2.941158 1.397911 1.424927 1.351872 0.759256
 19.400000 2.955185 1.278676 1.518132 1.305821 1.364963
 19.500000 2.961866 1.359542 1.474913 1.351056 1.715425
 19.600000 2.887839 1.331991 1.504657 1.324664 0.066289
 19.700000 2.885848 1.365377 1.412553 1.375932 0.089769
 19.800000 2.867077 1.323446 1.431252 1.316095 0.485807
 19.900000 2.972539 1.344279 1.428241 1.352314 2.358370
 20.000000 2.920621 1.313009 1.511729 1.304892 0.190590
 20.100000 2.930473 1.343401 1.496373 1.364015 0.416187
 20.200000 2.887259 1.349191 1.497205 1.337048 0.072759
 20.300000 2.901449 1.343877 1.412592 1.352738 0.000941
 20.400000 2.934154 1.328219 1.399068 1.325742 0.522809
 20.500000 2.910462 1.346771 1.479201 1.356869 0.049054
 20.600000 2.894300 1.337157 1.505703 1.353802 0.014561
 20.700000 2.949520 1.354260 1.477552 1.327892 1.099074
 20.800000 2.927154 1.324893 1.439101 1.331885 0.330479
 20.900000 2.909719 1.338970 1.448921 1.356136 0.042334
 21.000000 2.907161 1.374040 1.435449 1.311396 0.022985
 21.100000 2.899324 1.304090 1.472124 1.362481 0.000205
 21.200000 2.926496 1.357431 1.465833 1.365151 0.314657
 21.300000 2.924295 1.347938 1.463707 1.296120 0.264542
 21.400000 2.932365 1.325229 1.443389 1.366742 0.469498
 21.500000 2.901254 1.324056 1.488913 1.330089 0.000705
 21.600000 2.905555 1.372798 1.476786 1.353900 0.013831
 21.700000 2.908093 1.315118 1.462007 1.331297 0.029354
 21.800000 2.940145 1.327139 1.434766 1.346565 0.722340
 21.900000 2.881723 1.350948 1.486381 1.328410 0.149713
 22.000000 2.919674 1.344173 1.455418 1.347331 0.173479
 22.100000 2.931016 1.315643 1.480101 1.335107 0.431166
 22.200000 2.928006 1.358380 1.464329 1.341740 0.351546
 22.300000 2.898758 1.333391 1.452506 1.334238 0.000691
 22.400000 2.932163 1.338536 1.427457 1.371630 0.463656
 22.500000 2.876479 1.350715 1.444945 1.293339 0.247951
 22.600000 2.926791 1.353979 1.477666 1.390737 0.321699
 22.700000 2.937819 1.303852 1.486402 1.344179 0.641046
 22.800000 2.947068 1.366775 1.481632 1.302840 0.992938
 22.900000 2.904651 1.330696 1.463688 1.361550 0.009695
 23.000000 2.892663 1.342424 1.440884 1.347874 0.024127
 23.100000 2.903445 1.360891 1.422894 1.313843 0.005321
 23.200000 2.929073 1.319992 1.459465 1.364070 0.378848
 23.300000 2.917139 1.327972 1.520887 1.332026 0.131658
 23.400000 2.960958 1.356990 1.493938 1.325489 1.665447
 23.500000 2.908018 1.325180 1.472034 1.336326 0.028811
 23.600000 2.889255 1.337714 1.440720 1.354007 0.051750
 23.700000 2.914820 1.357125 1.416842 1.326096 0.098437
 23.800000 2.900266 1.331730 1.451762 1.352732 0.000032
 23.900000 2.925305 1.324451 1.508715 1.348603 0.287006
 24.000000 2.959316 1.364043 1.504967 1.302190 1.576949
 24.100000 2.941346 1.313831 1.485192 1.365068 0.766196
 24.200000 2.894153 1.339441 1.465458 1.345102 0.015321
 24.300000 2.895494 1.391022 1.437067 1.342327 0.009101
 24.400000 2.885544 1.313739 1.454008 1.339696 0.093663
 24.500000 2.928798 1.350152 1.465613 1.355440 0.371714
 24.600000 2.924070 1.337582 1.497989 1.321665 0.259678
 24.700000 2.943006 1.330271 1.453417 1.336624 0.828970
 24.800000 2.934442 1.325468 1.448117 1.352610 0.531664
 24.900000 2.867841 1.364787 1.465379 1.348954 0.463540
 25.000000 2.912442 1.346040 1.456803 1.345444 0.069385
 25.100000 2.946712 1.328715 1.431401 1.328047 0.977964
 25.200000 2.895082 1.334624 1.480727 1.331287 0.010839
 25.300000 2.931794 1.344083 1.469846 1.361893 0.453053
 25.400000 2.936658 1.328869 1.468934 1.312168 0.602310
 25.500000 2.902741 1.368562 1.483370 1.337993 0.003368
 25.600000 2.904113 1.318867 1.475229 1.361847 0.007584
 25.700000 2.924549 1.351705 1.413811 1.335724 0.270104
 25.800000 2.902179 1.325604 1.449562 1.308614 0.002129
 25.900000 2.910357 1.352126 1.453635 1.389110 0.048074
 26.000000 2.908143 1.338133 1.500997 1.330597 0.029722
 26.100000 2.967043 1.343385 1.455132 1.319040 2.014582
 26.200000 2.911626 1.326336 1.452540 1.348398 0.060579
 26.300000 2.900318 1.347142 1.432635 1.359653 0.000045
 26.400000 2.921163 1.348693 1.440867 1.302993 0.200743
 26.500000 2.923269 1.337077 1.463345 1.357084 0.242677
 26.600000 2.917591 1.313554 1.488768 1.349238 0.138700
 26.700000 2.941574 1.368223 1.472399 1.323218 0.774651
 26.800000 2.911060 1.318420 1.451159 1.334652 0.054827
 26.900000 2.909567 1.349675 1.453923 1.356421 0.041020
 27.000000 2.884910 1.352623 1.472142 1.329296 0.102064
 27.100000 2.918173 1.323381 1.475385 1.344018 0.148022
 27.200000 2.940709 1.342645 1.484020 1.336026 0.742765
 27.300000 2.917558 1.330273 1.456416 1.350479 0.138177
 27.400000 2.913281 1.332753 1.463482 1.314220 0.079055
 27.500000 2.924582 1.350831 1.442393 1.338138 0.270827
 27.600000 2.897252 1.330866 1.457738 1.351258 0.003385
 27.700000 2.941858 1.348931 1.462697 1.334109 0.785286
 27.800000 2.907652 1.328848 1.441975 1.332582 0.026243
 27.900000 2.907085 1.356748 1.459535 1.358304 0.022500
 28.000000 2.922861 1.356570 1.459221 1.322097 0.234234
 28.100000 2.900498 1.322290 1.476392 1.363433 0.000111
 28.200000 2.938467 1.356564 1.470739 1.336915 0.663197
 28.300000 2.918555 1.331035 1.470557 1.327161 0.154314
 28.400000 2.895468 1.336201 1.443006 1.366085 0.009205
 28.500000 2.897828 1.347920 1.445267 1.329420 0.002114
 28.600000 2.916798 1.363414 1.462772 1.350312 0.126472
 28.700000 2.915920 1.309518 1.462389 1.331068 0.113596
 28.800000 2.959052 1.351209 1.479477 1.341662 1.562915
 28.900000 2.884926 1.327688 1.481504 1.324482 0.101837
 29.000000 2.919409 1.355087 1.451398 1.363933 0.168834
 29.100000 2.899994 1.322108 1.428772 1.324880 0.000000
 29.200000 2.911021 1.346800 1.450656 1.341078 0.054435
 29.300000 2.908233 1.337452 1.504842 1.354120 0.030378
 29.400000 2.930864 1.344036 1.463463 1.333467 0.426939
 29.500000 2.920669 1.323456 1.473518 1.308859 0.191471
 29.600000 2.910121 1.369223 1.435873 1.400279 0.045908
 29.700000 2.884049 1.323394 1.467221 1.305139 0.114037
 29.800000 2.966751 1.357783 1.457254 1.356353 1.997040
 29.900000 2.881399 1.338455 1.496889 1.345459 0.155084
 30.000000 2.931994 1.349872 1.460121 1.345207 0.458770
 30.100000 2.946649 1.322512 1.457907 1.324920 0.975322
 30.200000 2.901272 1.343332 1.434202 1.349797 0.000725
 30.300000 2.910689 1.338033 1.480083 1.347255 0.051213
 30.400000 2.930553 1.341525 1.438216 1.327990 0.418386
 30.500000 2.916208 1.333301 1.458809 1.325494 0.117746
 30.600000 2.924124 1.332329 1.450713 1.372528 0.260840
 30.700000 2.870965 1.336162 1.464683 1.315221 0.377849
 30.800000 2.934260 1.363415 1.490452 1.363188 0.526072
 30.900000 2.908054 1.328761 1.488712 1.320976 0.029070
 31.000000 2.950274 1.346697 1.481196 1.349838 1.132834
 31.100000 2.919813 1.315738 1.431122 1.336107 0.175950
 31.200000 2.880819 1.365916 1.453482 1.325189 0.164901
 31.300000 2.930052 1.353451 1.460524 1.366412 0.404779
 31.400000 2.920568 1.304781 1.448700 1.341472 0.189617
 31.500000 2.954709 1.365386 1.460622 1.313348 1.341521
 31.600000 2.923445 1.334640 1.460202 1.346741 0.246366
 31.700000 2.888636 1.326873 1.438017 1.369781 0.057878
 31.800000 2.911556 1.354396 1.433388 1.314045 0.059856
 31.900000 2.907069 1.349987 1.461943 1.359317 0.022394
 32.000000 2.918955 1.317404 1.477304 1.337078 0.161042
 32.100000 2.985234 1.336168 1.474387 1.327344 3.256134
 32.200000 2.869241 1.352624 1.496825 1.341103 0.424059
 32.300000 2.892207 1.350188 1.490481 1.369613 0.027218
 32.400000 2.920490 1.338265 1.424862 1.325356 0.188167
 32.500000 2.910769 1.326701 1.458382 1.345109 0.051982
 32.600000 2.915618 1.349638 1.486554 1.340497 0.109328
 32.700000 2.928097 1.367059 1.487394 1.338980 0.353836
 32.800000 2.930710 1.291160 1.458194 1.324582 0.422696
 32.900000 2.916155 1.353233 1.448602 1.364094 0.116970
 33.000000 2.877477 1.355591 1.442940 1.317836 0.227362
 33.100000 2.942449 1.326352 1.434248 1.351857 0.807631
 33.200000 2.908414 1.328291 1.474991 1.322667 0.031729
 33.300000 2.911965 1.366678 1.476539 1.350703 0.064162
 33.400000 2.927401 1.333490 1.478283 1.338294 0.336510
 33.500000 2.930448 1.318846 1.409803 1.317914 0.415524
 33.600000 2.903274 1.350045 1.464382 1.370865 0.004803
 33.700000 2.885641 1.364510 1.459455 1.338270 0.092409
 33.800000 2.938720 1.319245 1.466919 1.332676 0.671975
 33.900000 2.939431 1.339515 1.486005 1.351489 0.696873
 34.000000 2.885039 1.356429 1.479341 1.339241 0.100319
 34.100000 2.935608 1.348002 1.437009 1.339043 0.568296
 34.200000 2.925641 1.319763 1.441433 1.342699 0.294678
 34.300000 2.876970 1.352699 1.455710 1.341888 0.237708
 34.400000 2.936948 1.364114 1.460200 1.346479 0.611865
 34.500000 2.916253 1.304949 1.457600 1.324875 0.118402
 34.600000 2.934806 1.353623 1.475183 1.351737 0.542961
 34.700000 2.904221 1.353253 1.445465 1.333173 0.007987
 34.800000 2.914049 1.314268 1.437728 1.336661 0.088465
 34.900000 2.930616 1.339046 1.440356 1.345148 0.420125
 35.000000 2.891510 1.366041 1.456582 1.332940 0.032303
 35.100000 2.921338 1.313598 1.467295 1.345475 0.204073
 35.200000 2.961777 1.339078 1.444224 1.315060 1.710531
 35.300000 2.890237 1.346645 1.492276 1.336641 0.042725
 35.400000 2.902468 1.338619 1.464387 1.389673 0.002731
 35.500000 2.899463 1.335597 1.468445 1.295743 0.000129
 35.600000 2.918416 1.374414 1.456315 1.355696 0.152009
 35.700000 2.923548 1.305027 1.474639 1.342693 0.248527
 35.800000 2.936477 1.347777 1.448483 1.331605 0.596348
 35.900000 2.915111 1.336299 1.488476 1.322959 0.102345
 36.000000 2.883624 1.353209 1.466488 1.372827 0.120190
 36.100000 2.910972 1.329322 1.457295 1.325885 0.053953
 36.200000 2.957930 1.335536 1.462503 1.322005 1.504089
 36.300000 2.882990 1.342959 1.517950 1.347843 0.129678
 36.400000 2.930278 1.348236 1.471372 1.344113 0.410902
 36.500000 2.932216 1.322481 1.456299 1.321999 0.465181
 36.600000 2.892767 1.333115 1.439228 1.349204 0.023448
 36.700000 2.914088 1.360150 1.456366 1.341844 0.088958
 36.800000 2.906166 1.338124 1.443042 1.329263 0.017040
 36.900000 2.932398 1.307539 1.465301 1.355932 0.470435
 37.000000 2.928062 1.370677 1.466310 1.321053 0.352936
 37.100000 2.910151 1.340616 1.454785 1.332558 0.046188
 37.200000 2.938284 1.299834 1.437882 1.376641 0.656928
 37.300000 2.897684 1.381371 1.460705 1.314916 0.002405
 37.400000 2.908339 1.332237 1.456172 1.343132 0.031168
 37.500000 2.954007 1.317472 1.448864 1.369301 1.307271
 37.600000 2.896956 1.364947 1.472226 1.289277 0.004154
 37.700000 2.910544 1.338641 1.455705 1.380362 0.049831
 37.800000 2.921444 1.331121 1.466277 1.345678 0.206108
 37.900000 2.904587 1.351112 1.445285 1.312536 0.009429
 38.000000 2.930102 1.334677 1.487279 1.365264 0.406133
 38.100000 2.909242 1.332000 1.451742 1.333647 0.038280
 38.200000 2.930449 1.348250 1.471751 1.331480 0.415541
 38.300000 2.896823 1.339144 1.457202 1.367167 0.004525
 38.400000 2.890987 1.339127 1.472394 1.340459 0.036408
 38.500000 2.943642 1.355305 1.447142 1.335599 0.853634
 38.600000 2.907389 1.318948 1.493350 1.337880 0.024473
 38.700000 2.929802 1.357853 1.498542 1.348616 0.398070
 38.800000 2.911881 1.341781 1.487030 1.323733 0.063269
 38.900000 2.899635 1.336243 1.447510 1.368330 0.000060
 39.000000 2.913605 1.354328 1.434672 1.331994 0.082961
 39.100000 2.918481 1.335887 1.444840 1.340517 0.153083
 39.200000 2.911005 1.316393 1.467838 1.349815 0.054279
 39.300000 2.948488 1.398195 1.510022 1.330085 1.053749
 39.400000 2.893786 1.300774 1.457990 1.331429 0.017304
 39.500000 2.952964 1.345522 1.446008 1.371007 1.257296
 39.600000 2.882943 1.356814 1.437210 1.311222 0.130392
 39.700000 2.916701 1.328517 1.462123 1.362481 0.125010
 39.800000 2.940912 1.315959 1.448396 1.338654 0.750209
 39.900000 2.934108 1.367777 1.475523 1.315063 0.521427
 40.000000 2.913383 1.339520 1.460475 1.353168 0.080275
 40.100000 2.907388 1.323846 1.425724 1.340278 0.024467
 40.200000 2.922252 1.353198 1.443762 1.335033 0.221920
 40.300000 2.898815 1.340511 1.448065 1.331528 0.000630
 40.400000 2.941473 1.320389 1.469143 1.357706 0.770921
 40.500000 2.932744 1.342933 1.466090 1.316710 0.480532
 40.600000 2.939122 1.343939 1.489328 1.333609 0.686001
 40.700000 2.898696 1.317421 1.423688 1.358020 0.000762
 40.800000 2.912096 1.377969 1.445345 1.325203 0.065580
 40.900000 2.879828 1.331341 1.435271 1.356491 0.182377
 41.000000 2.940719 1.324252 1.486233 1.383382 0.743132
 41.100000 2.922811 1.369303 1.501477 1.289864 0.233219
 41.200000 2.928815 1.350080 1.501381 1.355895 0.372149
 41.300000 2.917013 1.309793 1.456646 1.364227 0.129733
 41.400000 2.908207 1.369147 1.436507 1.307249 0.030189
 41.500000 2.901866 1.337367 1.463003 1.353010 0.001560
 41.600000 2.910086 1.328047 1.476178 1.373550 0.045591
 41.700000 2.952717 1.358404 1.502705 1.292476 1.245564
 41.800000 2.939096 1.333790 1.427070 1.341318 0.685081
 41.900000 2.887697 1.332950 1.457905 1.377049 0.067837
 42.000000 2.887810 1.369748 1.411344 1.315768 0.066596
 42.100000 2.925166 1.341099 1.466962 1.365004 0.283867
 42.200000 2.917217 1.311018 1.503902 1.362763 0.132853
 42.300000 2.942021 1.377360 1.517837 1.298150 0.791408
 42.400000 2.921440 1.324507 1.449543 1.361512 0.206021
 42.500000 2.885091 1.323264 1.438084 1.331393 0.099629
 42.600000 2.934553 1.405967 1.432258 1.346123 0.535105
 42.700000 2.872324 1.278260 1.467756 1.343127 0.343310
 42.800000 2.987051 1.376283 1.487860 1.371838 3.396412
 42.900000 2.901462 1.321310 1.459642 1.286401 0.000959
 43.000000 2.909354 1.344615 1.473910 1.388908 0.039217
 43.100000 2.891306 1.347035 1.435486 1.321804 0.033880
 43.200000 2.932363 1.346341 1.433385 1.337080 0.469430
 43.300000 2.915583 1.307542 1.492651 1.353691 0.108839
 43.400000 2.936172 1.377747 1.453433 1.346818 0.586430
 43.500000 2.895803 1.327771 1.470590 1.303754 0.007894
 43.600000 2.916249 1.347143 1.406738 1.373245 0.118339
 43.700000 2.876598 1.336964 1.483872 1.340035 0.245451
 43.800000 2.924647 1.367276 1.442287 1.323770 0.272268
 43.900000 2.975714 1.293788 1.521534 1.348712 2.569338
 44.000000 2.921939 1.355570 1.486205 1.344660 0.215724
 44.100000 2.909377 1.370395 1.460769 1.334308 0.039409
 44.200000 2.904437 1.318235 1.399883 1.356421 0.008822
 44.300000 2.873746 1.342336 1.453359 1.337756 0.308931
 44.400000 2.931154 1.362529 1.477646 1.343314 0.435004
 44.500000 2.947924 1.303011 1.505390 1.344925 1.029398
 44.600000 2.937843 1.347639 1.475324 1.315634 0.641878
 44.700000 2.876750 1.365546 1.437367 1.354504 0.242274
 44.800000 2.896632 1.327255 1.447226 1.356741 0.005083
 44.900000 2.939240 1.337935 1.427282 1.324828 0.690139
 45.000000 2.919000 1.340847 1.519646 1.336490 0.161798
 45.100000 2.930339 1.326864 1.443158 1.358061 0.412541
 45.200000 2.914895 1.340018 1.490320 1.308682 0.099439
 45.300000 2.865163 1.367632 1.421134 1.361872 0.543953
 45.400000 2.906515 1.316070 1.444696 1.345242 0.019026
 45.500000 2.957698 1.369839 1.473497 1.319079 1.492101
 45.600000 2.915787 1.323643 1.482945 1.329291 0.111709
 45.700000 2.949393 1.327415 1.507509 1.398009 1.093450
 45.800000 2.880091 1.349750 1.463272 1.287572 0.177654
 45.900000 2.904169 1.362795 1.441759 1.360639 0.007791
 46.000000 2.893914 1.312927 1.453182 1.370810 0.016599
 46.100000 2.938613 1.365475 1.477448 1.302104 0.668262
 46.200000 2.933656 1.336345 1.474626 1.344272 0.507701
 46.300000 2.917138 1.314227 1.467342 1.381659 0.131643
 46.400000 2.925151 1.379891 1.417292 1.283953 0.283512
 46.500000 2.892146 1.333467 1.429902 1.363310 0.027644
 46.600000 2.882500 1.334950 1.509100 1.364770 0.137267
 46.700000 2.928415 1.375528 1.480591 1.314206 0.361874
 46.800000 2.962862 1.298615 1.484394 1.346515 1.771117
 46.900000 2.915660 1.335177 1.429665 1.345390 0.109911
 47.000000 2.875841 1.379610 1.437784 1.326312 0.261600
 47.100000 2.909941 1.302778 1.403595 1.359884 0.044297
 47.200000 2.909345 1.347356 1.488654 1.344361 0.039137
 47.300000 2.922959 1.371676 1.492589 1.315370 0.236254
 47.400000 2.946856 1.289448 1.485430 1.350397 0.984030
 47.500000 2.908960 1.355748 1.468962 1.378992 0.035980
 47.600000 2.860070 1.365793 1.446610 1.285394 0.714596
 47.700000 2.962308 1.327852 1.428505 1.389073 1.740043
 47.800000 2.893113 1.313146 1.465013 1.331143 0.021261
 47.900000 2.929088 1.391535 1.501038 1.324617 0.379219
 48.000000 2.929017 1.316715 1.491604 1.359303 0.377374
 48.100000 2.894196 1.310184 1.476043 1.341123 0.015100
 48.200000 2.916738 1.399162 1.424737 1.329668 0.125575
 48.300000 2.906808 1.321569 1.432427 1.338206 0.020774
 48.400000 2.921733 1.310547 1.461070 1.359033 0.211696
 48.500000 2.935127 1.371992 1.490824 1.320940 0.553022
 48.600000 2.930998 1.322347 1.491939 1.335624 0.430653
 48.700000 2.918806 1.322526 1.458151 1.357913 0.158515
 48.800000 2.876349 1.380359 1.442361 1.344743 0.250707
 48.900000 2.903198 1.321322 1.437869 1.331307 0.004582
 49.000000 2.948101 1.335519 1.487403 1.345851 1.037003
 49.100000 2.912803 1.342225 1.475780 1.320360 0.073468
 49.200000 2.957947 1.330172 1.471666 1.359552 1.505001
 49.300000 2.877428 1.349567 1.435285 1.324688 0.228364
 49.400000 2.868067 1.353285 1.423200 1.350636 0.457051
 49.500000 2.943247 1.333911 1.448479 1.371110 0.838254
 49.600000 2.892443 1.322618 1.490981 1.289157 0.025598
 49.700000 2.964668 1.391843 1.519485 1.371842 1.874369
 49.800000 2.882111 1.286746 1.475808 1.333391 0.143424
 49.900000 2.943538 1.371019 1.432568 1.354010 0.849580
 50.000000 2.880708 1.362698 1.435946 1.311538 0.166816
