#! FIELDS time d1 d2 d3 d4 rest.bias
 0.000000 2.538871 1.359142 1.434909 1.332179 8.643635
 0.100000 2.482632 1.307269 1.463245 1.291893 3.060346
 0.200000 2.480637 1.348565 1.467013 1.368238 2.914333
 0.300000 2.436064 1.361179 1.439114 1.361185 0.582933
 0.400000 2.443515 1.362815 1.439739 1.337003 0.848695
 0.500000 2.501553 1.329465 1.371683 1.355433 4.622273
 0.600000 2.479674 1.290234 1.439326 1.330698 2.845148
 0.700000 2.486768 1.384496 1.418993 1.322616 3.374332
 0.800000 2.454264 1.357045 1.492397 1.350267 1.319737
 0.900000 2.477676 1.332117 1.422534 1.353681 2.704230
 1.000000 2.489024 1.354823 1.420323 1.341380 3.552109
 1.100000 2.461820 1.312857 1.385970 1.303041 1.712919
 1.200000 2.494851 1.366628 1.402495 1.346667 4.032341
 1.300000 2.450262 1.306720 1.482791 1.345306 1.132287
 1.400000 2.492561 1.373012 1.476529 1.370724 3.839982
 1.500000 2.462980 1.337669 1.455398 1.320704 1.777766
 1.600000 2.491968 1.330322 1.422886 1.346143 3.790944
 1.700000 2.474392 1.326051 1.407492 1.336589 2.480409
 1.800000 2.445274 1.341943 1.451378 1.332048 0.918686
 1.900000 2.433370 1.384887 1.447948 1.358907 0.499106
 2.000000 2.438538 1.316880 1.494808 1.379574 0.665650
 2.100000 2.488506 1.369753 1.445786 1.315850 3.510914
 2.200000 2.505359 1.323829 1.477554 1.324995 4.975233
 2.300000 2.469627 1.308601 1.458748 1.340389 2.172823
 2.400000 2.459725 1.378843 1.467604 1.349589 1.598781
 2.500000 2.422986 1.320441 1.433060 1.331823 0.236805
 2.600000 2.462821 1.364812 1.403095 1.374902 1.768805
 2.700000 2.457565 1.315313 1.408709 1.324032 1.485217
 2.800000 2.507941 1.364358 1.451447 1.330178 5.222072
 2.900000 2.494705 1.319836 1.463798 1.346352 4.019927
 3.000000 2.489644 1.333839 1.495280 1.334693 3.601778
 3.100000 2.476771 1.370005 1.429185 1.334267 2.641592
 3.200000 2.438125 1.328936 1.411043 1.349117 0.651473
 3.300000 2.466048 1.348310 1.356667 1.349132 1.955188
 3.400000 2.431421 1.356566 1.403022 1.339033 0.442502
 3.500000 2.471247 1.337876 1.448330 1.352089 2.275154
 3.600000 2.504660 1.337806 1.470593 1.337876 4.909420
 3.700000 2.492870 1.322427 1.475203 1.312448 3.865689
 3.800000 2.501255 1.339970 1.426544 1.352222 4.595240
 3.900000 2.446227 1.343130 1.435365 1.343797 0.957780
 4.000000 2.451539 1.362823 1.428530 1.344209 1.190538
 4.100000 2.459108 1.335910 1.469685 1.349354 1.565879
 4.200000 2.470857 1.347092 1.442256 1.337589 2.250289
 4.300000 2.455306 1.329604 1.464527 1.320430 1.370917
 4.400000 2.495680 1.347288 1.431803 1.356006 4.103102
 4.500000 2.463684 1.342186 1.455360 1.329163 1.817716
 4.600000 2.441174 1.347960 1.467458 1.333116 0.759832
 4.700000 2.481103 1.357109 1.412611 1.406853 2.948123
 4.800000 2.425311 1.314974 1.463898 1.285011 0.287133
 4.900000 2.520678 1.373871 1.415425 1.347323 6.527222
 5.000000 2.448291 1.313429 1.470489 1.352416 1.045214
 5.100000 2.460957 1.363490 1.476199 1.336038 1.665404
 5.200000 2.527667 1.395382 1.417481 1.342732 7.305171
 5.300000 2.435600 1.278964 1.449777 1.300052 0.568018
 5.400000 2.506091 1.366163 1.417706 1.386216 5.044667
 5.500000 2.432256 1.353467 1.460345 1.318705 0.466322
 5.600000 2.488332 1.345051 1.455493 1.372579 3.497078
 5.700000 2.502358 1.331382 1.414476 1.337401 4.695882
 5.800000 2.460900 1.324337 1.434009 1.299444 1.662283
 5.900000 2.467097 1.363681 1.408373 1.378414 2.017816
 6.000000 2.415333 1.322299 1.469321 1.340704 0.105377
 6.100000 2.470316 1.380940 1.442425 1.348209 2.216084
 6.200000 2.467133 1.330503 1.446273 1.352367 2.019958
 6.300000 2.480791 1.319386 1.465394 1.330181 2.925463
 6.400000 2.485926 1.369456 1.456679 1.327187 3.309212
 6.500000 2.455362 1.336070 1.517253 1.361110 1.373692
 6.600000 2.434195 1.347397 1.479215 1.358479 0.524076
 6.700000 2.463585 1.365834 1.434944 1.339833 1.812099
 6.800000 2.498500 1.316414 1.403814 1.332778 4.348512
 6.900000 2.473894 1.313265 1.436066 1.320505 2.447286
 7.000000 2.497863 1.370693 1.428315 1.346060 4.292454
 7.100000 2.454722 1.341413 1.486785 1.357170 1.342111
 7.200000 2.473280 1.340594 1.431044 1.345770 2.406817
 7.300000 2.499205 1.353427 1.406485 1.331791 4.411056
 7.400000 2.447634 1.311194 1.391956 1.329670 1.016948
 7.500000 2.494972 1.354190 1.386550 1.366575 4.042579
 7.600000 2.441224 1.344155 1.448126 1.329318 0.761687
 7.700000 2.473432 1.365717 1.467880 1.353175 2.416813
 7.800000 2.478802 1.315348 1.453160 1.345258 2.783198
 7.900000 2.489193 1.349835 1.435083 1.326205 3.565644
 8.000000 2.496952 1.321521 1.436410 1.326345 4.212933
 8.100000 2.445417 1.348467 1.462495 1.365281 0.924516
 8.200000 2.436442 1.372547 1.465020 1.366957 0.595226
 8.300000 2.451678 1.332305 1.509085 1.323883 1.196961
 8.400000 2.494358 1.327698 1.437549 1.352647 3.990513
 8.500000 2.468850 1.330882 1.460883 1.321419 2.124630
 8.600000 2.439649 1.364034 1.429683 1.356672 0.704587
 8.700000 2.474296 1.347068 1.439550 1.361622 2.474039
 8.800000 2.460285 1.322319 1.430184 1.326428 1.628877
 8.900000 2.503828 1.355301 1.418888 1.340719 4.831676
 9.000000 2.470833 1.312424 1.451326 1.327759 2.248728
 9.100000 2.488559 1.354012 1.448248 1.348319 3.515084
 9.200000 2.466876 1.344113 1.450882 1.340420 2.004508
 9.300000 2.451209 1.340085 1.427214 1.343268 1.175326
 9.400000 2.497176 1.340369 1.414283 1.363482 4.232440
 9.500000 2.470446 1.325251 1.462781 1.286504 2.224259
 9.600000 2.517630 1.333275 1.465177 1.364749 6.201664
 9.700000 2.463276 1.333324 1.461572 1.351113 1.794499
 9.800000 2.453445 1.385593 1.449278 1.330950 1.280230
 9.900000 2.476114 1.320080 1.424732 1.343479 2.596542
 10.000000 2.460718 1.311101 1.419821 1.364264 1.652371
 10.100000 2.456161 1.378030 1.422946 1.314783 1.413657
 10.200000 2.461965 1.356850 1.461806 1.350941 1.720947
 10.300000 2.472664 1.315817 1.461709 1.389908 2.366513
 10.400000 2.485845 1.364324 1.472874 1.293180 3.302983
 10.500000 2.494122 1.349918 1.440311 1.345846 3.970565
 10.600000 2.466809 1.291315 1.448362 1.380727 2.000527
 10.700000 2.459186 1.374321 1.433931 1.329017 1.570026
 10.800000 2.445854 1.381337 1.423424 1.330705 0.942399
 10.900000 2.453138 1.305535 1.431157 1.368518 1.265551
 11.000000 2.499700 1.355630 1.415717 1.347395 4.455171
 11.100000 2.494055 1.350458 1.449316 1.294792 3.964964
 11.200000 2.509341 1.300904 1.467549 1.369155 5.358462
 11.300000 2.473541 1.343372 1.438196 1.378736 2.424011
 11.400000 2.444903 1.382338 1.438780 1.309438 0.903705
 11.500000 2.464164 1.328491 1.388873 1.376724 1.845265
 11.600000 2.464666 1.311342 1.416542 1.340007 1.874259
 11.700000 2.461403 1.383729 1.421691 1.321732 1.689849
 11.800000 2.466525 1.347186 1.488361 1.345032 1.983557
 11.900000 2.504136 1.296971 1.478989 1.375814 4.860426
 12.000000 2.492087 1.347945 1.485550 1.302397 3.800755
 12.100000 2.485043 1.334118 1.418780 1.333776 3.241541
 12.200000 2.452051 1.340949 1.434380 1.386047 1.214321
 12.300000 2.436308 1.345283 1.414880 1.304023 0.590862
 12.400000 2.461104 1.373012 1.442400 1.385858 1.673425
 12.500000 2.435305 1.309653 1.454393 1.340872 0.558665
 12.600000 2.488318 1.363270 1.474320 1.332290 3.495987
 12.700000 2.508678 1.325388 1.449158 1.337933 5.293612
 12.800000 2.501758 1.292247 1.483769 1.337469 4.640964
 12.900000 2.460087 1.390102 1.422062 1.334050 1.618185
 13.000000 2.441800 1.346352 1.475715 1.350923 0.783130
 13.100000 2.449648 1.328301 1.420379 1.356168 1.104782
 13.200000 2.482952 1.352696 1.427142 1.334805 3.084050
 13.300000 2.473883 1.336529 1.441450 1.314134 2.446576
 13.400000 2.476400 1.329595 1.445573 1.385467 2.616152
 13.500000 2.494925 1.348542 1.479740 1.307507 4.038588
 13.600000 2.496583 1.336854 1.444014 1.334483 4.180921
 13.700000 2.461806 1.329679 1.424650 1.387665 1.712095
 13.800000 2.447622 1.348529 1.431465 1.315329 1.016466
 13.900000 2.472949 1.383904 1.408877 1.363065 2.385094
 14.000000 2.441438 1.299572 1.448505 1.340496 0.769606
 14.100000 2.477086 1.395840 1.402411 1.360877 2.663295
 14.200000 2.485055 1.359031 1.456705 1.300089 3.242417
 14.300000 2.480346 1.281078 1.484542 1.347939 2.893357
 14.400000 2.513391 1.360194 1.457988 1.384289 5.762707
 14.500000 2.445400 1.349801 1.471117 1.283745 0.923818
 14.600000 2.480810 1.334024 1.412065 1.396275 2.926849
 14.700000 2.477208 1.315740 1.405152 1.329334 2.671787
 14.800000 2.434321 1.368068 1.426700 1.328817 0.527955
 14.900000 2.448516 1.354826 1.423397 1.365910 1.054992
 15.000000 2.456917 1.323683 1.474768 1.359872 1.451950
 15.100000 2.501957 1.371369 1.436092 1.316542 4.659117
 15.200000 2.499775 1.302933 1.465469 1.319101 4.461871
 15.300000 2.502487 1.326172 1.435317 1.366778 4.707675
 15.400000 2.481499 1.377117 1.478548 1.323341 2.976975
 15.500000 2.431173 1.323119 1.438473 1.344056 0.435555
 15.600000 2.446373 1.374374 1.403028 1.393157 0.963830
 15.700000 2.432508 1.333956 1.417524 1.311834 0.473652
 15.800000 2.510508 1.348477 1.428998 1.337993 5.473457
 15.900000 2.506679 1.286003 1.487300 1.361616 5.100677
 16.000000 2.487936 1.340889 1.529963 1.317759 3.465786
 16.100000 2.494063 1.372209 1.479724 1.346029 3.965637
 16.200000 2.447190 1.289337 1.445586 1.333977 0.998084
 16.300000 2.477796 1.365688 1.379277 1.367166 2.712614
 16.400000 2.412573 1.349935 1.392799 1.324611 0.070852
 16.500000 2.476120 1.350772 1.448981 1.381093 2.596952
 16.600000 2.478010 1.323326 1.466522 1.343381 2.727547
 16.700000 2.480760 1.344719 1.496434 1.318221 2.923211
 16.800000 2.495243 1.343032 1.437786 1.355594 4.065703
 16.900000 2.451169 1.310499 1.451372 1.343656 1.173529
 17.000000 2.476225 1.366815 1.408387 1.323340 2.604146
 17.100000 2.438003 1.350868 1.427512 1.356190 0.647302
 17.200000 2.460518 1.336635 1.429713 1.336850 1.641516
 17.300000 2.485569 1.359818 1.439374 1.348879 3.281738
 17.400000 2.473117 1.318610 1.456273 1.295880 2.396149
 17.500000 2.497365 1.328359 1.436048 1.396500 4.248875
 17.600000 2.442644 1.349112 1.456266 1.333956 0.815073
 17.700000 2.473329 1.362731 1.442234 1.325224 2.410050
 17.800000 2.489136 1.334093 1.417974 1.380538 3.561038
 17.900000 2.463229 1.304118 1.452039 1.309915 1.791862
 18.000000 2.489679 1.394395 1.422786 1.352932 3.604607
 18.100000 2.466104 1.326510 1.466415 1.328140 1.958498
 18.200000 2.466345 1.342434 1.432340 1.358188 1.972810
 18.300000 2.489151 1.373294 1.410876 1.335174 3.562267
 18.400000 2.458658 1.320279 1.414874 1.316720 1.542151
 18.500000 2.496508 1.335895 1.434528 1.383836 4.174472
 18.600000 2.464070 1.338448 1.454502 1.302012 1.839820
 18.700000 2.480052 1.356289 1.449278 1.372868 2.872234
 18.800000 2.482306 1.327509 1.422587 1.328161 3.036217
 18.900000 2.473882 1.324903 1.454479 1.317989 2.446534
 19.000000 2.496833 1.354909 1.418105 1.333238 4.202634
 19.100000 2.424513 1.316138 1.496482 1.342724 0.269325
 19.200000 2.476716 1.386445 1.444761 1.356248 2.637796
 19.300000 2.458974 1.335090 1.467897 1.317480 1.558826
 19.400000 2.486681 1.301177 1.438266 1.339622 3.367620
 19.500000 2.458933 1.373254 1.422099 1.364542 1.556625
 19.600000 2.445909 1.340706 1.473916 1.319070 0.944641
 19.700000 2.479443 1.356726 1.432026 1.375669 2.828661
 19.800000 2.468814 1.323002 1.425523 1.339980 2.122402
 19.900000 2.475069 1.337804 1.415678 1.316658 2.525768
 20.000000 2.503583 1.362022 1.418482 1.354895 4.808899
 20.100000 2.454422 1.291775 1.480190 1.327224 1.327441
 20.200000 2.480137 1.398741 1.451161 1.344896 2.878303
 20.300000 2.477833 1.306522 1.444926 1.338623 2.715183
 20.400000 2.465847 1.337417 1.434561 1.326632 1.943329
 20.500000 2.495754 1.355871 1.409367 1.342273 4.109441
 20.600000 2.420478 1.326520 1.480125 1.312735 0.187950
 20.700000 2.474184 1.349576 1.433228 1.396995 2.466583
 20.800000 2.455294 1.337984 1.475859 1.305941 1.370347
 20.900000 2.485886 1.344014 1.414461 1.327809 3.306099
 21.000000 2.483114 1.326499 1.430005 1.372692 3.096123
 21.100000 2.435891 1.334306 1.452163 1.312854 0.577360
 21.200000 2.479086 1.405310 1.452839 1.375454 2.803286
 21.300000 2.430099 1.311020 1.450872 1.335105 0.406039
 21.400000 2.484338 1.360169 1.430836 1.375365 3.187994
 21.500000 2.460611 1.341491 1.432599 1.301016 1.646560
 21.600000 2.491169 1.345694 1.450669 1.350051 3.725367
 21.700000 2.474004 1.314738 1.463283 1.352055 2.454602
 21.800000 2.468327 1.381198 1.484490 1.334511 2.092463
 21.900000 2.455222 1.349442 1.439100 1.353548 1.366758
 22.000000 2.455759 1.322111 1.418913 1.343346 1.393508
 22.100000 2.486084 1.337956 1.368296 1.362421 3.321336
 22.200000 2.453375 1.353907 1.446233 1.302312 1.276850
 22.300000 2.489744 1.346900 1.423106 1.380287 3.609827
 22.400000 2.483930 1.323598 1.470142 1.352175 3.157197
 22.500000 2.485811 1.343667 1.441845 1.301030 3.300312
 22.600000 2.481190 1.364988 1.425667 1.371568 2.954458
 22.700000 2.441563 1.308333 1.431076 1.336311 0.774253
 22.800000 2.468949 1.363212 1.435274 1.348927 2.130719
 22.900000 2.459434 1.349740 1.422886 1.347233 1.583218
 23.000000 2.463631 1.331449 1.497026 1.345159 1.814695
 23.100000 2.480421 1.329494 1.445489 1.334321 2.898736
 23.200000 2.498121 1.341836 1.467639 1.343262 4.315178
 23.300000 2.432952 1.324539 1.436036 1.326434 0.486659
 23.400000 2.478827 1.375533 1.456866 1.376687 2.784964
 23.500000 2.447604 1.333429 1.431038 1.340042 1.015693
 23.600000 2.493111 1.353805 1.464895 1.326704 3.885752
 23.700000 2.475034 1.316046 1.436602 1.356483 2.523412
 23.800000 2.472018 1.342343 1.491359 1.356027 2.324606
 23.900000 2.477083 1.347138 1.433172 1.325176 2.663110
 24.000000 2.462953 1.347118 1.451972 1.352049 1.776251
 24.100000 2.456988 1.334619 1.389973 1.360744 1.455600
 24.200000 2.474717 1.354501 1.436283 1.327041 2.502145
 24.300000 2.526827 1.315626 1.419405 1.327527 7.209348
 24.400000 2.465823 1.324261 1.484877 1.356478 1.941890
 24.500000 2.446420 1.370831 1.421049 1.355930 0.965773
 24.600000 2.463779 1.354549 1.442193 1.338331 1.823156
 24.700000 2.459990 1.304058 1.400336 1.352096 1.612969
 24.800000 2.469305 1.363809 1.444232 1.345984 2.152799
 24.900000 2.427046 1.346559 1.453491 1.344501 0.327858
 25.000000 2.483893 1.338452 1.500257 1.361572 3.154433
 25.100000 2.484561 1.309968 1.460005 1.322170 3.204919
 25.200000 2.491999 1.389380 1.457011 1.336852 3.793512
 25.300000 2.417447 1.296071 1.437295 1.356006 0.136434
 25.400000 2.495011 1.367201 1.423521 1.368748 4.045944
 25.500000 2.455494 1.337067 1.436960 1.305018 1.380284
 25.600000 2.497379 1.345128 1.430193 1.356416 4.250129
 25.700000 2.469389 1.330940 1.427657 1.354422 2.158030
 25.800000 2.469933 1.339841 1.453017 1.319758 2.191993
 25.900000 2.512969 1.365327 1.403613 1.339181 5.719949
 26.000000 2.433389 1.307955 1.434637 1.358453 0.499658
 26.100000 2.456293 1.393328 1.371619 1.354103 1.420283
 26.200000 2.448183 1.337115 1.429373 1.343448 1.040540
 26.300000 2.491269 1.323980 1.420891 1.332628 3.733551
 26.400000 2.493946 1.335841 1.456010 1.339218 3.955771
 26.500000 2.471028 1.328895 1.480209 1.320477 2.261170
 26.600000 2.512985 1.349337 1.469943 1.354231 5.721541
 26.700000 2.447259 1.327323 1.451260 1.348691 1.001027
 26.800000 2.459390 1.370688 1.415587 1.335360 1.580872
 26.900000 2.447501 1.328904 1.399220 1.337850 1.011292
 27.000000 2.469649 1.327333 1.457794 1.347084 2.174226
 27.100000 2.465923 1.351063 1.459817 1.332109 1.947803
 27.200000 2.439262 1.381712 1.499795 1.360789 0.690906
 27.300000 2.482992 1.319107 1.460313 1.336746 3.087064
 27.400000 2.502948 1.324017 1.449473 1.327368 4.750135
 27.500000 2.474500 1.360519 1.413685 1.308018 2.487628
 27.600000 2.455781 1.330771 1.442692 1.371997 1.394572
 27.700000 2.465260 1.360263 1.427423 1.333574 1.908830
 27.800000 2.480973 1.331886 1.446525 1.336966 2.938706
 27.900000 2.454744 1.344458 1.420692 1.336676 1.343190
 28.000000 2.469639 1.333538 1.446938 1.356529 2.173581
 28.100000 2.490918 1.357275 1.421754 1.307790 3.704884
 28.200000 2.473530 1.334650 1.446313 1.349770 2.423234
 28.300000 2.477512 1.328270 1.417895 1.358126 2.692827
 28.400000 2.454750 1.379188 1.439844 1.319595 1.343491
 28.500000 2.487672 1.313424 1.442839 1.336640 3.445069
 28.600000 2.471672 1.323928 1.467364 1.374180 2.302351
 28.700000 2.437485 1.376962 1.460697 1.334526 0.629787
 28.800000 2.458667 1.364736 1.445107 1.347073 1.542605
 28.900000 2.485825 1.305430 1.417736 1.356765 3.301379
 29.000000 2.487534 1.336483 1.433058 1.301557 3.434236
 29.100000 2.452415 1.402960 1.428107 1.356736 1.231335
 29.200000 2.436229 1.307201 1.487898 1.385331 0.588276
 29.300000 2.487333 1.353977 1.436594 1.318746 3.418430
 29.400000 2.487945 1.367322 1.430740 1.329943 3.466550
 29.500000 2.456638 1.297926 1.420824 1.350843 1.437782
 29.600000 2.520770 1.373133 1.429276 1.338086 6.537126
 29.700000 2.464721 1.382262 1.470331 1.318683 1.877434
 29.800000 2.440480 1.324442 1.478020 1.379756 0.734424
 29.900000 2.469852 1.348154 1.429795 1.355115 2.186916
 30.000000 2.496557 1.354263 1.439217 1.288093 4.178709
 30.100000 2.486126 1.307309 1.434823 1.363364 3.324569
 30.200000 2.444311 1.371694 1.483191 1.384409 0.880006
 30.300000 2.465009 1.381190 1.483848 1.313798 1.894158
 30.400000 2.472928 1.307749 1.444658 1.345260 2.383768
 30.500000 2.472068 1.320654 1.420182 1.363556 2.327872
 30.600000 2.448660 1.376378 1.418363 1.316027 1.061240
 30.700000 2.460542 1.338450 1.447563 1.352475 1.642821
 30.800000 2.501518 1.321020 1.420480 1.379179 4.619090
 30.900000 2.461257 1.363592 1.444386 1.311475 1.681840
 31.000000 2.480709 1.345553 1.423774 1.346642 2.919557
 31.100000 2.482132 1.309290 1.444956 1.345915 3.023373
 31.200000 2.485304 1.356922 1.420929 1.329607 3.261478
 31.300000 2.456670 1.367673 1.433440 1.349037 1.439411
 31.400000 2.431797 1.341568 1.400349 1.357082 0.453142
 31.500000 2.536724 1.336174 1.448111 1.321021 8.378345
 31.600000 2.479524 1.314849 1.469603 1.311472 2.834441
 31.700000 2.468692 1.364241 1.490112 1.375849 2.114877
 31.800000 2.428800 1.351818 1.449277 1.352969 0.371758
 31.900000 2.469527 1.341491 1.430065 1.356099 2.166591
 32.000000 2.480975 1.327628 1.375406 1.304401 2.938833
 32.100000 2.449991 1.359953 1.441926 1.348512 1.120103
 32.200000 2.458036 1.339872 1.476178 1.387170 1.509626
 32.300000 2.461709 1.347476 1.510062 1.345892 1.706769
 32.400000 2.507508 1.359310 1.421932 1.320587 5.180277
 32.500000 2.488876 1.293806 1.435364 1.343133 3.540317
 32.600000 2.465600 1.339083 1.388307 1.354012 1.928768
 32.700000 2.473805 1.381115 1.459392 1.338405 2.441445
 32.800000 2.455468 1.331542 1.485363 1.323795 1.379000
 32.900000 2.492372 1.330500 1.494021 1.360284 3.824287
 33.000000 2.469131 1.338501 1.430116 1.320022 2.141998
 33.100000 2.484084 1.348808 1.426462 1.346027 3.168834
 33.200000 2.455967 1.325405 1.398145 1.331313 1.403893
 33.300000 2.470007 1.368006 1.447020 1.362195 2.196598
 33.400000 2.435396 1.343131 1.464672 1.359327 0.561537
 33.500000 2.468876 1.357169 1.474219 1.340192 2.126225
 33.600000 2.521596 1.339715 1.430345 1.326491 6.626933
 33.700000 2.500603 1.307147 1.449739 1.316889 4.536244
 33.800000 2.484343 1.350683 1.411728 1.363156 3.188401
 33.900000 2.440978 1.349422 1.469928 1.340124 0.752603
 34.000000 2.455205 1.372334 1.421552 1.354461 1.365909
 34.100000 2.441710 1.324186 1.466760 1.340226 0.779757
 34.200000 2.476434 1.336817 1.440696 1.347598 2.618420
 34.300000 2.508306 1.364336 1.458746 1.336139 5.257510
 34.400000 2.477915 1.296616 1.482519 1.316663 2.720908
 34.500000 2.500440 1.369313 1.435590 1.392818 4.521504
 34.600000 2.411427 1.332299 1.461589 1.309771 0.058524
 34.700000 2.445188 1.377860 1.435980 1.374542 0.915223
 34.800000 2.465149 1.334030 1.414784 1.359933 1.902319
 34.900000 2.484670 1.326759 1.448904 1.326834 3.213135
 35.000000 2.512812 1.349420 1.411906 1.336427 5.704015
 35.100000 2.484606 1.314073 1.477024 1.325263 3.208317
 35.200000 2.475127 1.363127 1.431629 1.360021 2.529646
 35.300000 2.425633 1.339876 1.459125 1.334256 0.294482
 35.400000 2.465367 1.347191 1.437699 1.367191 1.915061
 35.500000 2.464026 1.363364 1.440878 1.341966 1.837346
 35.600000 2.479122 1.319697 1.455008 1.314197 2.805877
 35.700000 2.520328 1.347534 1.442947 1.376504 6.489402
 35.800000 2.454654 1.302169 1.496257 1.306230 1.338792
 35.900000 2.479159 1.399118 1.445393 1.350526 2.808515
 36.000000 2.428573 1.348027 1.436611 1.368959 0.365906
 36.100000 2.455277 1.338689 1.374288 1.360735 1.369474
 36.200000 2.489704 1.337028 1.409201 1.313583 3.606619
 36.300000 2.486493 1.332865 1.429559 1.312576 3.352963
 36.400000 2.487491 1.378229 1.467540 1.408796 3.430795
 36.500000 2.394280 1.312624 1.507434 1.328793 0.014664
 36.600000 2.508358 1.403778 1.423817 1.364469 5.262560
 36.700000 2.463318 1.319063 1.394019 1.321720 1.796914
 36.800000 2.463534 1.318150 1.432706 1.330362 1.809212
 36.900000 2.494210 1.367974 1.405792 1.368038 3.978048
 37.000000 2.451292 1.313316 1.531674 1.314725 1.179168
 37.100000 2.509426 1.344560 1.460221 1.353295 5.366816
 37.200000 2.448532 1.331695 1.477726 1.341800 1.055656
 37.300000 2.454428 1.333879 1.415867 1.333690 1.327729
 37.400000 2.499598 1.344968 1.405230 1.364391 4.445997
 37.500000 2.447610 1.335100 1.451537 1.310249 1.015927
 37.600000 2.463001 1.362315 1.452100 1.379727 1.778959
 37.700000 2.447880 1.313472 1.480693 1.334784 1.027513
 37.800000 2.491389 1.354510 1.449992 1.331586 3.743359
 37.900000 2.481474 1.351579 1.412883 1.330945 2.975138
 38.000000 2.449807 1.324109 1.443474 1.344600 1.111863
 38.100000 2.464750 1.359759 1.412561 1.373054 1.879103
 38.200000 2.446787 1.340034 1.481977 1.303970 0.981118
 38.300000 2.481889 1.347391 1.450439 1.355990 3.005578
 38.400000 2.451288 1.324956 1.476049 1.358945 1.178988
 38.500000 2.488118 1.340415 1.433199 1.335308 3.480146
 38.600000 2.491667 1.356425 1.444642 1.340146 3.766177
 38.700000 2.450400 1.316236 1.442113 1.313030 1.138492
 38.800000 2.480606 1.376254 1.433139 1.389626 2.912121
 38.900000 2.428232 1.313755 1.461793 1.311909 0.357247
 39.000000 2.508026 1.360300 1.449229 1.354826 5.230303
 39.100000 2.465703 1.344549 1.434904 1.339526 1.934799
 39.200000 2.474572 1.311723 1.462998 1.342971 2.492438
 39.300000 2.495708 1.361930 1.407372 1.356304 4.105517
 39.400000 2.446698 1.336101 1.467197 1.324500 0.977394
 39.500000 2.462896 1.355099 1.424054 1.376676 1.773028
 39.600000 2.443384 1.357580 1.464391 1.338682 0.843605
 39.700000 2.496652 1.324022 1.401472 1.351125 4.186874
 39.800000 2.491228 1.339462 1.438241 1.335156 3.730147
 39.900000 2.452715 1.339242 1.428160 1.316698 1.245498
 40.000000 2.494897 1.390596 1.423511 1.396461 4.036272
 40.100000 2.421283 1.299467 1.455079 1.316024 0.203024
 40.200000 2.502973 1.380580 1.449340 1.334835 4.752501
 40.300000 2.463822 1.364541 1.430861 1.342966 1.825626
 40.400000 2.472556 1.286171 1.496063 1.334025 2.359516
 40.500000 2.547110 1.379200 1.411176 1.351599 9.699613
 40.600000 2.438992 1.347778 1.484051 1.303977 0.681444
 40.700000 2.434258 1.349676 1.425251 1.389485 0.526011
 40.800000 2.428489 1.359999 1.436852 1.376045 0.363762
 40.900000 2.463228 1.337560 1.420454 1.293858 1.791791
 41.000000 2.517835 1.336967 1.425398 1.365809 6.223319
 41.100000 2.436136 1.306641 1.462223 1.339571 0.585253
 41.200000 2.486520 1.386776 1.476044 1.374431 3.355102
 41.300000 2.441600 1.312340 1.480307 1.310562 0.775640
 41.400000 2.494799 1.343441 1.436149 1.352787 4.027883
 41.500000 2.428529 1.353835 1.381681 1.363502 0.364795
 41.600000 2.441491 1.331678 1.456460 1.319601 0.771571
 41.700000 2.545650 1.349894 1.392600 1.364887 9.508019
 41.800000 2.450083 1.316690 1.523559 1.312144 1.124214
 41.900000 2.479980 1.346881 1.452251 1.357379 2.867038
 42.000000 2.480314 1.357901 1.456578 1.360232 2.891037
 42.100000 2.452236 1.293718 1.410377 1.314877 1.222936
 42.200000 2.500089 1.394355 1.376086 1.375932 4.489982
 42.300000 2.411262 1.308449 1.410958 1.328744 0.056844
 42.400000 2.472958 1.373942 1.455515 1.394966 2.385693
 42.500000 2.486584 1.337933 1.453302 1.320432 3.360051
 42.600000 2.494085 1.335393 1.461814 1.310430 3.967436
 42.700000 2.492345 1.341680 1.398930 1.378739 3.822099
 42.800000 2.450191 1.313365 1.456573 1.324424 1.129075
 42.900000 2.482117 1.395510 1.404276 1.357072 3.022290
 43.000000 2.409577 1.330453 1.494591 1.321338 0.041110
 43.100000 2.448926 1.347760 1.456207 1.388259 1.072873
 43.200000 2.499189 1.369123 1.444351 1.327523 4.409632
 43.300000 2.480544 1.294176 1.454183 1.306486 2.907596
 43.400000 2.488678 1.370299 1.425690 1.394592 3.524559
 43.500000 2.434213 1.333948 1.478122 1.308894 0.524646
 43.600000 2.469055 1.370691 1.440548 1.360555 2.137310
 43.700000 2.454505 1.314622 1.420098 1.345804 1.331526
 43.800000 2.485821 1.357095 1.410012 1.322841 3.301123
 43.900000 2.488115 1.354013 1.415483 1.335908 3.479904
 44.000000 2.478518 1.305195 1.511497 1.338786 2.763181
 44.100000 2.504892 1.367505 1.453443 1.350978 4.931199
 44.200000 2.433185 1.346943 1.490329 1.316816 0.493579
 44.300000 2.457462 1.327356 1.377996 1.376780 1.479883
 44.400000 2.457709 1.348860 1.404349 1.333571 1.492676
 44.500000 2.442851 1.345978 1.429246 1.312602 0.822997
 44.600000 2.472051 1.372709 1.457750 1.396532 2.326790
 44.700000 2.470116 1.303396 1.490925 1.312376 2.203475
 44.800000 2.544162 1.355758 1.470456 1.325929 9.314818
 44.900000 2.478574 1.324570 1.421759 1.343834 2.767100
 45.000000 2.421243 1.354861 1.433171 1.344855 0.202266
 45.100000 2.498497 1.363139 1.394182 1.341285 4.348317
 45.200000 2.456933 1.313847 1.448913 1.337031 1.452757
 45.300000 2.459886 1.344530 1.444696 1.350695 1.607380
 45.400000 2.482467 1.374123 1.446686 1.326869 3.048132
 45.500000 2.465686 1.307966 1.483031 1.319670 1.933855
 45.600000 2.501392 1.332051 1.433576 1.372470 4.607658
 45.700000 2.426188 1.388455 1.464761 1.340070 0.307378
 45.800000 2.448619 1.338197 1.438710 1.336214 1.059478
 45.900000 2.502172 1.327469 1.433800 1.371166 4.678834
 46.000000 2.478450 1.332948 1.438587 1.306739 2.758370
 46.100000 2.460082 1.376876 1.478336 1.337210 1.617957
 46.200000 2.487899 1.306189 1.423596 1.368726 3.462917
 46.300000 2.482363 1.344308 1.451022 1.339511 3.040459
 46.400000 2.451646 1.363517 1.427945 1.321481 1.195503
 46.500000 2.455817 1.337689 1.423391 1.385045 1.396399
 46.600000 2.447528 1.341487 1.423914 1.337895 1.012441
 46.700000 2.492448 1.369276 1.404189 1.329908 3.830561
 46.800000 2.468660 1.329783 1.424987 1.344484 2.112913
 46.900000 2.481435 1.326301 1.446518 1.355098 2.972300
 47.000000 2.488279 1.365983 1.430506 1.322031 3.492940
 47.100000 2.472970 1.343549 1.443653 1.332453 2.386485
 47.200000 2.454012 1.321851 1.408427 1.392545 1.307531
 47.300000 2.447607 1.367172 1.438025 1.302518 1.015818
 47.400000 2.498176 1.368017 1.446210 1.352614 4.319999
 47.500000 2.459548 1.308368 1.473335 1.343504 1.589316
 47.600000 2.486112 1.349037 1.467844 1.358763 3.323560
 47.700000 2.468385 1.378127 1.453900 1.311232 2.096004
 47.800000 2.459180 1.298433 1.453343 1.338492 1.569724
 47.900000 2.483306 1.344506 1.404929 1.384616 3.110481
 48.000000 2.411618 1.375583 1.438936 1.308945 0.060500
 48.100000 2.458923 1.339825 1.445370 1.359189 1.556099
 48.200000 2.481347 1.333263 1.428128 1.362592 2.965905
 48.300000 2.474965 1.321742 1.457083 1.307623 2.518743
 48.400000 2.466198 1.374352 1.443175 1.355088 1.964105
 48.500000 2.482493 1.312011 1.470493 1.353839 3.050041
 48.600000 2.489586 1.342976 1.440554 1.327128 3.597075
 48.700000 2.469287 1.366868 1.436895 1.339494 2.151640
 48.800000 2.450627 1.306030 1.414078 1.354218 1.148764
 48.900000 2.488738 1.363779 1.427269 1.338526 3.529313
 49.000000 2.477685 1.325728 1.434112 1.306895 2.704895
 49.100000 2.472688 1.348591 1.454938 1.376482 2.368075
 49.200000 2.469772 1.324008 1.430858 1.376137 2.181867
 49.300000 2.462043 1.371376 1.441465 1.292306 1.725282
 49.400000 2.501704 1.330877 1.408692 1.341456 4.636088
 49.500000 2.445470 1.321168 1.442215 1.361333 0.926674
 49.600000 2.445230 1.371869 1.445385 1.337004 0.916912
 49.700000 2.474713 1.374221 1.463468 1.341007 2.501849
 49.800000 2.468659 1.293225 1.449523 1.344616 2.112840
 49.900000 2.511039 1.355761 1.438201 1.339353 5.526163
 50.000000 2.469674 1.346761 1.444808 1.318121 2.175752
