#! FIELDS time d1 d2 d3 d4 rest.bias
 0.000000 1.578033 1.536924 1.360019 1.594698 2.729137
 0.100000 1.494274 1.454039 1.388364 1.488085 0.014697
 0.200000 1.549960 1.514025 1.349265 1.511459 1.118703
 0.300000 1.497266 1.538340 1.332008 1.558375 0.003351
 0.400000 1.560735 1.476541 1.352005 1.505186 1.653319
 0.500000 1.491911 1.536744 1.381058 1.545848 0.029325
 0.600000 1.567474 1.548165 1.333445 1.533151 2.040522
 0.700000 1.503529 1.490608 1.307386 1.536449 0.005581
 0.800000 1.553285 1.544178 1.338872 1.564975 1.272553
 0.900000 1.496273 1.559350 1.399649 1.492680 0.006226
 1.000000 1.556916 1.504940 1.355699 1.503041 1.451919
 1.100000 1.494400 1.556892 1.324770 1.553535 0.014053
 1.200000 1.576306 1.523477 1.323950 1.437231 2.609717
 1.300000 1.485588 1.554944 1.392152 1.470132 0.093095
 1.400000 1.566334 1.546595 1.357590 1.494403 1.972178
 1.500000 1.496430 1.528818 1.325193 1.468377 0.005712
 1.600000 1.547819 1.590766 1.337537 1.511170 1.024886
 1.700000 1.495523 1.513678 1.376820 1.493187 0.008982
 1.800000 1.559143 1.539078 1.356546 1.516106 1.567737
 1.900000 1.494644 1.587837 1.299828 1.516345 0.012858
 2.000000 1.572602 1.509923 1.322531 1.498350 2.362461
 2.100000 1.488018 1.546524 1.411707 1.540300 0.064350
 2.200000 1.534306 1.524862 1.370608 1.511062 0.527500
 2.300000 1.524482 1.513449 1.331883 1.484082 0.268626
 2.400000 1.543399 1.526186 1.316751 1.556979 0.844190
 2.500000 1.518334 1.488563 1.382476 1.511090 0.150651
 2.600000 1.560396 1.500288 1.369164 1.455080 1.634883
 2.700000 1.484842 1.556391 1.352249 1.596942 0.102984
 2.800000 1.563393 1.458793 1.323877 1.508274 1.801175
 2.900000 1.498771 1.537927 1.363722 1.539720 0.000677
 3.000000 1.537443 1.511990 1.373554 1.563157 0.628373
 3.100000 1.527511 1.463584 1.333661 1.521693 0.339229
 3.200000 1.537947 1.544974 1.297108 1.598271 0.645395
 3.300000 1.503217 1.493172 1.356019 1.529826 0.004638
 3.400000 1.535080 1.480284 1.386539 1.532856 0.551567
 3.500000 1.524453 1.507688 1.369189 1.566006 0.268002
 3.600000 1.533674 1.502765 1.313762 1.508405 0.508219
 3.700000 1.522762 1.490435 1.336246 1.542835 0.232209
 3.800000 1.540597 1.491831 1.366085 1.541025 0.738686
 3.900000 1.542216 1.473790 1.382106 1.497085 0.798778
 4.000000 1.507144 1.543037 1.338466 1.527981 0.022875
 4.100000 1.520810 1.525788 1.340284 1.543243 0.194087
 4.200000 1.538225 1.492529 1.359738 1.505826 0.654896
 4.300000 1.535657 1.582739 1.370124 1.538209 0.569846
 4.400000 1.522429 1.520762 1.313855 1.498791 0.225468
 4.500000 1.547344 1.551983 1.309926 1.536518 1.004635
 4.600000 1.498251 1.577962 1.385713 1.509985 0.001371
 4.700000 1.536629 1.496065 1.391689 1.458856 0.601342
 4.800000 1.504487 1.560138 1.329134 1.540035 0.009026
 4.900000 1.564628 1.545222 1.310549 1.482199 1.872051
 5.000000 1.490467 1.518412 1.369930 1.444543 0.040728
 5.100000 1.573891 1.546724 1.383662 1.507028 2.447140
 5.200000 1.497095 1.537626 1.342997 1.502046 0.003781
 5.300000 1.546553 1.540420 1.323795 1.468515 0.971340
 5.400000 1.485062 1.564513 1.359647 1.529474 0.100014
 5.500000 1.586966 1.514884 1.374123 1.504647 3.389749
 5.600000 1.481496 1.568798 1.322919 1.504226 0.153468
 5.700000 1.551500 1.569120 1.306241 1.531398 1.188719
 5.800000 1.512114 1.506226 1.389104 1.504195 0.065769
 5.900000 1.551356 1.564001 1.377817 1.533119 1.182101
 6.000000 1.478904 1.497128 1.347221 1.506248 0.199463
 6.100000 1.580731 1.495209 1.318171 1.523079 2.921109
 6.200000 1.484975 1.521869 1.366068 1.567760 0.101180
 6.300000 1.576113 1.470697 1.374905 1.476706 2.596522
 6.400000 1.476652 1.505959 1.354907 1.540161 0.244321
 6.500000 1.562419 1.502030 1.325508 1.594320 1.746269
 6.600000 1.490998 1.487231 1.362166 1.499437 0.036317
 6.700000 1.569169 1.521756 1.360306 1.560579 2.144345
 6.800000 1.500074 1.507322 1.334513 1.565515 0.000002
 6.900000 1.547838 1.473671 1.305651 1.529651 1.025712
 7.000000 1.473792 1.553231 1.380277 1.574430 0.307840
 7.100000 1.568331 1.468857 1.366774 1.534680 2.092733
 7.200000 1.494169 1.478621 1.354856 1.558059 0.015240
 7.300000 1.554615 1.519062 1.316191 1.521350 1.336880
 7.400000 1.528213 1.492102 1.361121 1.521179 0.356745
 7.500000 1.539728 1.482625 1.360660 1.531381 0.707411
 7.600000 1.489504 1.518660 1.380650 1.511744 0.049378
 7.700000 1.562349 1.539519 1.316416 1.491949 1.742344
 7.800000 1.505164 1.544616 1.356451 1.552590 0.011954
 7.900000 1.541306 1.515391 1.357488 1.497629 0.764716
 8.000000 1.526211 1.577253 1.345533 1.492486 0.307930
 8.100000 1.535135 1.570131 1.298724 1.524040 0.553297
 8.200000 1.503628 1.514521 1.360477 1.497234 0.005899
 8.300000 1.535565 1.559997 1.382092 1.499178 0.566904
 8.400000 1.518636 1.551555 1.366262 1.482897 0.155661
 8.500000 1.537387 1.503866 1.310041 1.495496 0.626475
 8.600000 1.522019 1.545106 1.345881 1.520375 0.217306
 8.700000 1.543606 1.528739 1.368014 1.468327 0.852239
 8.800000 1.519643 1.521103 1.372903 1.485065 0.172929
 8.900000 1.498664 1.538968 1.314700 1.540269 0.000800
 9.000000 1.556637 1.550324 1.348536 1.495290 1.437705
 9.100000 1.509260 1.537498 1.373513 1.484853 0.038431
 9.200000 1.541118 1.532464 1.364971 1.548686 0.757766
 9.300000 1.530203 1.516376 1.305361 1.503283 0.408853
 9.400000 1.534917 1.554269 1.344336 1.531030 0.546455
 9.500000 1.494901 1.492068 1.398976 1.544063 0.011653
 9.600000 1.548890 1.486832 1.379392 1.518634 1.071292
 9.700000 1.507755 1.551430 1.320065 1.544599 0.026953
 9.800000 1.551875 1.480180 1.324044 1.510873 1.206134
 9.900000 1.513172 1.475536 1.376778 1.552825 0.077769
 10.000000 1.548730 1.498384 1.361500 1.535497 1.064289
 10.100000 1.492293 1.505091 1.332776 1.514435 0.026622
 10.200000 1.537707 1.498621 1.326370 1.563168 0.637262
 10.300000 1.506986 1.483234 1.370453 1.567081 0.021874
 10.400000 1.571289 1.493926 1.370005 1.530810 2.277828
 10.500000 1.493150 1.515255 1.312602 1.536869 0.021029
 10.600000 1.559541 1.509892 1.324617 1.569981 1.588934
 10.700000 1.499288 1.480385 1.383074 1.520437 0.000227
 10.800000 1.545910 1.527898 1.373311 1.549050 0.944672
 10.900000 1.507060 1.484754 1.324339 1.541412 0.022339
 11.000000 1.568626 1.486586 1.317521 1.536438 2.110818
 11.100000 1.509149 1.536029 1.391600 1.518332 0.037516
 11.200000 1.552241 1.505854 1.357213 1.473505 1.223212
 11.300000 1.508361 1.537283 1.355853 1.551432 0.031328
 11.400000 1.535874 1.522894 1.325174 1.477406 0.576803
 11.500000 1.507049 1.583310 1.375609 1.492710 0.022270
 11.600000 1.573034 1.542473 1.349107 1.484421 2.390665
 11.700000 1.502412 1.550273 1.325946 1.511523 0.002608
 11.800000 1.541169 1.567082 1.319340 1.484840 0.759658
 11.900000 1.504873 1.556579 1.363873 1.507991 0.010645
 12.000000 1.555321 1.515693 1.364230 1.504688 1.371656
 12.100000 1.508029 1.557294 1.346770 1.477266 0.028891
 12.200000 1.553819 1.581009 1.319643 1.507367 1.298228
 12.300000 1.529928 1.487427 1.353658 1.480338 0.401442
 12.400000 1.530694 1.552032 1.353216 1.521778 0.422256
 12.500000 1.529625 1.525312 1.375772 1.469583 0.393353
 12.600000 1.531225 1.511176 1.332873 1.490078 0.436983
 12.700000 1.513167 1.555904 1.352323 1.540187 0.077702
 12.800000 1.546628 1.504889 1.342466 1.462572 0.974445
 12.900000 1.529891 1.559994 1.369891 1.538360 0.400454
 13.000000 1.520301 1.496729 1.325205 1.525950 0.184722
 13.100000 1.530143 1.545948 1.336838 1.535642 0.407247
 13.200000 1.532101 1.531626 1.354591 1.518797 0.461864
 13.300000 1.509732 1.493269 1.385804 1.556122 0.042448
 13.400000 1.522245 1.498149 1.330047 1.537739 0.221782
 13.500000 1.551029 1.504938 1.319884 1.536877 1.167098
 13.600000 1.518599 1.476087 1.361592 1.555936 0.155041
 13.700000 1.526389 1.453015 1.370199 1.530944 0.312115
 13.800000 1.527927 1.533457 1.349855 1.552930 0.349552
 13.900000 1.525709 1.475874 1.332711 1.509069 0.296236
 14.000000 1.511261 1.503010 1.350957 1.571536 0.056841
 14.100000 1.560367 1.498895 1.367299 1.530576 1.633296
 14.200000 1.522248 1.511988 1.329069 1.524005 0.221857
 14.300000 1.520997 1.523998 1.317921 1.566069 0.197603
 14.400000 1.517045 1.490413 1.359669 1.524191 0.130210
 14.500000 1.548797 1.523248 1.376751 1.538493 1.067235
 14.600000 1.496643 1.502998 1.339726 1.535781 0.005051
 14.700000 1.549494 1.491860 1.310510 1.565897 1.097951
 14.800000 1.521590 1.495400 1.361706 1.519843 0.208913
 14.900000 1.539249 1.529955 1.375516 1.514601 0.690445
 15.000000 1.503263 1.502540 1.361642 1.534020 0.004772
 15.100000 1.544263 1.507253 1.324299 1.525640 0.878129
 15.200000 1.512874 1.563105 1.362200 1.510770 0.074284
 15.300000 1.548650 1.522487 1.361011 1.465768 1.060824
 15.400000 1.517467 1.567138 1.345821 1.535957 0.136744
 15.500000 1.544506 1.532548 1.302893 1.494096 0.887768
 15.600000 1.498435 1.564140 1.367727 1.492822 0.001097
 15.700000 1.534454 1.523401 1.367770 1.508333 0.532046
 15.800000 1.522411 1.531370 1.352268 1.513451 0.225110
 15.900000 1.535802 1.551739 1.313478 1.493300 0.574491
 16.000000 1.519170 1.525389 1.357605 1.496779 0.164702
 16.100000 1.547220 1.524374 1.371262 1.516043 0.999353
 16.200000 1.507681 1.536517 1.363977 1.487825 0.026442
 16.300000 1.520239 1.579077 1.311194 1.484938 0.183598
 16.400000 1.521515 1.535027 1.354969 1.490081 0.207464
 16.500000 1.540063 1.533208 1.368120 1.514540 0.719363
 16.600000 1.530928 1.543545 1.351590 1.485624 0.428721
 16.700000 1.514067 1.530852 1.307571 1.504691 0.088684
 16.800000 1.530247 1.528847 1.379627 1.540693 0.410045
 16.900000 1.524324 1.503214 1.374555 1.512541 0.265175
 17.000000 1.522289 1.548378 1.364911 1.526340 0.222665
 17.100000 1.528133 1.478159 1.301296 1.542996 0.354727
 17.200000 1.564479 1.502959 1.348266 1.568549 1.863406
 17.300000 1.484660 1.500190 1.368494 1.518067 0.105464
 17.400000 1.547640 1.511401 1.363733 1.545337 1.017205
 17.500000 1.501413 1.468559 1.317446 1.550133 0.000895
 17.600000 1.538215 1.514321 1.357580 1.560587 0.654530
 17.700000 1.519931 1.492740 1.363905 1.510682 0.178051
 17.800000 1.558670 1.471393 1.352011 1.536051 1.542775
 17.900000 1.502567 1.521201 1.332732 1.560389 0.002953
 18.000000 1.524795 1.487052 1.348261 1.500111 0.275548
 18.100000 1.508713 1.514098 1.367766 1.564251 0.034024
 18.200000 1.547218 1.494661 1.363713 1.580763 0.999283
 18.300000 1.500576 1.491888 1.336297 1.514828 0.000149
 18.400000 1.547134 1.536319 1.323512 1.558222 0.995714
 18.500000 1.526852 1.484937 1.339272 1.555655 0.323177
 18.600000 1.525001 1.491338 1.371496 1.526952 0.280151
 18.700000 1.486329 1.532376 1.363249 1.521356 0.083764
 18.800000 1.579716 1.527130 1.337799 1.541940 2.848143
 18.900000 1.496095 1.479816 1.344523 1.509163 0.006833
 19.000000 1.554132 1.548346 1.368940 1.506421 1.313364
 19.100000 1.528775 1.537094 1.346250 1.483074 0.371114
 19.200000 1.534563 1.524575 1.328945 1.516380 0.535415
 19.300000 1.488499 1.561296 1.359324 1.503392 0.059288
 19.400000 1.542625 1.546649 1.374308 1.456831 0.814325
 19.500000 1.549073 1.573005 1.347225 1.543855 1.079337
 19.600000 1.513909 1.512150 1.301828 1.509918 0.086705
 19.700000 1.525901 1.557159 1.343967 1.490752 0.300674
 19.800000 1.543797 1.559652 1.372083 1.498670 0.859732
 19.900000 1.509348 1.514658 1.372601 1.503479 0.039163
 20.000000 1.507356 1.541307 1.310678 1.486784 0.024252
 20.100000 1.548739 1.574831 1.356483 1.485879 1.064709
 20.200000 1.533440 1.501225 1.369851 1.456070 0.501194
 20.300000 1.525619 1.528677 1.362077 1.527384 0.294170
 20.400000 1.529005 1.547455 1.315738 1.505085 0.377062
 20.500000 1.541708 1.521047 1.363020 1.497279 0.779675
 20.600000 1.502664 1.526468 1.386535 1.553816 0.003182
 20.700000 1.536687 1.514948 1.355310 1.534560 0.603258
 20.800000 1.533283 1.524754 1.305438 1.518832 0.496510
 20.900000 1.531026 1.512285 1.335005 1.581713 0.431430
 21.000000 1.509436 1.478965 1.366724 1.534311 0.039908
 21.100000 1.563760 1.518374 1.375622 1.520836 1.822064
 21.200000 1.489206 1.505108 1.329186 1.556123 0.052216
 21.300000 1.550824 1.456999 1.344808 1.535893 1.157752
 21.400000 1.510627 1.497203 1.338287 1.518054 0.050613
 21.500000 1.568472 1.500092 1.380134 1.535932 2.101375
 21.600000 1.490941 1.443388 1.332501 1.519265 0.036778
 21.700000 1.554652 1.527914 1.352184 1.582496 1.338706
 21.800000 1.510617 1.499413 1.339893 1.502092 0.050518
 21.900000 1.534885 1.502027 1.365272 1.571002 0.545450
 22.000000 1.521931 1.492341 1.340134 1.564264 0.215574
 22.100000 1.564311 1.536464 1.304345 1.533882 1.853726
 22.200000 1.493323 1.538713 1.342877 1.553858 0.019979
 22.300000 1.547893 1.504766 1.399160 1.519547 1.028045
 22.400000 1.514590 1.523256 1.356700 1.506466 0.095405
 22.500000 1.548844 1.553803 1.326282 1.504009 1.069289
 22.600000 1.504511 1.507175 1.324707 1.504342 0.009119
 22.700000 1.577557 1.488446 1.393072 1.478749 2.695983
 22.800000 1.492189 1.577822 1.361274 1.501555 0.027343
 22.900000 1.540149 1.526783 1.343206 1.481088 0.722482
 23.000000 1.516994 1.519527 1.323769 1.522723 0.129433
 23.100000 1.533181 1.576566 1.376859 1.525540 0.493456
 23.200000 1.510428 1.534125 1.338855 1.445740 0.048742
 23.300000 1.565920 1.589367 1.307553 1.560697 1.947635
 23.400000 1.503860 1.525154 1.321392 1.488419 0.006678
 23.500000 1.521862 1.556787 1.388737 1.487641 0.214211
 23.600000 1.533858 1.532815 1.368534 1.495024 0.513807
 23.700000 1.527950 1.517266 1.343668 1.525894 0.350139
 23.800000 1.528731 1.522460 1.317365 1.490625 0.369984
 23.900000 1.530831 1.532729 1.370737 1.496916 0.426037
 24.000000 1.549931 1.497064 1.380358 1.512235 1.117408
 24.100000 1.503502 1.494920 1.360208 1.519279 0.005498
 24.200000 1.518390 1.550673 1.319339 1.547188 0.151578
 24.300000 1.537530 1.493018 1.351483 1.505057 0.631292
 24.400000 1.537254 1.534379 1.370322 1.588048 0.622034
 24.500000 1.507625 1.511894 1.338957 1.517744 0.026058
 24.600000 1.563588 1.510055 1.303972 1.535937 1.812247
 24.700000 1.479194 1.518106 1.360373 1.612113 0.194020
 24.800000 1.546666 1.446477 1.381153 1.502307 0.976066
 24.900000 1.509908 1.524904 1.362421 1.544164 0.043999
 25.000000 1.548083 1.482796 1.308654 1.547619 1.036208
 25.100000 1.502500 1.465879 1.345456 1.553697 0.002802
 25.200000 1.565534 1.474155 1.382993 1.516057 1.924896
 25.300000 1.491912 1.542318 1.373355 1.569588 0.029317
 25.400000 1.540690 1.477261 1.319899 1.526078 0.742076
 25.500000 1.505993 1.544641 1.338294 1.532791 0.016098
 25.600000 1.562607 1.531164 1.377037 1.546934 1.756780
 25.700000 1.491427 1.470111 1.341939 1.510283 0.032945
 25.800000 1.549023 1.572532 1.314395 1.583192 1.077144
 25.900000 1.515005 1.519983 1.346901 1.483924 0.100918
 26.000000 1.523273 1.529565 1.385172 1.555184 0.242751
 26.100000 1.511469 1.484208 1.355952 1.534633 0.058955
 26.200000 1.559252 1.548985 1.332522 1.491945 1.573539
 26.300000 1.495477 1.543499 1.331649 1.520254 0.009169
 26.400000 1.567512 1.507877 1.376786 1.501615 2.042830
 26.500000 1.493534 1.558429 1.363489 1.492017 0.018736
 26.600000 1.544257 1.560691 1.357373 1.474596 0.877874
 26.700000 1.495916 1.551928 1.327997 1.522808 0.007475
 26.800000 1.544363 1.521722 1.348571 1.483971 0.882085
 26.900000 1.524605 1.619716 1.352358 1.496775 0.271340
 27.000000 1.522327 1.530590 1.338209 1.477760 0.223419
 27.100000 1.519442 1.531789 1.326100 1.538757 0.169424
 27.200000 1.525355 1.581014 1.358848 1.510412 0.288147
 27.300000 1.511228 1.510651 1.355800 1.457497 0.056503
 27.400000 1.535177 1.556432 1.367889 1.538072 0.554628
 27.500000 1.540799 1.506732 1.315907 1.497494 0.746047
 27.600000 1.515925 1.560996 1.354946 1.503972 0.113672
 27.700000 1.532272 1.503471 1.365215 1.496150 0.466784
 27.800000 1.519208 1.510065 1.393620 1.537482 0.165370
 27.900000 1.517889 1.554258 1.320413 1.509155 0.143438
 28.000000 1.522845 1.528138 1.338205 1.521861 0.233910
 28.100000 1.538638 1.503131 1.363506 1.540383 0.669101
 28.200000 1.526906 1.511730 1.365365 1.551766 0.324459
 28.300000 1.524604 1.534207 1.314973 1.539517 0.271312
 28.400000 1.505672 1.481265 1.342087 1.541723 0.014419
 28.500000 1.551975 1.505622 1.373692 1.591794 1.210790
 28.600000 1.491227 1.469491 1.357646 1.496997 0.034496
 28.700000 1.568300 1.506943 1.316460 1.555312 2.090818
 28.800000 1.492551 1.484077 1.337595 1.577952 0.024867
 28.900000 1.552402 1.456764 1.371755 1.501210 1.230725
 29.000000 1.504245 1.540260 1.372526 1.544207 0.008077
 29.100000 1.549446 1.482177 1.322178 1.547820 1.095813
 29.200000 1.509274 1.492916 1.338221 1.548881 0.038549
 29.300000 1.568227 1.524369 1.350048 1.542464 2.086355
 29.400000 1.494614 1.506116 1.359233 1.545715 0.013003
 29.500000 1.544582 1.486241 1.332174 1.548927 0.890809
 29.600000 1.492653 1.529346 1.338140 1.548873 0.024193
 29.700000 1.572754 1.509854 1.370427 1.526241 2.372406
 29.800000 1.504421 1.481134 1.363630 1.548006 0.008759
 29.900000 1.561595 1.526169 1.333462 1.525906 1.700469
 30.000000 1.511399 1.522506 1.335522 1.477239 0.058241
 30.100000 1.547995 1.549023 1.374217 1.532242 1.032424
 30.200000 1.488505 1.495380 1.364858 1.484611 0.059227
 30.300000 1.571489 1.568589 1.347468 1.493526 2.290621
 30.400000 1.497453 1.559976 1.318245 1.486325 0.002907
 30.500000 1.564097 1.535112 1.355383 1.507612 1.841420
 30.600000 1.511387 1.567140 1.351589 1.487640 0.058117
 30.700000 1.543280 1.573353 1.341763 1.485523 0.839561
 30.800000 1.509335 1.537247 1.327300 1.510835 0.039059
 30.900000 1.538442 1.533900 1.357948 1.502218 0.662354
 31.000000 1.535927 1.560532 1.361222 1.468927 0.578527
 31.100000 1.523920 1.535780 1.333358 1.459177 0.256452
 31.200000 1.535273 1.539259 1.324745 1.534145 0.557650
 31.300000 1.533393 1.517385 1.374039 1.464871 0.499787
 31.400000 1.515725 1.553381 1.381628 1.507751 0.110829
 31.500000 1.532020 1.508951 1.353403 1.506599 0.459535
 31.600000 1.541162 1.514258 1.317034 1.533833 0.759407
 31.700000 1.515694 1.559761 1.355754 1.529679 0.110396
 31.800000 1.553640 1.478798 1.358477 1.521352 1.289574
 31.900000 1.506193 1.522771 1.354898 1.581941 0.017188
 32.000000 1.540143 1.507781 1.315661 1.526519 0.722274
 32.100000 1.514641 1.510151 1.360135 1.533946 0.096072
 32.200000 1.547200 1.472185 1.360590 1.536794 0.998538
 32.300000 1.520128 1.495769 1.349764 1.568254 0.181589
 32.400000 1.546275 1.477788 1.317944 1.501673 0.959760
 32.500000 1.489866 1.498153 1.353050 1.555931 0.046027
 32.600000 1.578036 1.475225 1.383184 1.557095 2.729337
 32.700000 1.475078 1.478202 1.353829 1.508006 0.278384
 32.800000 1.577281 1.540434 1.320543 1.569884 2.676799
 32.900000 1.497588 1.469107 1.327319 1.523932 0.002607
 33.000000 1.562615 1.537100 1.378991 1.569107 1.757216
 33.100000 1.481767 1.520198 1.347415 1.499080 0.149006
 33.200000 1.588538 1.534474 1.326552 1.555088 3.513412
 33.300000 1.494107 1.511373 1.342038 1.549453 0.015566
 33.400000 1.551829 1.525291 1.367249 1.479350 1.203987
 33.500000 1.515819 1.536402 1.355879 1.506006 0.112155
 33.600000 1.562130 1.518249 1.334979 1.510356 1.730132
 33.700000 1.473961 1.533016 1.340369 1.500574 0.303893
 33.800000 1.580242 1.539280 1.373241 1.458833 2.885843
 33.900000 1.499979 1.570347 1.366672 1.525414 0.000000
 34.000000 1.555824 1.520067 1.334872 1.469329 1.396727
 34.100000 1.495233 1.594267 1.313846 1.495271 0.010186
 34.200000 1.579080 1.553353 1.350158 1.496004 2.802889
 34.300000 1.477421 1.516883 1.366136 1.483213 0.228493
 34.400000 1.528126 1.603029 1.344650 1.514690 0.354567
 34.500000 1.533344 1.517740 1.319100 1.458015 0.498321
 34.600000 1.545213 1.555431 1.361900 1.537422 0.916218
 34.700000 1.508574 1.494522 1.359779 1.480224 0.032952
 34.800000 1.560701 1.552832 1.354584 1.496128 1.651462
 34.900000 1.513098 1.526161 1.330704 1.530124 0.076888
 35.000000 1.511808 1.481607 1.360033 1.523106 0.062491
 35.100000 1.537573 1.543561 1.380861 1.521083 0.632752
 35.200000 1.535523 1.530658 1.361649 1.534396 0.565578
 35.300000 1.534087 1.500591 1.315028 1.529260 0.520777
 35.400000 1.519925 1.527584 1.326797 1.525285 0.177931
 35.500000 1.547739 1.547557 1.393403 1.559551 1.021471
 35.600000 1.515490 1.454585 1.374945 1.486030 0.107543
 35.700000 1.516929 1.528509 1.317565 1.620550 0.128448
 35.800000 1.533435 1.489709 1.330872 1.520706 0.501029
 35.900000 1.535670 1.468965 1.368535 1.523523 0.570276
 36.000000 1.497704 1.498006 1.369269 1.592513 0.002363
 36.100000 1.571880 1.450262 1.324644 1.519728 2.315715
 36.200000 1.475119 1.540260 1.326742 1.605378 0.277460
 36.300000 1.553377 1.464397 1.367498 1.538605 1.276974
 36.400000 1.504274 1.485078 1.367746 1.539434 0.008186
 36.500000 1.567992 1.538081 1.316952 1.553799 2.071959
 36.600000 1.478796 1.501951 1.320758 1.530245 0.201517
 36.700000 1.562320 1.474828 1.383864 1.561544 1.740715
 36.800000 1.487808 1.539687 1.386225 1.560033 0.066619
 36.900000 1.559888 1.489960 1.335048 1.515279 1.607497
 37.000000 1.498366 1.493927 1.317291 1.550939 0.001196
 37.100000 1.566163 1.539395 1.370546 1.561739 1.962024
 37.200000 1.490786 1.453492 1.365993 1.476034 0.038050
 37.300000 1.566453 1.575822 1.343211 1.595373 1.979273
 37.400000 1.481621 1.503418 1.339009 1.504210 0.151390
 37.500000 1.553099 1.533317 1.344692 1.511011 1.263724
 37.600000 1.502278 1.563123 1.366128 1.538690 0.002326
 37.700000 1.567072 1.504433 1.349149 1.473234 2.016296
 37.800000 1.473619 1.598816 1.322153 1.522672 0.311918
 37.900000 1.576463 1.549725 1.346800 1.476396 2.620442
 38.000000 1.476401 1.533468 1.379084 1.486317 0.249598
 38.100000 1.570432 1.555306 1.365085 1.505593 2.223389
 38.200000 1.491092 1.539666 1.325929 1.485654 0.035569
 38.300000 1.558588 1.533343 1.330031 1.488117 1.538466
 38.400000 1.499430 1.565354 1.371465 1.529605 0.000145
 38.500000 1.555000 1.524359 1.359817 1.459675 1.355792
 38.600000 1.509097 1.570568 1.330679 1.493101 0.037089
 38.700000 1.526219 1.580157 1.319701 1.530701 0.308119
 38.800000 1.516740 1.504914 1.350514 1.442395 0.125603
 38.900000 1.557697 1.599431 1.380225 1.517361 1.492052
 39.000000 1.507516 1.511308 1.332556 1.489487 0.025320
 39.100000 1.536730 1.523546 1.319948 1.511401 0.604670
 39.200000 1.524075 1.584401 1.384287 1.518327 0.259770
 39.300000 1.538024 1.487424 1.396152 1.472047 0.648028
 39.400000 1.528045 1.538075 1.345116 1.547556 0.352508
 39.500000 1.528230 1.516429 1.308979 1.534545 0.357196
 39.600000 1.545343 1.519065 1.362500 1.501287 0.921486
 39.700000 1.506719 1.509818 1.393014 1.542372 0.020234
 39.800000 1.544912 1.512763 1.347841 1.571360 0.904075
 39.900000 1.514722 1.509114 1.309376 1.499030 0.097138
 40.000000 1.545835 1.520873 1.352401 1.579776 0.941602
 40.100000 1.510151 1.457093 1.376582 1.517292 0.046185
 40.200000 1.573904 1.503206 1.352116 1.535558 2.447968
 40.300000 1.449184 1.523999 1.318673 1.562888 1.157358
 40.400000 1.585349 1.425241 1.344719 1.526403 3.264894
 40.500000 1.486500 1.516386 1.380087 1.600277 0.081687
 40.600000 1.575969 1.465970 1.346715 1.527792 2.586723
 40.700000 1.477206 1.481765 1.310452 1.565882 0.232871
 40.800000 1.584065 1.504062 1.338686 1.589074 3.167427
 40.900000 1.488590 1.476933 1.387173 1.517379 0.058348
 41.000000 1.556549 1.500456 1.357395 1.576303 1.433268
 41.100000 1.490379 1.504243 1.331906 1.573238 0.041490
 41.200000 1.589912 1.485970 1.331537 1.507947 3.623332
 41.300000 1.477598 1.523462 1.360306 1.551921 0.224921
 41.400000 1.590853 1.500523 1.375935 1.546520 3.699560
 41.500000 1.473071 1.471750 1.345675 1.493526 0.325013
 41.600000 1.556388 1.593563 1.329734 1.569134 1.425082
 41.700000 1.504701 1.465070 1.349884 1.498762 0.009903
 41.800000 1.570525 1.549615 1.376296 1.544485 2.229217
 41.900000 1.488501 1.548053 1.347770 1.502784 0.059269
 42.000000 1.574925 1.507639 1.311248 1.511439 2.516063
 42.100000 1.493940 1.591382 1.355531 1.577798 0.016459
 42.200000 1.558402 1.526916 1.384430 1.434847 1.528706
 42.300000 1.498971 1.547644 1.351106 1.527707 0.000474
 42.400000 1.551791 1.559388 1.314615 1.531509 1.202210
 42.500000 1.510847 1.513660 1.353875 1.426627 0.052731
 42.600000 1.550343 1.599889 1.372995 1.514457 1.135906
 42.700000 1.506899 1.539599 1.357702 1.493864 0.021333
 42.800000 1.535757 1.526668 1.335494 1.466897 0.573039
 42.900000 1.509865 1.598821 1.331514 1.510971 0.043621
 43.000000 1.565978 1.522314 1.355504 1.475695 1.951055
 43.100000 1.485906 1.560945 1.353546 1.483557 0.089030
 43.200000 1.541843 1.615752 1.333679 1.516096 0.784709
 43.300000 1.527658 1.509917 1.326974 1.464376 0.342867
 43.400000 1.520244 1.572266 1.359533 1.542467 0.183689
 43.500000 1.527488 1.528417 1.369139 1.478872 0.338652
 43.600000 1.526316 1.526999 1.333864 1.461295 0.310399
 43.700000 1.549202 1.586923 1.335632 1.570689 1.085010
 43.800000 1.505729 1.470319 1.355750 1.467684 0.014709
 43.900000 1.561710 1.556689 1.385781 1.508743 1.706787
 44.000000 1.493953 1.536438 1.350821 1.535106 0.016391
 44.100000 1.548467 1.487259 1.332421 1.508136 1.052836
 44.200000 1.522692 1.572071 1.339226 1.535961 0.230793
 44.300000 1.552939 1.512525 1.373928 1.558160 1.256104
 44.400000 1.483813 1.482825 1.358007 1.515924 0.117436
 44.500000 1.575081 1.547182 1.320169 1.598614 2.526565
 44.600000 1.494747 1.500358 1.343926 1.516538 0.012370
 44.700000 1.541805 1.482877 1.370534 1.517276 0.783297
 44.800000 1.508492 1.510472 1.357312 1.608368 0.032324
 44.900000 1.577546 1.444118 1.314173 1.491314 2.695185
 45.000000 1.465971 1.523811 1.346545 1.601992 0.519016
 45.100000 1.563697 1.467716 1.375586 1.552049 1.818478
 45.200000 1.492341 1.456767 1.358154 1.507668 0.026291
 45.300000 1.566897 1.537488 1.331411 1.596534 2.005760
 45.400000 1.482855 1.480510 1.327976 1.524070 0.131754
 45.500000 1.597888 1.476797 1.363844 1.555123 4.294641
 45.600000 1.439140 1.546289 1.355832 1.568870 1.660084
 45.700000 1.599226 1.493219 1.334648 1.531705 4.412925
 45.800000 1.488732 1.486422 1.332065 1.549186 0.056904
 45.900000 1.549389 1.542025 1.365273 1.552810 1.093295
 46.000000 1.517405 1.471407 1.356355 1.495774 0.135772
 46.100000 1.562011 1.535126 1.323952 1.561847 1.723471
 46.200000 1.480542 1.505974 1.362390 1.524323 0.169701
 46.300000 1.555891 1.497914 1.353730 1.486791 1.400104
 46.400000 1.515645 1.570029 1.367256 1.565099 0.109708
 46.500000 1.555395 1.496261 1.342892 1.469633 1.375341
 46.600000 1.489391 1.574080 1.338169 1.512077 0.050446
 46.700000 1.569937 1.575581 1.321815 1.539580 2.192240
 46.800000 1.499395 1.499156 1.380431 1.458789 0.000164
 46.900000 1.550352 1.583522 1.364418 1.539477 1.136330
 47.000000 1.499321 1.558150 1.321806 1.496309 0.000206
 47.100000 1.567388 1.511285 1.327326 1.470916 2.035333
 47.200000 1.484552 1.574597 1.379742 1.528197 0.106956
 47.300000 1.588944 1.552646 1.366911 1.456010 3.545708
 47.400000 1.485032 1.519560 1.327167 1.494153 0.100421
 47.500000 1.535446 1.575934 1.330910 1.516277 0.563130
 47.600000 1.543401 1.527427 1.374038 1.448389 0.844243
 47.700000 1.514711 1.553747 1.349266 1.498129 0.097002
 47.800000 1.533143 1.560490 1.334561 1.501198 0.492344
 47.900000 1.531693 1.536853 1.312490 1.457891 0.450194
 48.000000 1.532193 1.593301 1.371773 1.517771 0.464503
 48.100000 1.526863 1.509649 1.358184 1.477008 0.323434
 48.200000 1.526094 1.557637 1.351003 1.505555 0.305184
 48.300000 1.533592 1.554019 1.317083 1.535362 0.505757
 48.400000 1.538261 1.501013 1.356473 1.482089 0.656134
 48.500000 1.515272 1.565918 1.385485 1.500746 0.104540
 48.600000 1.550227 1.540904 1.366571 1.536659 1.130690
 48.700000 1.505945 1.480296 1.323626 1.488566 0.015841
 48.800000 1.540339 1.544540 1.348882 1.558441 0.729340
 48.900000 1.528997 1.514051 1.372562 1.509115 0.376859
 49.000000 1.542612 1.496225 1.365931 1.493916 0.813824
 49.100000 1.503548 1.522653 1.319655 1.577715 0.005641
 49.200000 1.575045 1.494544 1.340585 1.539447 2.524118
 49.300000 1.476288 1.501999 1.371268 1.519644 0.252002
 49.400000 1.568743 1.505325 1.371086 1.556442 2.118002
 49.500000 1.499227 1.482377 1.314779 1.540392 0.000267
 49.600000 1.574743 1.502069 1.318184 1.561503 2.503855
 49.700000 1.476215 1.472474 1.370728 1.557711 0.253549
 49.800000 1.581008 1.460549 1.366151 1.546572 2.941198
 49.900000 1.493301 1.521480 1.331385 1.577015 0.020115
 50.000000 1.538609 1.477156 1.325403 1.514447 0.668111
