#! FIELDS time d1 d2 d3 d4 rest.bias
 0.000000 2.469674 1.346761 1.444808 1.318121 12.903300
 0.100000 2.387152 1.337824 1.457994 1.292637 3.404274
 0.200000 2.395206 1.333988 1.413067 1.368470 4.062543
 0.300000 2.338687 1.363860 1.423193 1.386780 0.670831
 0.400000 2.320295 1.377147 1.430678 1.330272 0.184602
 0.500000 2.387266 1.370761 1.421805 1.394109 3.413177
 0.600000 2.428002 1.289629 1.430174 1.334787 7.343565
 0.700000 2.436097 1.339957 1.448101 1.295293 8.301758
 0.800000 2.396186 1.371738 1.461890 1.358197 4.146606
 0.900000 2.360748 1.331138 1.476599 1.364533 1.653990
 1.000000 2.358678 1.360482 1.415907 1.371125 1.543208
 1.100000 2.371751 1.367779 1.407618 1.320495 2.307404
 1.200000 2.361326 1.307502 1.390603 1.362231 1.685642
 1.300000 2.424369 1.349682 1.439582 1.363744 6.932607
 1.400000 2.371440 1.362797 1.497660 1.314021 2.287483
 1.500000 2.377937 1.352862 1.492833 1.350765 2.722474
 1.600000 2.372634 1.344060 1.425692 1.383829 2.364585
 1.700000 2.376146 1.357066 1.401681 1.317131 2.598745
 1.800000 2.382128 1.324988 1.380296 1.341001 3.023145
 1.900000 2.377389 1.328077 1.457903 1.364292 2.684303
 2.000000 2.428821 1.321268 1.473483 1.332978 7.437759
 2.100000 2.378668 1.378843 1.511878 1.325149 2.773789
 2.200000 2.375123 1.316732 1.445838 1.362462 2.529417
 2.300000 2.375756 1.354885 1.403192 1.371539 2.572200
 2.400000 2.384875 1.340636 1.387858 1.301789 3.228752
 2.500000 2.342921 1.361404 1.412580 1.359027 0.825684
 2.600000 2.375814 1.332593 1.442994 1.415288 2.576181
 2.700000 2.385861 1.352562 1.496212 1.320026 3.304175
 2.800000 2.399593 1.357156 1.446302 1.318383 4.445631
 2.900000 2.419766 1.331277 1.427553 1.364455 6.428896
 3.000000 2.343495 1.315830 1.414845 1.353768 0.847907
 3.100000 2.396496 1.392500 1.384358 1.340026 4.173437
 3.200000 2.330780 1.362735 1.414367 1.336923 0.424642
 3.300000 2.378240 1.330173 1.449746 1.383717 2.743666
 3.400000 2.377315 1.359613 1.462625 1.333993 2.679147
 3.500000 2.434033 1.342657 1.433471 1.313430 8.051889
 3.600000 2.404748 1.315434 1.428924 1.356678 4.917734
 3.700000 2.347981 1.371550 1.420215 1.323545 1.031855
 3.800000 2.338204 1.348162 1.428179 1.406657 0.654169
 3.900000 2.347811 1.360613 1.437282 1.339306 1.024536
 4.000000 2.418588 1.336005 1.449706 1.339644 6.303069
 4.100000 2.399536 1.339367 1.459346 1.302664 4.440528
 4.200000 2.413640 1.331883 1.448830 1.359002 5.788052
 4.300000 2.371799 1.359623 1.418403 1.366951 2.310523
 4.400000 2.338002 1.357565 1.398935 1.336083 0.647252
 4.500000 2.368911 1.346025 1.393195 1.361867 2.128371
 4.600000 2.380062 1.327007 1.429155 1.357191 2.872954
 4.700000 2.383565 1.331956 1.484755 1.328993 3.129798
 4.800000 2.441440 1.355895 1.479523 1.341818 8.966311
 4.900000 2.394722 1.332900 1.491903 1.344723 4.021375
 5.000000 2.340114 1.347419 1.446511 1.358942 0.721218
 5.100000 2.343590 1.368429 1.403466 1.349458 0.851630
 5.200000 2.361049 1.343803 1.398548 1.336942 1.670406
 5.300000 2.380292 1.322435 1.414622 1.351883 2.889469
 5.400000 2.383342 1.364455 1.460788 1.351879 3.113172
 5.500000 2.431165 1.347844 1.502176 1.325136 7.710942
 5.600000 2.416508 1.331704 1.504097 1.331157 6.083944
 5.700000 2.378567 1.325402 1.433923 1.345451 2.766639
 5.800000 2.359163 1.378216 1.390020 1.355741 1.568812
 5.900000 2.361104 1.328491 1.381472 1.340915 1.673453
 6.000000 2.351266 1.366128 1.410256 1.363735 1.177952
 6.100000 2.373602 1.347803 1.434233 1.360372 2.428032
 6.200000 2.409641 1.332731 1.483358 1.334122 5.387833
 6.300000 2.406329 1.352532 1.473700 1.330908 5.067302
 6.400000 2.372320 1.342754 1.445348 1.341655 2.344154
 6.500000 2.386755 1.349000 1.394132 1.365263 3.373361
 6.600000 2.350030 1.354467 1.405180 1.357358 1.121835
 6.700000 2.316161 1.385853 1.408150 1.346838 0.117065
 6.800000 2.407355 1.363819 1.418608 1.374880 5.165506
 6.900000 2.367494 1.292446 1.461976 1.326817 2.041757
 7.000000 2.421591 1.372559 1.417374 1.346601 6.626384
 7.100000 2.382555 1.345570 1.436873 1.348685 3.054647
 7.200000 2.366909 1.332031 1.449208 1.321039 2.006488
 7.300000 2.410432 1.373535 1.404091 1.402955 5.465906
 7.400000 2.336398 1.314174 1.450821 1.307113 0.593781
 7.500000 2.393130 1.354382 1.443421 1.350874 3.887310
 7.600000 2.370970 1.362672 1.451764 1.365977 2.257490
 7.700000 2.342034 1.336053 1.457653 1.342339 0.791918
 7.800000 2.377352 1.373430 1.426265 1.371769 2.681748
 7.900000 2.424703 1.333091 1.430578 1.321874 6.969909
 8.000000 2.397907 1.331564 1.435971 1.316660 4.296334
 8.100000 2.393861 1.340088 1.442865 1.358553 3.948623
 8.200000 2.378900 1.362914 1.432754 1.351432 2.790136
 8.300000 2.358067 1.367686 1.416076 1.347737 1.511221
 8.400000 2.384578 1.312162 1.416141 1.337402 3.206201
 8.500000 2.392310 1.326800 1.436083 1.354286 3.819199
 8.600000 2.372176 1.379529 1.457099 1.337508 2.334836
 8.700000 2.346730 1.331066 1.477827 1.329479 0.978712
 8.800000 2.416034 1.349498 1.417702 1.379211 6.034508
 8.900000 2.342722 1.355021 1.427916 1.360568 0.818050
 9.000000 2.360958 1.335167 1.413323 1.336057 1.665470
 9.100000 2.432629 1.361885 1.409626 1.352923 7.884038
 9.200000 2.352884 1.304170 1.460988 1.306186 1.253482
 9.300000 2.413170 1.368704 1.446461 1.382014 5.740330
 9.400000 2.387927 1.356093 1.455273 1.369417 3.465080
 9.500000 2.375723 1.317823 1.474695 1.309973 2.569998
 9.600000 2.438789 1.379901 1.397079 1.370180 8.633399
 9.700000 2.369705 1.300540 1.444594 1.314460 2.177696
 9.800000 2.376670 1.345706 1.437974 1.347969 2.634645
 9.900000 2.389327 1.385551 1.436199 1.386478 3.576329
 10.000000 2.323937 1.332384 1.453544 1.336219 0.256813
 10.100000 2.372309 1.362890 1.405814 1.365018 2.343470
 10.200000 2.389074 1.333091 1.405753 1.325088 3.556131
 10.300000 2.400390 1.326778 1.457298 1.334431 4.516997
 10.400000 2.409529 1.332469 1.473114 1.363982 5.376853
 10.500000 2.366579 1.345820 1.471746 1.359866 1.986754
 10.600000 2.379665 1.376603 1.409294 1.342534 2.844480
 10.700000 2.351546 1.330296 1.389029 1.364342 1.190863
 10.800000 2.374955 1.341119 1.391476 1.347800 2.518131
 10.900000 2.380755 1.367815 1.435288 1.335036 2.922847
 11.000000 2.396152 1.346085 1.507897 1.338669 4.143716
 11.100000 2.375907 1.340247 1.485954 1.347896 2.582482
 11.200000 2.444014 1.335686 1.481375 1.358059 9.295689
 11.300000 2.369331 1.345483 1.474447 1.316754 2.154398
 11.400000 2.371423 1.364204 1.429588 1.349013 2.286382
 11.500000 2.351247 1.333081 1.392908 1.373779 1.177070
 11.600000 2.362860 1.364441 1.371759 1.351004 1.770995
 11.700000 2.407789 1.374694 1.420214 1.317527 5.207389
 11.800000 2.394226 1.340294 1.487744 1.348613 3.979359
 11.900000 2.390910 1.340475 1.453744 1.372569 3.704203
 12.000000 2.376554 1.381688 1.416766 1.330788 2.626659
 12.100000 2.376748 1.334588 1.388700 1.297832 2.640006
 12.200000 2.402437 1.313434 1.389866 1.385530 4.703146
 12.300000 2.339072 1.355101 1.463140 1.350430 0.684231
 12.400000 2.358952 1.386153 1.507565 1.334980 1.557663
 12.500000 2.386735 1.356314 1.491605 1.390414 3.371783
 12.600000 2.410655 1.302097 1.469761 1.338858 5.488004
 12.700000 2.396213 1.350956 1.436404 1.320472 4.148952
 12.800000 2.369453 1.377328 1.378726 1.328977 2.161997
 12.900000 2.307116 1.337904 1.416141 1.390248 0.022695
 13.000000 2.382933 1.344953 1.459291 1.397580 3.082631
 13.100000 2.392198 1.366013 1.497520 1.329080 3.809935
 13.200000 2.404199 1.330354 1.468368 1.308645 4.866260
 13.300000 2.457946 1.311240 1.430570 1.348670 11.181201
 13.400000 2.339633 1.320336 1.421375 1.356306 0.704025
 13.500000 2.309359 1.441775 1.417176 1.360186 0.039258
 13.600000 2.324320 1.364654 1.397635 1.377719 0.265091
 13.700000 2.386914 1.316389 1.422496 1.363537 3.385684
 13.800000 2.409244 1.352457 1.408376 1.317106 5.348964
 13.900000 2.423477 1.346114 1.461454 1.311172 6.833488
 14.000000 2.393473 1.317345 1.462969 1.347088 3.916028
 14.100000 2.380019 1.338327 1.485190 1.420469 2.869851
 14.200000 2.332460 1.393041 1.429059 1.309321 0.472247
 14.300000 2.378876 1.367057 1.409049 1.371793 2.788407
 14.400000 2.394327 1.291368 1.371113 1.359226 3.987875
 14.500000 2.364462 1.359915 1.426427 1.320271 1.862434
 14.600000 2.402781 1.382486 1.455448 1.333275 4.734800
 14.700000 2.367254 1.332161 1.540035 1.393355 2.027229
 14.800000 2.394382 1.313207 1.487889 1.357587 3.992547
 14.900000 2.422969 1.421742 1.426599 1.306220 6.777449
 15.000000 2.372922 1.322767 1.419599 1.330984 2.383351
 15.100000 2.351334 1.311032 1.419876 1.402201 1.181094
 15.200000 2.385343 1.413988 1.403112 1.353760 3.264397
 15.300000 2.340181 1.365187 1.476740 1.288796 0.723635
 15.400000 2.399188 1.318586 1.423469 1.402048 4.409550
 15.500000 2.407807 1.332466 1.443389 1.380466 5.209171
 15.600000 2.377660 1.362128 1.452974 1.260485 2.703141
 15.700000 2.417260 1.382489 1.413768 1.387185 6.162668
 15.800000 2.311524 1.300101 1.431194 1.408353 0.059523
 15.900000 2.349987 1.380276 1.432147 1.344567 1.119921
 16.000000 2.384527 1.383910 1.406509 1.331431 3.202302
 16.100000 2.380894 1.293268 1.458475 1.341571 2.932964
 16.200000 2.401813 1.350297 1.430696 1.360363 4.645971
 16.300000 2.416184 1.385565 1.511635 1.324299 6.050078
 16.400000 2.359690 1.318446 1.501179 1.319330 1.596905
 16.500000 2.402765 1.355425 1.433445 1.428285 4.733327
 16.600000 2.364451 1.336030 1.414336 1.319436 1.861803
 16.700000 2.354544 1.364442 1.409328 1.335626 1.333434
 16.800000 2.398888 1.340680 1.393257 1.374036 4.382856
 16.900000 2.348538 1.316517 1.487495 1.337297 1.055920
 17.000000 2.411263 1.384357 1.438695 1.353418 5.548517
 17.100000 2.382088 1.359861 1.473671 1.332876 3.020172
 17.200000 2.362975 1.294784 1.423936 1.336063 1.777497
 17.300000 2.405771 1.370977 1.409478 1.375007 5.014241
 17.400000 2.344522 1.343016 1.441823 1.321193 0.888422
 17.500000 2.371697 1.359770 1.447302 1.371079 2.303960
 17.600000 2.406399 1.344719 1.430840 1.372203 5.073965
 17.700000 2.384251 1.324965 1.455741 1.319326 3.181464
 17.800000 2.424559 1.371589 1.418835 1.335161 6.953793
 17.900000 2.379595 1.316372 1.424574 1.348291 2.839533
 18.000000 2.378394 1.337986 1.423567 1.356940 2.754477
 18.100000 2.352225 1.388638 1.401569 1.351765 1.222453
 18.200000 2.340609 1.346037 1.422595 1.355147 0.739131
 18.300000 2.399799 1.316414 1.433594 1.349821 4.464005
 18.400000 2.388896 1.359082 1.468719 1.349534 3.541902
 18.500000 2.425997 1.335237 1.501249 1.299404 7.115295
 18.600000 2.402718 1.331023 1.498102 1.372342 4.728985
 18.700000 2.375392 1.329527 1.454122 1.344297 2.547527
 18.800000 2.323341 1.399340 1.385532 1.337463 0.244189
 18.900000 2.359716 1.365771 1.340800 1.368122 1.598308
 19.000000 2.340890 1.320765 1.407785 1.362835 0.749378
 19.100000 2.393716 1.368732 1.449266 1.349966 3.936367
 19.200000 2.427154 1.349658 1.493714 1.320532 7.246589
 19.300000 2.398090 1.291208 1.500928 1.328422 4.312436
 19.400000 2.434971 1.377392 1.446630 1.394281 8.164958
 19.500000 2.320684 1.377082 1.415297 1.309584 0.191744
 19.600000 2.342955 1.333660 1.377092 1.358014 0.826998
 19.700000 2.350247 1.351720 1.377655 1.394825 1.131597
 19.800000 2.360485 1.351900 1.459198 1.318533 1.639729
 19.900000 2.443300 1.355228 1.527383 1.310211 9.203706
 20.000000 2.416191 1.316853 1.500043 1.366485 6.050845
 20.100000 2.380566 1.347565 1.446700 1.357348 2.909195
 20.200000 2.368615 1.375123 1.391764 1.315944 2.110112
 20.300000 2.350675 1.348810 1.371397 1.355827 1.150958
 20.400000 2.349068 1.341720 1.420316 1.379407 1.079130
 20.500000 2.367039 1.351252 1.481098 1.323900 2.014339
 20.600000 2.417060 1.375382 1.499217 1.323777 6.141716
 20.700000 2.388331 1.322225 1.491061 1.364832 3.497022
 20.800000 2.360874 1.343409 1.455321 1.337607 1.660846
 20.900000 2.386653 1.351297 1.409777 1.340698 3.365449
 21.000000 2.346545 1.336842 1.402847 1.342424 0.970994
 21.100000 2.402857 1.350424 1.428577 1.347839 4.741721
 21.200000 2.400443 1.331935 1.448985 1.344488 4.521779
 21.300000 2.394822 1.341319 1.488401 1.345327 4.029832
 21.400000 2.390236 1.369119 1.425624 1.345883 3.649488
 21.500000 2.384860 1.341091 1.423877 1.356892 3.227596
 21.600000 2.347441 1.324869 1.385128 1.364920 1.008756
 21.700000 2.364289 1.393494 1.389106 1.361704 1.852425
 21.800000 2.387460 1.352142 1.459278 1.320532 3.428418
 21.900000 2.366730 1.333738 1.480962 1.392377 1.995799
 22.000000 2.408687 1.327707 1.468988 1.337915 5.294501
 22.100000 2.398985 1.347926 1.460877 1.332650 4.391504
 22.200000 2.371054 1.341966 1.433881 1.349758 2.262801
 22.300000 2.348746 1.355945 1.438721 1.359858 1.064992
 22.400000 2.371159 1.380676 1.393872 1.336324 2.269526
 22.500000 2.387107 1.332490 1.444131 1.332452 3.400755
 22.600000 2.370563 1.343803 1.439665 1.370021 2.231636
 22.700000 2.402844 1.345118 1.448281 1.365123 4.740575
 22.800000 2.394197 1.339355 1.427369 1.324739 3.976904
 22.900000 2.385552 1.343292 1.415149 1.350780 3.280437
 23.000000 2.365994 1.347307 1.408392 1.366421 1.951980
 23.100000 2.379413 1.348596 1.443891 1.346619 2.826521
 23.200000 2.390548 1.342750 1.448024 1.321158 3.674782
 23.300000 2.337141 1.340313 1.446778 1.385020 0.618265
 23.400000 2.358998 1.340404 1.423811 1.365827 1.560060
 23.500000 2.368048 1.393330 1.467803 1.332146 2.075431
 23.600000 2.396339 1.336044 1.432884 1.334608 4.159870
 23.700000 2.414216 1.311827 1.462760 1.351154 5.846936
 23.800000 2.387201 1.337756 1.444208 1.339552 3.408091
 23.900000 2.334675 1.391953 1.404013 1.382850 0.538903
 24.000000 2.410413 1.343017 1.423086 1.364485 5.464049
 24.100000 2.422486 1.327590 1.455481 1.313154 6.724317
 24.200000 2.387293 1.375414 1.424482 1.335656 3.415276
 24.300000 2.359419 1.336634 1.425927 1.376149 1.582403
 24.400000 2.364222 1.332359 1.414935 1.350859 1.848602
 24.500000 2.365818 1.372684 1.401583 1.340184 1.941617
 24.600000 2.396867 1.320994 1.457934 1.323718 4.205537
 24.700000 2.409163 1.326015 1.497485 1.334784 5.340970
 24.800000 2.420116 1.366331 1.454808 1.357637 6.466551
 24.900000 2.359424 1.329354 1.465809 1.349925 1.582711
 25.000000 2.386448 1.354359 1.399234 1.336520 3.349537
 25.100000 2.403022 1.358142 1.383926 1.351405 4.757000
 25.200000 2.323290 1.365801 1.417228 1.346009 0.243109
 25.300000 2.397514 1.353764 1.429617 1.379923 4.261944
 25.400000 2.380368 1.325010 1.449071 1.342685 2.894939
 25.500000 2.381708 1.370148 1.457687 1.349635 2.992296
 25.600000 2.377081 1.350695 1.443744 1.340091 2.662949
 25.700000 2.393379 1.339290 1.447802 1.333894 3.908141
 25.800000 2.397868 1.350654 1.412956 1.392540 4.292968
 25.900000 2.357962 1.347413 1.459004 1.316006 1.505775
 26.000000 2.402279 1.350159 1.458594 1.325398 4.688626
 26.100000 2.390998 1.337173 1.462234 1.386535 3.711401
 26.200000 2.350671 1.327924 1.460048 1.327022 1.150790
 26.300000 2.416626 1.369463 1.432518 1.351115 6.096199
 26.400000 2.373536 1.393856 1.431336 1.340820 2.423660
 26.500000 2.330191 1.309087 1.439252 1.378965 0.408524
 26.600000 2.448664 1.365961 1.397233 1.354620 9.905668
 26.700000 2.365406 1.350898 1.439593 1.304582 1.917358
 26.800000 2.362911 1.350519 1.448400 1.372518 1.773893
 26.900000 2.386687 1.356730 1.424054 1.394737 3.368055
 27.000000 2.356418 1.343631 1.450475 1.317962 1.426615
 27.100000 2.382968 1.373338 1.399041 1.361735 3.085239
 27.200000 2.413589 1.302944 1.425192 1.362535 5.782858
 27.300000 2.412714 1.322477 1.466165 1.315726 5.694118
 27.400000 2.371151 1.371805 1.452244 1.336107 2.268999
 27.500000 2.346285 1.333741 1.454367 1.366092 0.960170
 27.600000 2.361693 1.368137 1.397528 1.380028 1.705842
 27.700000 2.386166 1.343446 1.413438 1.323507 3.327662
 27.800000 2.395523 1.346421 1.437136 1.330345 4.089692
 27.900000 2.406783 1.320452 1.468230 1.358397 5.110674
 28.000000 2.389045 1.338201 1.497221 1.329219 3.553785
 28.100000 2.361067 1.369913 1.446746 1.363232 1.671443
 28.200000 2.357172 1.363850 1.409255 1.345444 1.465019
 28.300000 2.373623 1.330591 1.380369 1.356399 2.429398
 28.400000 2.404544 1.358816 1.385677 1.320134 4.898556
 28.500000 2.371936 1.326088 1.446935 1.352777 2.319331
 28.600000 2.382699 1.348386 1.492418 1.354723 3.065278
 28.700000 2.390372 1.354456 1.475025 1.336392 3.660481
 28.800000 2.385988 1.356589 1.423393 1.340740 3.313962
 28.900000 2.377731 1.318554 1.381255 1.363486 2.708096
 29.000000 2.372413 1.351116 1.379308 1.323041 2.350185
 29.100000 2.386532 1.365874 1.425903 1.351826 3.356059
 29.200000 2.343839 1.328801 1.488801 1.353706 0.861377
 29.300000 2.394964 1.362907 1.486094 1.359894 4.041971
 29.400000 2.416642 1.364442 1.422470 1.346378 6.097917
 29.500000 2.404079 1.289098 1.407675 1.325612 4.855082
 29.600000 2.379516 1.364132 1.381314 1.311128 2.833875
 29.700000 2.371885 1.361096 1.420720 1.370726 2.316078
 29.800000 2.350403 1.344575 1.471355 1.359307 1.138655
 29.900000 2.354833 1.357614 1.450628 1.347668 1.347563
 30.000000 2.414018 1.374716 1.424215 1.337405 5.826606
 30.100000 2.393822 1.277354 1.409759 1.335019 3.945286
 30.200000 2.422887 1.362341 1.439332 1.354925 6.768334
 30.300000 2.340017 1.394832 1.453819 1.328443 0.717725
 30.400000 2.337540 1.344645 1.493215 1.388562 0.631642
 30.500000 2.368624 1.340467 1.418288 1.359517 2.110699
 30.600000 2.383725 1.376542 1.406109 1.327569 3.141799
 30.700000 2.389595 1.306364 1.423054 1.315926 3.597829
 30.800000 2.416848 1.351506 1.457408 1.381702 6.119509
 30.900000 2.380358 1.360049 1.490120 1.335940 2.894225
 31.000000 2.325827 1.366162 1.503115 1.335361 0.298966
 31.100000 2.393830 1.333431 1.413936 1.396775 3.945996
 31.200000 2.373267 1.351495 1.399544 1.331829 2.405960
 31.300000 2.358165 1.348087 1.394292 1.340262 1.516348
 31.400000 2.394492 1.345465 1.415545 1.356609 4.001822
 31.500000 2.402260 1.330730 1.475286 1.325998 4.686901
 31.600000 2.383296 1.358488 1.492159 1.357556 3.109687
 31.700000 2.356185 1.357888 1.433285 1.374432 1.414873
 31.800000 2.409763 1.324786 1.427988 1.338874 5.399919
 31.900000 2.368471 1.358078 1.397447 1.334157 2.101311
 32.000000 2.367020 1.368744 1.405193 1.375323 2.013158
 32.100000 2.353370 1.328411 1.425013 1.351219 1.276635
 32.200000 2.406761 1.348306 1.456573 1.316507 5.108538
 32.300000 2.379806 1.377074 1.436432 1.363755 2.854588
 32.400000 2.352640 1.329105 1.453182 1.354346 1.241939
 32.500000 2.421090 1.336450 1.427699 1.358416 6.571897
 32.600000 2.355401 1.383579 1.416135 1.329034 1.375638
 32.700000 2.365853 1.331175 1.456366 1.352378 1.943699
 32.800000 2.382703 1.333966 1.454678 1.391828 3.065608
 32.900000 2.406319 1.349090 1.466533 1.339096 5.066356
 33.000000 2.358591 1.364803 1.420708 1.345784 1.538632
 33.100000 2.405277 1.328627 1.425268 1.364007 4.967523
 33.200000 2.370943 1.328895 1.443359 1.320972 2.255728
 33.300000 2.370510 1.374224 1.440892 1.371964 2.228318
 33.400000 2.386839 1.325662 1.452524 1.347069 3.379864
 33.500000 2.389057 1.320367 1.464123 1.350881 3.554767
 33.600000 2.392233 1.384188 1.437560 1.343238 3.812838
 33.700000 2.379880 1.311727 1.452361 1.329918 2.859900
 33.800000 2.425955 1.329643 1.430808 1.342705 7.110578
 33.900000 2.338904 1.372042 1.426180 1.356435 0.678348
 34.000000 2.342843 1.376505 1.424505 1.357032 0.822695
 34.100000 2.412379 1.341817 1.442057 1.346372 5.660311
 34.200000 2.351851 1.325122 1.434434 1.344117 1.204981
 34.300000 2.415427 1.358531 1.405191 1.353412 5.971552
 34.400000 2.404088 1.335684 1.428581 1.324258 4.855964
 34.500000 2.359128 1.361832 1.445020 1.360717 1.566983
 34.600000 2.335596 1.373644 1.430167 1.394671 0.567901
 34.700000 2.381254 1.358156 1.422286 1.331036 2.959145
 34.800000 2.369894 1.319102 1.384191 1.338072 2.189533
 34.900000 2.401529 1.333401 1.417505 1.379402 4.620141
 35.000000 2.389290 1.342046 1.442191 1.322603 3.573367
 35.100000 2.384414 1.372259 1.466307 1.350091 3.193718
 35.200000 2.361802 1.337234 1.448616 1.366632 1.711915
 35.300000 2.386718 1.351291 1.442148 1.345749 3.370485
 35.400000 2.433079 1.339391 1.414722 1.297108 7.937673
 35.500000 2.366423 1.349046 1.429525 1.346351 1.977445
 35.600000 2.365261 1.339453 1.440995 1.378479 1.908903
 35.700000 2.369277 1.364103 1.472625 1.353234 2.151058
 35.800000 2.338416 1.375629 1.454311 1.323764 0.661451
 35.900000 2.402915 1.329074 1.419519 1.365704 4.747134
 36.000000 2.378672 1.305902 1.421207 1.341599 2.774020
 36.100000 2.385717 1.382810 1.399612 1.324926 3.293122
 36.200000 2.359879 1.362208 1.439701 1.380922 1.607013
 36.300000 2.383690 1.309482 1.460343 1.353469 3.139163
 36.400000 2.408354 1.380907 1.475201 1.357998 5.262095
 36.500000 2.390129 1.374500 1.458325 1.324042 3.640805
 36.600000 2.426523 1.296830 1.453616 1.359418 7.174836
 36.700000 2.384025 1.338906 1.443284 1.353727 3.164379
 36.800000 2.339404 1.393566 1.419994 1.335144 0.695916
 36.900000 2.379015 1.347083 1.421121 1.355038 2.798276
 37.000000 2.373091 1.294269 1.427675 1.368420 2.394385
 37.100000 2.349123 1.404027 1.439370 1.362865 1.081547
 37.200000 2.409922 1.387021 1.439848 1.298095 5.415499
 37.300000 2.395234 1.325700 1.445142 1.370275 4.064981
 37.400000 2.372929 1.332342 1.425496 1.350402 2.383793
 37.500000 2.412911 1.354832 1.429097 1.348480 5.714058
 37.600000 2.382639 1.334220 1.424238 1.322375 3.060814
 37.700000 2.365955 1.347418 1.430707 1.353823 1.949702
 37.800000 2.383521 1.361124 1.415279 1.334889 3.126523
 37.900000 2.368983 1.326437 1.449397 1.350827 2.132859
 38.000000 2.369831 1.347506 1.477582 1.372569 2.185579
 38.100000 2.430620 1.367499 1.448903 1.325133 7.647049
 38.200000 2.369724 1.307346 1.465089 1.353269 2.178881
 38.300000 2.370262 1.349513 1.425365 1.357671 2.212664
 38.400000 2.376716 1.379143 1.420687 1.336978 2.637790
 38.500000 2.327801 1.335714 1.421905 1.351735 0.346413
 38.600000 2.361527 1.359387 1.417152 1.394306 1.696672
 38.700000 2.382495 1.346807 1.399768 1.344143 3.050162
 38.800000 2.410208 1.327935 1.491575 1.326577 5.443706
 38.900000 2.397161 1.357002 1.461086 1.331256 4.231118
 39.000000 2.386696 1.346323 1.510146 1.365272 3.368758
 39.100000 2.336440 1.323542 1.445631 1.342694 0.595167
 39.200000 2.384737 1.396575 1.392566 1.370560 3.218211
 39.300000 2.351213 1.319002 1.384300 1.318077 1.175509
 39.400000 2.383364 1.328833 1.453225 1.344351 3.114778
 39.500000 2.405940 1.385751 1.415391 1.369749 5.030291
 39.600000 2.353199 1.347101 1.491606 1.311344 1.268466
 39.700000 2.398704 1.337118 1.419529 1.358655 4.366572
 39.800000 2.367281 1.366177 1.432515 1.389474 2.028910
 39.900000 2.328601 1.351171 1.412731 1.315400 0.366635
 40.000000 2.407572 1.355553 1.415367 1.368883 5.186437
 40.100000 2.419445 1.308975 1.422112 1.308777 6.394554
 40.200000 2.379005 1.353641 1.457349 1.365766 2.797561
 40.300000 2.396550 1.349119 1.467913 1.344274 4.178069
 40.400000 2.399764 1.330051 1.485177 1.327398 4.460915
 40.500000 2.374607 1.355227 1.450980 1.357749 2.494765
 40.600000 2.396174 1.327662 1.432456 1.331756 4.145580
 40.700000 2.385687 1.349634 1.410864 1.364013 3.290784
 40.800000 2.384741 1.341846 1.446926 1.317162 3.218561
 40.900000 2.366927 1.373837 1.433369 1.372771 2.007588
 41.000000 2.374629 1.331083 1.444219 1.362637 2.496238
 41.100000 2.363584 1.328659 1.446786 1.336025 1.812058
 41.200000 2.388983 1.388428 1.412943 1.364817 3.548801
 41.300000 2.428801 1.301583 1.447206 1.294029 7.435506
 41.400000 2.393103 1.328180 1.439316 1.380430 3.885094
 41.500000 2.380002 1.371468 1.444981 1.357408 2.868630
 41.600000 2.378045 1.355167 1.454715 1.323885 2.730007
 41.700000 2.413308 1.309017 1.425814 1.341344 5.754317
 41.800000 2.367353 1.349100 1.412762 1.373985 2.033199
 41.900000 2.348684 1.355774 1.408591 1.351089 1.062308
 42.000000 2.396483 1.349467 1.438490 1.307186 4.172275
 42.100000 2.321009 1.363601 1.451798 1.425743 0.197822
 42.200000 2.393479 1.366998 1.458933 1.353029 3.916502
 42.300000 2.392426 1.324152 1.471545 1.291804 3.828796
 42.400000 2.426538 1.339607 1.406313 1.368047 7.176465
 42.500000 2.330179 1.346553 1.423010 1.353629 0.408214
 42.600000 2.373583 1.376780 1.409735 1.339009 2.426775
 42.700000 2.371422 1.390497 1.415588 1.357551 2.286299
 42.800000 2.327159 1.311493 1.449489 1.369265 0.330587
 42.900000 2.433638 1.345501 1.426748 1.336160 8.004443
 43.000000 2.364341 1.375811 1.439315 1.336152 1.855431
 43.100000 2.325315 1.328608 1.454823 1.367164 0.287222
 43.200000 2.403527 1.373388 1.434499 1.376862 4.803690
 43.300000 2.379905 1.314866 1.431061 1.321102 2.861688
 43.400000 2.353878 1.375458 1.401242 1.329508 1.301063
 43.500000 2.429886 1.323814 1.444975 1.364516 7.561250
 43.600000 2.405507 1.319276 1.471372 1.309458 4.989224
 43.700000 2.395135 1.383885 1.439285 1.348069 4.056536
 43.800000 2.380630 1.320446 1.430270 1.358049 2.913856
 43.900000 2.386275 1.362467 1.432757 1.330916 3.336112
 44.000000 2.384995 1.343083 1.401195 1.374467 3.237881
 44.100000 2.341648 1.357529 1.458883 1.333723 0.777437
 44.200000 2.384471 1.343859 1.413768 1.330803 3.198059
 44.300000 2.352515 1.362541 1.431989 1.379383 1.236063
 44.400000 2.334985 1.324488 1.433697 1.346328 0.548560
 44.500000 2.438096 1.368041 1.423206 1.333851 8.547419
 44.600000 2.386298 1.320148 1.470555 1.313871 3.337911
 44.700000 2.401981 1.318696 1.471130 1.387408 4.661378
 44.800000 2.366786 1.410091 1.430142 1.385522 1.999130
 44.900000 2.348469 1.345323 1.469174 1.298650 1.052914
 45.000000 2.388039 1.344600 1.424356 1.406457 3.473975
 45.100000 2.415477 1.309362 1.408097 1.362402 5.976761
 45.200000 2.390334 1.347497 1.461171 1.275899 3.657393
 45.300000 2.400284 1.384181 1.433554 1.387255 4.507539
 45.400000 2.324875 1.322399 1.494301 1.377845 0.277338
 45.500000 2.362821 1.359612 1.452681 1.353646 1.768789
 45.600000 2.403502 1.377027 1.404203 1.326092 4.801433
 45.700000 2.346736 1.296226 1.414826 1.340906 0.978999
 45.800000 2.409515 1.354675 1.405294 1.374500 5.375551
 45.900000 2.344998 1.388596 1.458371 1.321711 0.907520
 46.000000 2.347216 1.354943 1.483521 1.367361 0.999200
 46.100000 2.400335 1.334841 1.432607 1.396845 4.512102
 46.200000 2.391305 1.309808 1.428779 1.322494 3.736472
 46.300000 2.394761 1.387534 1.392684 1.312350 4.024659
 46.400000 2.376272 1.323754 1.421557 1.371673 2.607378
 46.500000 2.362787 1.334213 1.453158 1.369985 1.766881
 46.600000 2.362150 1.418308 1.443440 1.332935 1.731219
 46.700000 2.377069 1.324722 1.439481 1.358866 2.662123
 46.800000 2.412698 1.299431 1.427173 1.355035 5.692534
 46.900000 2.411070 1.351795 1.420362 1.339854 5.529207
 47.000000 2.351962 1.375847 1.461443 1.323383 1.210143
 47.100000 2.370438 1.349808 1.445634 1.384121 2.223736
 47.200000 2.329022 1.325923 1.469138 1.365526 0.377501
 47.300000 2.356160 1.403942 1.398787 1.326472 1.413609
 47.400000 2.399586 1.331174 1.398741 1.361317 4.444933
 47.500000 2.371943 1.316563 1.430232 1.324055 2.319768
 47.600000 2.392428 1.375686 1.424077 1.369835 3.828916
 47.700000 2.376076 1.357297 1.470870 1.335526 2.593989
 47.800000 2.383478 1.335821 1.437476 1.339831 3.123321
 47.900000 2.390771 1.331399 1.414747 1.375517 3.692884
 48.000000 2.366958 1.339462 1.433609 1.307976 2.009466
 48.100000 2.386539 1.368917 1.438677 1.387763 3.356541
 48.200000 2.378655 1.338924 1.457155 1.325376 2.772852
 48.300000 2.389711 1.343326 1.465048 1.345374 3.607172
 48.400000 2.418574 1.332755 1.454408 1.340780 6.301555
 48.500000 2.340824 1.322781 1.460339 1.312533 0.746969
 48.600000 2.373336 1.356653 1.403756 1.381894 2.410492
 48.700000 2.341288 1.369528 1.407790 1.352867 0.764041
 48.800000 2.354369 1.346925 1.424044 1.355522 1.324868
 48.900000 2.402359 1.369650 1.436710 1.344380 4.695937
 49.000000 2.376905 1.313633 1.480513 1.323512 2.650822
 49.100000 2.423059 1.323807 1.462828 1.331309 6.787322
 49.200000 2.354946 1.365024 1.450205 1.355968 1.353141
 49.300000 2.332311 1.340049 1.422829 1.358711 0.467934
 49.400000 2.365573 1.377491 1.383582 1.363904 1.927199
 49.500000 2.373421 1.327891 1.407794 1.340578 2.416072
 49.600000 2.398144 1.344755 1.432231 1.318363 4.317189
 49.700000 2.405534 1.345871 1.473266 1.356955 4.991771
 49.800000 2.373140 1.317212 1.496003 1.344775 2.397649
 49.900000 2.395654 1.377628 1.452199 1.367783 4.100859
 50.000000 2.362163 1.328663 1.422165 1.338471 1.731929
