#! FIELDS time d1 d2 d3 d4 rest.bias
 0.000000 3.622261 1.338269 1.407383 1.329695 6.699540
 0.100000 3.546797 1.331906 1.453824 1.340361 0.981553
 0.200000 3.517541 1.301021 1.444008 1.300786 0.137904
 0.300000 3.563799 1.328096 1.400233 1.312138 1.824312
 0.400000 3.541204 1.343464 1.442428 1.368125 0.760947
 0.500000 3.514126 1.321428 1.454916 1.299454 0.089436
 0.600000 3.521438 1.323281 1.404388 1.321320 0.205985
 0.700000 3.581352 1.359089 1.444993 1.370913 2.966219
 0.800000 3.519439 1.300793 1.437768 1.289000 0.169363
 0.900000 3.542942 1.309963 1.407508 1.312070 0.826484
 1.000000 3.587367 1.347882 1.447135 1.355194 3.421100
 1.100000 3.525333 1.322533 1.438842 1.315115 0.287644
 1.200000 3.516674 1.293964 1.459426 1.290930 0.124615
 1.300000 3.562575 1.340158 1.475347 1.353497 1.754959
 1.400000 3.537564 1.334238 1.426817 1.316784 0.632425
 1.500000 3.545273 1.291180 1.454111 1.304761 0.918638
 1.600000 3.560866 1.344667 1.482691 1.341923 1.660449
 1.700000 3.576366 1.319881 1.418967 1.309376 2.613794
 1.800000 3.547047 1.305616 1.456859 1.317363 0.992035
 1.900000 3.524612 1.320548 1.470812 1.312701 0.271502
 2.000000 3.609270 1.344156 1.424418 1.349262 5.351462
 2.100000 3.502185 1.308096 1.431063 1.309449 0.002140
 2.200000 3.530893 1.342018 1.458354 1.299152 0.427757
 2.300000 3.600066 1.314676 1.425026 1.365782 4.487938
 2.400000 3.495431 1.329522 1.457684 1.303544 0.009357
 2.500000 3.570021 1.320090 1.481988 1.318643 2.197492
 2.600000 3.576139 1.315042 1.456250 1.329394 2.598279
 2.700000 3.546619 1.341854 1.477355 1.322134 0.974099
 2.800000 3.545651 1.283255 1.483895 1.296058 0.934049
 2.900000 3.576866 1.338259 1.461313 1.340221 2.648129
 3.000000 3.554451 1.343985 1.475318 1.329258 1.328897
 3.100000 3.524311 1.281120 1.473632 1.309543 0.264907
 3.200000 3.573598 1.340128 1.450566 1.311471 2.427759
 3.300000 3.565084 1.334080 1.454447 1.345039 1.898543
 3.400000 3.522103 1.309512 1.448305 1.298968 0.218962
 3.500000 3.562680 1.308681 1.466544 1.318700 1.760869
 3.600000 3.554814 1.350226 1.427184 1.355061 1.346665
 3.700000 3.526445 1.315714 1.388340 1.303690 0.313449
 3.800000 3.556983 1.296836 1.443121 1.327972 1.455357
 3.900000 3.524580 1.361769 1.440346 1.320102 0.270785
 4.000000 3.556664 1.305110 1.395942 1.346502 1.439080
 4.100000 3.527898 1.316412 1.467563 1.313027 0.348844
 4.200000 3.535269 1.338739 1.458147 1.326398 0.557531
 4.300000 3.581247 1.324223 1.400841 1.340110 2.958637
 4.400000 3.511617 1.320038 1.453496 1.309638 0.060489
 4.500000 3.561901 1.317117 1.450902 1.320393 1.717359
 4.600000 3.583472 1.328539 1.408135 1.322019 3.122876
 4.700000 3.515908 1.326317 1.500987 1.303905 0.113427
 4.800000 3.580904 1.295924 1.500277 1.329057 2.933684
 4.900000 3.556155 1.346389 1.415779 1.327131 1.413339
 5.000000 3.519069 1.320423 1.491440 1.320579 0.162971
 5.100000 3.560090 1.299534 1.453860 1.315893 1.618343
 5.200000 3.553923 1.354074 1.392938 1.309741 1.303226
 5.300000 3.552450 1.319346 1.459824 1.367577 1.233005
 5.400000 3.531273 1.293440 1.438517 1.269240 0.438338
 5.500000 3.570406 1.333222 1.415330 1.344322 2.221711
 5.600000 3.524682 1.348932 1.457065 1.340545 0.273048
 5.700000 3.515361 1.298787 1.438781 1.293462 0.105758
 5.800000 3.553033 1.348159 1.404598 1.352697 1.260574
 5.900000 3.519644 1.340035 1.412233 1.344329 0.172961
 6.000000 3.560080 1.293793 1.427506 1.292089 1.617851
 6.100000 3.545401 1.315875 1.414515 1.316294 0.923833
 6.200000 3.545709 1.359314 1.412671 1.358443 0.936415
 6.300000 3.570086 1.290433 1.443002 1.301466 2.201602
 6.400000 3.522259 1.335537 1.468525 1.319479 0.222076
 6.500000 3.522137 1.340046 1.446430 1.373133 0.219645
 6.600000 3.568527 1.316475 1.434251 1.288372 2.104754
 6.700000 3.513135 1.328738 1.442464 1.320218 0.077321
 6.800000 3.560264 1.323410 1.403754 1.339075 1.627752
 6.900000 3.566024 1.320122 1.402445 1.302733 1.953778
 7.000000 3.499972 1.297621 1.453624 1.321249 0.000000
 7.100000 3.530883 1.344146 1.386195 1.325936 0.427469
 7.200000 3.511129 1.325339 1.393368 1.340621 0.055510
 7.300000 3.505384 1.313639 1.471083 1.325155 0.012992
 7.400000 3.541715 1.352613 1.389779 1.335867 0.779942
 7.500000 3.529384 1.312372 1.379722 1.326229 0.386996
 7.600000 3.532280 1.317812 1.452628 1.329764 0.467029
 7.700000 3.545993 1.326003 1.377352 1.309248 0.948090
 7.800000 3.556464 1.329342 1.400642 1.353390 1.428930
 7.900000 3.523171 1.332726 1.469103 1.323149 0.240637
 8.000000 3.527973 1.301797 1.459843 1.297931 0.350707
 8.100000 3.576742 1.351741 1.447258 1.361808 2.639621
 8.200000 3.523377 1.320483 1.465162 1.309618 0.244928
 8.300000 3.591222 1.288872 1.474812 1.275808 3.729701
 8.400000 3.555919 1.324309 1.428742 1.345210 1.401481
 8.500000 3.531778 1.354706 1.425787 1.320917 0.452615
 8.600000 3.562084 1.285320 1.468275 1.302139 1.727531
 8.700000 3.520066 1.332990 1.451407 1.336189 0.180469
 8.800000 3.536473 1.358450 1.410662 1.341970 0.596217
 8.900000 3.541357 1.305503 1.429435 1.301559 0.766611
 9.000000 3.512638 1.331376 1.425839 1.349070 0.071591
 9.100000 3.551097 1.353133 1.372022 1.318090 1.170186
 9.200000 3.532220 1.297100 1.382004 1.318587 0.465295
 9.300000 3.506823 1.334353 1.425382 1.309228 0.020865
 9.400000 3.560207 1.330845 1.388376 1.355017 1.624668
 9.500000 3.495638 1.328806 1.407990 1.305973 0.008530
 9.600000 3.555651 1.332134 1.438647 1.304713 1.388075
 9.700000 3.577423 1.311406 1.417252 1.352472 2.686631
 9.800000 3.528119 1.322913 1.426977 1.298783 0.354372
 9.900000 3.539112 1.322287 1.483822 1.317867 0.685624
 10.000000 3.578423 1.331814 1.455445 1.350919 2.756486
 10.100000 3.530688 1.322039 1.493660 1.313810 0.422085
 10.200000 3.549326 1.319794 1.482472 1.316767 1.090516
 10.300000 3.576546 1.316894 1.441352 1.328207 2.626151
 10.400000 3.562073 1.312628 1.451735 1.316880 1.726967
 10.500000 3.536484 1.316163 1.442019 1.304754 0.596586
 10.600000 3.559309 1.305835 1.448994 1.332267 1.576571
 10.700000 3.554035 1.374315 1.483542 1.327640 1.308638
 10.800000 3.464424 1.301700 1.414644 1.331957 0.567279
 10.900000 3.555144 1.332505 1.417363 1.344463 1.362930
 11.000000 3.540617 1.337660 1.422876 1.325043 0.739400
 11.100000 3.525326 1.304394 1.396720 1.308830 0.287478
 11.200000 3.549576 1.333758 1.396334 1.332465 1.101574
 11.300000 3.522526 1.326345 1.411983 1.335899 0.227418
 11.400000 3.539316 1.328812 1.414891 1.313064 0.692809
 11.500000 3.506718 1.311443 1.417745 1.324437 0.020226
 11.600000 3.541595 1.343271 1.444309 1.327328 0.775468
 11.700000 3.570714 1.308745 1.439356 1.337247 2.241241
 11.800000 3.523065 1.325451 1.429132 1.303449 0.238430
 11.900000 3.565945 1.320061 1.438724 1.325810 1.949105
 12.000000 3.560644 1.307578 1.441137 1.318159 1.648329
 12.100000 3.522042 1.337860 1.452952 1.317714 0.217763
 12.200000 3.569939 1.314679 1.454053 1.321484 2.192371
 12.300000 3.576660 1.320713 1.448480 1.319524 2.633959
 12.400000 3.537023 1.311652 1.465106 1.312765 0.614348
 12.500000 3.566561 1.323456 1.452573 1.310465 1.985718
 12.600000 3.575537 1.331322 1.460769 1.332823 2.557375
 12.700000 3.538392 1.310224 1.497953 1.335850 0.660631
 12.800000 3.534131 1.345670 1.461978 1.294904 0.522132
 12.900000 3.543998 1.327727 1.428731 1.354190 0.867647
 13.000000 3.550811 1.327299 1.442550 1.322543 1.157125
 13.100000 3.524104 1.299765 1.419456 1.296218 0.260402
 13.200000 3.575646 1.327300 1.419041 1.337163 2.564757
 13.300000 3.570180 1.338637 1.442378 1.336126 2.207473
 13.400000 3.494985 1.278520 1.420331 1.311343 0.011270
 13.500000 3.541617 1.367932 1.440055 1.321916 0.776277
 13.600000 3.522831 1.321735 1.428513 1.346913 0.233619
 13.700000 3.527954 1.309396 1.424823 1.320959 0.350225
 13.800000 3.565448 1.341292 1.419171 1.320525 1.919857
 13.900000 3.534784 1.287452 1.434305 1.326703 0.542302
 14.000000 3.565950 1.338132 1.468903 1.303761 1.949399
 14.100000 3.525433 1.317416 1.453658 1.335104 0.289901
 14.200000 3.530843 1.332307 1.444822 1.349341 0.426363
 14.300000 3.546418 1.323141 1.489363 1.302850 0.965692
 14.400000 3.558637 1.321289 1.433151 1.329876 1.541055
 14.500000 3.557440 1.311802 1.445766 1.321717 1.478780
 14.600000 3.555065 1.309542 1.487114 1.285730 1.359031
 14.700000 3.575754 1.324453 1.460496 1.332582 2.572082
 14.800000 3.572832 1.333573 1.446076 1.338020 2.377492
 14.900000 3.535675 1.315322 1.468043 1.318702 0.570420
 15.000000 3.543258 1.314079 1.470471 1.295496 0.838697
 15.100000 3.583526 1.342748 1.445960 1.358986 3.126882
 15.200000 3.486496 1.300339 1.438389 1.312112 0.081728
 15.300000 3.574579 1.318990 1.416689 1.314118 2.492887
 15.400000 3.515803 1.340455 1.408638 1.332497 0.111935
 15.500000 3.526552 1.317605 1.386544 1.329696 0.315996
 15.600000 3.521278 1.311318 1.410127 1.315481 0.202926
 15.700000 3.499937 1.360767 1.414262 1.329367 0.000002
 15.800000 3.550807 1.314849 1.365430 1.341066 1.156983
 15.900000 3.539387 1.319056 1.378856 1.309063 0.695315
 16.000000 3.525889 1.312957 1.415012 1.329291 0.300406
 16.100000 3.557672 1.331582 1.399971 1.338087 1.490733
 16.200000 3.520604 1.333748 1.392171 1.313117 0.190264
 16.300000 3.492834 1.319934 1.455498 1.346297 0.023017
 16.400000 3.557930 1.337545 1.418090 1.331239 1.504102
 16.500000 3.501833 1.319691 1.402752 1.313432 0.001506
 16.600000 3.549154 1.320284 1.433350 1.358370 1.082887
 16.700000 3.541758 1.319624 1.404250 1.281839 0.781557
 16.800000 3.554669 1.323832 1.405246 1.336029 1.339559
 16.900000 3.514952 1.314852 1.421994 1.314102 0.100199
 17.000000 3.549548 1.346646 1.403383 1.320862 1.100334
 17.100000 3.524432 1.301938 1.443843 1.365007 0.267540
 17.200000 3.508702 1.356129 1.431652 1.279122 0.033937
 17.300000 3.561094 1.314100 1.410767 1.353663 1.672903
 17.400000 3.535815 1.324207 1.427794 1.319287 0.574914
 17.500000 3.525569 1.330874 1.429143 1.301963 0.293012
 17.600000 3.564917 1.300222 1.395365 1.337810 1.888799
 17.700000 3.542174 1.364208 1.431974 1.319269 0.797203
 17.800000 3.541668 1.297050 1.450470 1.337750 0.778174
 17.900000 3.536949 1.322308 1.439759 1.297588 0.611911
 18.000000 3.548527 1.342159 1.450300 1.350536 1.055471
 18.100000 3.555114 1.321898 1.440997 1.331779 1.361444
 18.200000 3.531087 1.327932 1.449447 1.281244 0.433150
 18.300000 3.563157 1.300816 1.458296 1.357289 1.787758
 18.400000 3.584253 1.352489 1.454767 1.313055 3.181557
 18.500000 3.534321 1.307034 1.463514 1.310926 0.527952
 18.600000 3.553360 1.318407 1.475010 1.331361 1.276140
 18.700000 3.589225 1.347223 1.448401 1.300351 3.568127
 18.800000 3.554972 1.269961 1.451850 1.331931 1.354425
 18.900000 3.567651 1.366379 1.491570 1.295583 2.051253
 19.000000 3.580913 1.284381 1.467368 1.341636 2.934340
 19.100000 3.558771 1.325362 1.499520 1.309143 1.548114
 19.200000 3.565831 1.336477 1.487044 1.340665 1.942383
 19.300000 3.545734 1.297255 1.471184 1.332010 0.937453
 19.400000 3.561354 1.358388 1.503260 1.303093 1.687140
 19.500000 3.527676 1.284247 1.445678 1.329604 0.343300
 19.600000 3.599641 1.351451 1.419628 1.333186 4.449901
 19.700000 3.543464 1.301255 1.443164 1.311746 0.846692
 19.800000 3.516480 1.317521 1.442781 1.319516 0.121727
 19.900000 3.575449 1.348268 1.418269 1.342732 2.551410
 20.000000 3.493414 1.307289 1.453342 1.337535 0.019440
 20.100000 3.533608 1.353347 1.454740 1.313725 0.506248
 20.200000 3.537242 1.307559 1.380064 1.328272 0.621652
 20.300000 3.544327 1.343634 1.421666 1.343027 0.880658
 20.400000 3.524682 1.307733 1.417602 1.287961 0.273051
 20.500000 3.557138 1.313722 1.393235 1.348714 1.463253
 20.600000 3.513992 1.343201 1.420495 1.301975 0.087752
 20.700000 3.521108 1.295596 1.425828 1.351963 0.199692
 20.800000 3.531182 1.377033 1.411213 1.302623 0.435792
 20.900000 3.524734 1.313394 1.439350 1.335729 0.274192
 21.000000 3.541683 1.305931 1.412959 1.346233 0.778718
 21.100000 3.554455 1.360723 1.402475 1.279549 1.329044
 21.200000 3.531928 1.292855 1.435711 1.382408 0.456886
 21.300000 3.528757 1.359406 1.446891 1.305049 0.370654
 21.400000 3.530965 1.313696 1.442055 1.292600 0.429745
 21.500000 3.590235 1.338131 1.411885 1.387253 3.649388
 21.600000 3.519047 1.311397 1.431434 1.278519 0.162604
 21.700000 3.558265 1.303503 1.430735 1.316390 1.521543
 21.800000 3.569345 1.341796 1.401071 1.339158 2.155303
 21.900000 3.534228 1.312341 1.430394 1.336082 0.525082
 22.000000 3.487816 1.309231 1.476271 1.301496 0.066538
 22.100000 3.550162 1.354734 1.406496 1.349997 1.127788
 22.200000 3.562299 1.328911 1.419541 1.341337 1.739521
 22.300000 3.516600 1.280192 1.466480 1.286847 0.123512
 22.400000 3.571372 1.348351 1.426390 1.331883 2.283129
 22.500000 3.557763 1.330956 1.430612 1.326912 1.495446
 22.600000 3.538788 1.293642 1.476545 1.318824 0.674338
 22.700000 3.527565 1.346200 1.437029 1.310575 0.340550
 22.800000 3.553682 1.328866 1.431402 1.348401 1.291626
 22.900000 3.525579 1.308799 1.446257 1.322558 0.293246
 23.000000 3.581963 1.349245 1.445800 1.290506 3.010952
 23.100000 3.551387 1.270389 1.403745 1.345684 1.183512
 23.200000 3.536394 1.361365 1.407662 1.313101 0.593645
 23.300000 3.547153 1.322664 1.440337 1.326449 0.996541
 23.400000 3.519748 1.316170 1.419076 1.345837 0.174790
 23.500000 3.520506 1.352567 1.419617 1.293780 0.188470
 23.600000 3.544978 1.302850 1.435139 1.360818 0.906701
 23.700000 3.563905 1.356458 1.398992 1.313496 1.830409
 23.800000 3.497009 1.292103 1.412779 1.300856 0.004010
 23.900000 3.570119 1.323035 1.417848 1.345084 2.203663
 24.000000 3.557841 1.340270 1.418770 1.314902 1.499502
 24.100000 3.522913 1.320940 1.423621 1.329875 0.235300
 24.200000 3.501965 1.298967 1.420931 1.298664 0.001731
 24.300000 3.597471 1.350176 1.415710 1.366580 4.258164
 24.400000 3.519254 1.329071 1.393947 1.306103 0.166160
 24.500000 3.513877 1.282914 1.390742 1.309317 0.086311
 24.600000 3.564096 1.358307 1.442320 1.346796 1.841314
 24.700000 3.529381 1.324801 1.444051 1.326627 0.386908
 24.800000 3.526795 1.309738 1.449695 1.304942 0.321785
 24.900000 3.563087 1.317667 1.461025 1.329107 1.783850
 25.000000 3.586159 1.363122 1.433591 1.348413 3.327171
 25.100000 3.536165 1.272778 1.452631 1.296228 0.586210
 25.200000 3.566210 1.324031 1.465109 1.316230 1.964790
 25.300000 3.591703 1.321602 1.454408 1.341185 3.769151
 25.400000 3.572787 1.323198 1.463141 1.308216 2.374551
 25.500000 3.517265 1.303965 1.515489 1.309895 0.133607
 25.600000 3.615242 1.315025 1.515823 1.356084 5.952440
 25.700000 3.524833 1.355664 1.481459 1.316583 0.276397
 25.800000 3.541231 1.302570 1.493822 1.312251 0.761948
 25.900000 3.602173 1.321024 1.464501 1.323413 4.678930
 26.000000 3.564996 1.324093 1.436199 1.317867 1.893432
 26.100000 3.564213 1.296625 1.510215 1.317328 1.848073
 26.200000 3.566087 1.320546 1.510607 1.302083 1.957521
 26.300000 3.552285 1.349185 1.451989 1.353061 1.225245
 26.400000 3.527875 1.304050 1.476477 1.320789 0.348268
 26.500000 3.560325 1.329513 1.454642 1.290299 1.631044
 26.600000 3.565440 1.303500 1.417722 1.362471 1.919391
 26.700000 3.526217 1.345846 1.439211 1.308395 0.308057
 26.800000 3.518335 1.311006 1.442283 1.294646 0.150680
 26.900000 3.578483 1.341731 1.390153 1.401967 2.760702
 27.000000 3.480169 1.319653 1.414713 1.282390 0.176272
 27.100000 3.547396 1.328659 1.429541 1.315783 1.006847
 27.200000 3.537307 1.314849 1.395037 1.348470 0.623796
 27.300000 3.495783 1.355408 1.393212 1.321158 0.007972
 27.400000 3.519349 1.307184 1.417442 1.301690 0.167800
 27.500000 3.532696 1.338351 1.402480 1.373149 0.479151
 27.600000 3.520758 1.339458 1.384469 1.319141 0.193130
 27.700000 3.495488 1.287221 1.416621 1.295698 0.009125
 27.800000 3.542542 1.375108 1.426345 1.336336 0.811173
 27.900000 3.502062 1.314746 1.418481 1.371266 0.001905
 28.000000 3.529206 1.334693 1.441756 1.296000 0.382323
 28.100000 3.556218 1.317511 1.411848 1.322466 1.416532
 28.200000 3.574398 1.323141 1.395160 1.385316 2.480786
 28.300000 3.516705 1.349260 1.464983 1.277753 0.125077
 28.400000 3.533912 1.299753 1.482498 1.342919 0.515435
 28.500000 3.551219 1.348035 1.443125 1.368633 1.175788
 28.600000 3.546339 1.330455 1.460321 1.284950 0.962401
 28.700000 3.542429 1.283672 1.489224 1.331650 0.806870
 28.800000 3.575599 1.364512 1.449664 1.310515 2.561571
 28.900000 3.548547 1.308104 1.478117 1.341631 1.056306
 29.000000 3.553768 1.310807 1.493684 1.298169 1.295752
 29.100000 3.582951 1.348244 1.465838 1.318830 3.084029
 29.200000 3.554861 1.284237 1.469537 1.362666 1.348958
 29.300000 3.543132 1.354297 1.497629 1.256117 0.833811
 29.400000 3.561872 1.309615 1.457371 1.376886 1.715788
 29.500000 3.546357 1.323712 1.455037 1.326674 0.963153
 29.600000 3.544744 1.318626 1.458989 1.270320 0.897290
 29.700000 3.596567 1.321562 1.429446 1.376201 4.179570
 29.800000 3.541724 1.336720 1.461370 1.299691 0.780285
 29.900000 3.511096 1.311261 1.504193 1.319221 0.055187
 30.000000 3.538746 1.327686 1.428188 1.346393 0.672859
 30.100000 3.549594 1.349081 1.414257 1.321128 1.102397
 30.200000 3.519260 1.271790 1.421925 1.309716 0.166253
 30.300000 3.560705 1.360295 1.399424 1.311658 1.651683
 30.400000 3.557264 1.314709 1.391412 1.369098 1.469736
 30.500000 3.470842 1.311878 1.440871 1.289331 0.381054
 30.600000 3.532966 1.371025 1.417672 1.346357 0.487094
 30.700000 3.505121 1.317232 1.401215 1.342679 0.011755
 30.800000 3.528789 1.335433 1.404267 1.302269 0.371475
 30.900000 3.520858 1.294018 1.380815 1.327594 0.194991
 31.000000 3.545424 1.360869 1.377772 1.321182 0.924795
 31.100000 3.510017 1.314089 1.406312 1.340460 0.044970
 31.200000 3.470041 1.309889 1.420810 1.352987 0.402266
 31.300000 3.539557 1.398631 1.410733 1.328728 0.701326
 31.400000 3.501682 1.281113 1.393600 1.340689 0.001269
 31.500000 3.521563 1.320220 1.407778 1.333315 0.208403
 31.600000 3.535330 1.361672 1.408968 1.319683 0.559437
 31.700000 3.524751 1.311715 1.438196 1.354290 0.274579
 31.800000 3.527151 1.308086 1.435480 1.298924 0.330407
 31.900000 3.548828 1.352715 1.422164 1.332488 1.068601
 32.000000 3.557291 1.330102 1.455425 1.330501 1.471095
 32.100000 3.487728 1.303161 1.493391 1.316067 0.067499
 32.200000 3.567497 1.357616 1.452569 1.340367 2.041959
 32.300000 3.572155 1.320949 1.444368 1.306220 2.333514
 32.400000 3.549471 1.283253 1.459766 1.333866 1.096932
 32.500000 3.543362 1.340446 1.444283 1.299592 0.842751
 32.600000 3.572003 1.326498 1.480228 1.355306 2.323638
 32.700000 3.512560 1.310703 1.481632 1.315092 0.070709
 32.800000 3.561006 1.320506 1.471663 1.311805 1.668068
 32.900000 3.583404 1.347162 1.477464 1.345168 3.117783
 33.000000 3.551580 1.297376 1.454234 1.317535 1.192426
 33.100000 3.551989 1.314187 1.475859 1.306367 1.211400
 33.200000 3.569325 1.331661 1.444531 1.333101 2.154042
 33.300000 3.581201 1.326615 1.451276 1.323653 2.955221
 33.400000 3.513175 1.284215 1.480694 1.308460 0.077800
 33.500000 3.568341 1.376594 1.464334 1.323619 2.093303
 33.600000 3.551262 1.303776 1.451106 1.355739 1.177781
 33.700000 3.514237 1.309961 1.477065 1.290067 0.090844
 33.800000 3.599315 1.340976 1.444335 1.324513 4.420785
 33.900000 3.576054 1.304749 1.416748 1.342173 2.592464
 34.000000 3.525189 1.329790 1.473599 1.287309 0.284375
 34.100000 3.505431 1.314574 1.447468 1.359618 0.013220
 34.200000 3.541677 1.352611 1.424634 1.326718 0.778525
 34.300000 3.524003 1.313964 1.429988 1.307717 0.258220
 34.400000 3.545816 1.306241 1.416717 1.332946 0.940829
 34.500000 3.533944 1.360264 1.413666 1.317755 0.516406
 34.600000 3.503349 1.302217 1.406422 1.359685 0.005027
 34.700000 3.507210 1.335875 1.404286 1.351909 0.023302
 34.800000 3.523440 1.359571 1.402620 1.308112 0.246263
 34.900000 3.491058 1.288210 1.387101 1.345786 0.035842
 35.000000 3.536128 1.380666 1.396963 1.314053 0.585016
 35.100000 3.482927 1.324200 1.430293 1.361947 0.130647
 35.200000 3.543488 1.320861 1.419801 1.323305 0.847635
 35.300000 3.555304 1.332731 1.392335 1.296150 1.370830
 35.400000 3.557533 1.317536 1.420412 1.358220 1.483560
 35.500000 3.505377 1.323843 1.441082 1.287422 0.012959
 35.600000 3.531434 1.326413 1.433131 1.345740 0.442870
 35.700000 3.523494 1.343879 1.464173 1.360605 0.247393
 35.800000 3.549936 1.320587 1.488040 1.277912 1.117617
 35.900000 3.565242 1.291758 1.441720 1.322583 1.907752
 36.000000 3.596562 1.342742 1.451196 1.336062 4.179142
 36.100000 3.558922 1.306181 1.457979 1.299592 1.556066
 36.200000 3.550551 1.284444 1.459694 1.311891 1.145333
 36.300000 3.572639 1.375045 1.474837 1.342410 2.364870
 36.400000 3.514418 1.303933 1.470784 1.327234 0.093175
 36.500000 3.568830 1.333846 1.482914 1.313669 2.123379
 36.600000 3.532062 1.321939 1.472604 1.348044 0.460736
 36.700000 3.619759 1.337637 1.430567 1.311130 6.428165
 36.800000 3.536228 1.273394 1.468064 1.297791 0.588236
 36.900000 3.572190 1.346641 1.457413 1.326531 2.335731
 37.000000 3.589562 1.325784 1.448453 1.338653 3.595177
 37.100000 3.486667 1.314331 1.529009 1.312840 0.079671
 37.200000 3.554424 1.329729 1.504950 1.333800 1.327535
 37.300000 3.571391 1.321670 1.454962 1.330191 2.284305
 37.400000 3.548810 1.303305 1.487108 1.301628 1.067821
 37.500000 3.574033 1.309447 1.456520 1.308486 2.456542
 37.600000 3.611624 1.329543 1.433166 1.331085 5.584531
 37.700000 3.518902 1.319339 1.508514 1.304657 0.160133
 37.800000 3.538531 1.325328 1.493687 1.354360 0.665416
 37.900000 3.517868 1.330570 1.456445 1.327014 0.143096
 38.000000 3.543708 1.335996 1.453856 1.323468 0.856226
 38.100000 3.516786 1.278944 1.425286 1.315359 0.126289
 38.200000 3.591595 1.382035 1.394026 1.325417 3.760257
 38.300000 3.428999 1.348534 1.465375 1.339708 2.259416
 38.400000 3.475773 1.334755 1.425324 1.377118 0.263063
 38.500000 3.498029 1.360939 1.502331 1.341236 0.001742
 38.600000 3.467566 1.349516 1.560478 1.309262 0.471488
 38.700000 3.542113 1.335030 1.546907 1.378223 0.794901
 38.800000 3.479467 1.313815 1.472727 1.320541 0.188967
 38.900000 3.482630 1.387410 1.464107 1.355051 0.135233
 39.000000 3.473512 1.344202 1.426948 1.331629 0.314463
 39.100000 3.488840 1.311594 1.439159 1.347442 0.055819
 39.200000 3.531701 1.340575 1.562915 1.345248 0.450420
 39.300000 3.517211 1.347212 1.526869 1.312138 0.132765
 39.400000 3.528931 1.324898 1.508413 1.343181 0.375153
 39.500000 3.557589 1.323940 1.474201 1.327038 1.486426
 39.600000 3.511151 1.338259 1.453090 1.322101 0.055733
 39.700000 3.540398 1.312604 1.434188 1.326123 0.731460
 39.800000 3.502324 1.357745 1.435820 1.348804 0.002420
 39.900000 3.531988 1.308353 1.372523 1.320382 0.458625
 40.000000 3.493200 1.339798 1.434023 1.344784 0.020728
 40.100000 3.494719 1.342984 1.467353 1.327789 0.012498
 40.200000 3.538126 1.331947 1.383273 1.335238 0.651512
 40.300000 3.519398 1.319955 1.408875 1.320942 0.168643
 40.400000 3.519584 1.354590 1.484201 1.328362 0.171895
 40.500000 3.537037 1.321729 1.464110 1.337560 0.614804
 40.600000 3.507459 1.331477 1.505489 1.322315 0.024938
 40.700000 3.592773 1.332600 1.491544 1.331600 3.857589
 40.800000 3.526637 1.324759 1.491122 1.341278 0.318016
 40.900000 3.530364 1.327448 1.526323 1.319368 0.413222
 41.000000 3.565388 1.329790 1.459809 1.321121 1.916316
 41.100000 3.535762 1.311742 1.425405 1.338177 0.573224
 41.200000 3.537095 1.350671 1.486441 1.308193 0.616755
 41.300000 3.464041 1.325857 1.459267 1.362576 0.579550
 41.400000 3.447000 1.361192 1.441180 1.362759 1.258980
 41.500000 3.498474 1.359900 1.501701 1.330284 0.001044
 41.600000 3.469071 1.360722 1.552608 1.350369 0.428736
 41.700000 3.551061 1.310984 1.521195 1.358207 1.168573
 41.800000 3.440614 1.360086 1.458057 1.364715 1.580642
 41.900000 3.469268 1.364807 1.463858 1.327160 0.423299
 42.000000 3.495183 1.346429 1.450895 1.351578 0.010399
 42.100000 3.466818 1.317472 1.534888 1.356079 0.493489
 42.200000 3.595881 1.336760 1.476097 1.287675 4.120373
 42.300000 3.558129 1.321710 1.461518 1.351252 1.514467
 42.400000 3.532394 1.311623 1.482611 1.318979 0.470327
 42.500000 3.546465 1.340379 1.491332 1.293728 0.967677
 42.600000 3.551595 1.346735 1.494797 1.380541 1.193127
 42.700000 3.542718 1.290172 1.485496 1.287003 0.817884
 42.800000 3.556719 1.347677 1.464968 1.311598 1.441904
 42.900000 3.509880 1.333790 1.466876 1.381608 0.043753
 43.000000 3.505365 1.309474 1.400090 1.291661 0.012903
 43.100000 3.533722 1.358657 1.387660 1.328786 0.509679
 43.200000 3.528296 1.332537 1.396751 1.370992 0.358865
 43.300000 3.469179 1.328668 1.431619 1.308041 0.425758
 43.400000 3.509494 1.344660 1.463034 1.344130 0.040402
 43.500000 3.585514 1.341800 1.401958 1.349083 3.277526
 43.600000 3.496286 1.290571 1.413486 1.297525 0.006181
 43.700000 3.526891 1.350027 1.466996 1.339099 0.324112
 43.800000 3.548686 1.322711 1.432699 1.345082 1.062393
 43.900000 3.524294 1.306277 1.457823 1.293428 0.264535
 44.000000 3.521204 1.338474 1.483849 1.346959 0.201513
 44.100000 3.537666 1.337744 1.451712 1.343698 0.635867
 44.200000 3.516687 1.322558 1.541360 1.303912 0.124806
 44.300000 3.541115 1.330490 1.476459 1.335545 0.757668
 44.400000 3.579135 1.318491 1.409042 1.336077 2.806757
 44.500000 3.494025 1.329909 1.484538 1.300651 0.016001
 44.600000 3.521788 1.322733 1.424016 1.355406 0.212765
 44.700000 3.515601 1.366892 1.431097 1.335770 0.109094
 44.800000 3.501163 1.286686 1.436469 1.308150 0.000606
 44.900000 3.551798 1.329559 1.403589 1.339694 1.202528
 45.000000 3.520294 1.359265 1.464906 1.336912 0.184589
 45.100000 3.488542 1.282448 1.487346 1.319976 0.058846
 45.200000 3.601675 1.342570 1.431468 1.326764 4.633417
 45.300000 3.523288 1.357563 1.477512 1.351276 0.243072
 45.400000 3.495479 1.280131 1.473631 1.310106 0.009160
 45.500000 3.562867 1.367339 1.457571 1.351618 1.771417
 45.600000 3.534062 1.322646 1.431577 1.328585 0.520000
 45.700000 3.528886 1.291098 1.469135 1.295095 0.373973
 45.800000 3.538555 1.352514 1.475994 1.357454 0.666242
 45.900000 3.470375 1.346958 1.473221 1.329822 0.393359
 46.000000 3.503726 1.334218 1.460899 1.320883 0.006224
 46.100000 3.547105 1.333934 1.405633 1.382091 0.994502
 46.200000 3.510809 1.328502 1.393041 1.294117 0.052363
 46.300000 3.497117 1.331697 1.462132 1.340672 0.003724
 46.400000 3.529940 1.347488 1.494146 1.371314 0.401776
 46.500000 3.508486 1.325051 1.470641 1.281022 0.032274
 46.600000 3.545628 1.322792 1.471630 1.356714 0.933102
 46.700000 3.558146 1.340897 1.456302 1.344327 1.515327
 46.800000 3.508759 1.333552 1.483178 1.282185 0.034383
 46.900000 3.553554 1.326975 1.468572 1.369950 1.285467
 47.000000 3.579586 1.338743 1.422275 1.313150 2.838903
 47.100000 3.494164 1.334673 1.485705 1.295173 0.015264
 47.200000 3.507274 1.321481 1.505096 1.372411 0.023712
 47.300000 3.552432 1.347967 1.422727 1.327268 1.232158
 47.400000 3.509235 1.316780 1.417563 1.284845 0.038229
 47.500000 3.528193 1.319202 1.411055 1.381041 0.356257
 47.600000 3.503634 1.340604 1.428774 1.315298 0.005918
 47.700000 3.494586 1.347829 1.478476 1.323018 0.013139
 47.800000 3.563673 1.303617 1.421819 1.359826 1.817097
 47.900000 3.532014 1.346424 1.505878 1.317921 0.459355
 48.000000 3.511416 1.332993 1.522838 1.318175 0.058411
 48.100000 3.532210 1.316509 1.474438 1.371295 0.464988
 48.200000 3.454001 1.374915 1.513874 1.358999 0.948352
 48.300000 3.464555 1.382542 1.412163 1.315760 0.563093
 48.400000 3.478987 1.346722 1.529394 1.383059 0.197894
 48.500000 3.457018 1.339733 1.564550 1.385609 0.828020
 48.600000 3.511685 1.369119 1.469130 1.322829 0.061202
 48.700000 3.470021 1.366642 1.459230 1.346271 0.402818
 48.800000 3.482933 1.330379 1.468907 1.359231 0.130555
 48.900000 3.540667 1.314327 1.480616 1.333685 0.741222
 49.000000 3.521556 1.340582 1.438737 1.318358 0.208255
 49.100000 3.575378 1.312597 1.447632 1.331024 2.546621
 49.200000 3.508612 1.326379 1.490383 1.322731 0.033244
 49.300000 3.538068 1.342640 1.442508 1.319206 0.649529
 49.400000 3.548702 1.312634 1.456800 1.349065 1.063097
 49.500000 3.537847 1.338491 1.446186 1.310660 0.641999
 49.600000 3.532982 1.323350 1.435054 1.307258 0.487562
 49.700000 3.534683 1.310525 1.455683 1.375645 0.539136
 49.800000 3.513661 1.353588 1.440726 1.279118 0.083650
 49.900000 3.550393 1.303687 1.415009 1.346373 1.138161
 50.000000 3.547761 1.333195 1.453610 1.366955 1.022377
