#! FIELDS time d1 d2 d3 d4 rest.bias
 0.000000 2.853086 1.312563 1.462886 1.321514 10.503667
 0.100000 2.728458 1.314850 1.451255 1.322525 0.362971
 0.200000 2.694684 1.401027 1.477090 1.378482 0.012667
 0.300000 2.696248 1.321674 1.419145 1.329539 0.006310
 0.400000 2.770463 1.338279 1.414484 1.350769 2.225354
 0.500000 2.748670 1.311789 1.471933 1.303756 1.061680
 0.600000 2.779581 1.372940 1.513021 1.367774 2.838537
 0.700000 2.713437 1.303121 1.494447 1.311797 0.080928
 0.800000 2.763949 1.366928 1.446817 1.359871 1.832897
 0.900000 2.699254 1.315044 1.441491 1.322406 0.000249
 1.000000 2.731984 1.370291 1.463967 1.351031 0.458500
 1.100000 2.765493 1.320066 1.468669 1.338923 1.922452
 1.200000 2.771443 1.312560 1.486458 1.289791 2.287628
 1.300000 2.749680 1.365569 1.448536 1.371788 1.106195
 1.400000 2.674419 1.333079 1.479733 1.333470 0.293296
 1.500000 2.744015 1.363245 1.405127 1.360418 0.868306
 1.600000 2.723180 1.301136 1.452930 1.297757 0.240816
 1.700000 2.755294 1.369168 1.483928 1.365318 1.370341
 1.800000 2.728022 1.317800 1.531402 1.325204 0.351951
 1.900000 2.780513 1.348835 1.446648 1.348396 2.905372
 2.000000 2.734822 1.294698 1.430189 1.303959 0.543467
 2.100000 2.747059 1.373870 1.443914 1.362915 0.992558
 2.200000 2.680823 1.322037 1.468165 1.339020 0.164828
 2.300000 2.745365 1.361181 1.482112 1.339010 0.922402
 2.400000 2.735677 1.338698 1.457629 1.324923 0.570476
 2.500000 2.736467 1.326196 1.482875 1.341974 0.596025
 2.600000 2.741831 1.347355 1.414850 1.351535 0.784291
 2.700000 2.740212 1.328244 1.435028 1.310548 0.724726
 2.800000 2.757899 1.342177 1.422572 1.359464 1.502496
 2.900000 2.728008 1.336663 1.537213 1.319398 0.351579
 3.000000 2.752384 1.351128 1.466428 1.351800 1.229914
 3.100000 2.726424 1.304593 1.459226 1.327280 0.312941
 3.200000 2.748433 1.357004 1.404676 1.335960 1.051387
 3.300000 2.714212 1.334524 1.433694 1.342508 0.090534
 3.400000 2.731931 1.337891 1.467327 1.342432 0.456976
 3.500000 2.752172 1.335201 1.455897 1.321029 1.219972
 3.600000 2.754187 1.349368 1.485648 1.330840 1.316028
 3.700000 2.713891 1.299691 1.445081 1.348252 0.086486
 3.800000 2.728043 1.391031 1.513156 1.343484 0.352468
 3.900000 2.694785 1.328915 1.444663 1.328904 0.012188
 4.000000 2.748562 1.333826 1.450861 1.355773 1.056954
 4.100000 2.747822 1.331939 1.420854 1.312424 1.025010
 4.200000 2.718331 1.345998 1.483760 1.356359 0.150613
 4.300000 2.743354 1.351226 1.456239 1.351863 0.842424
 4.400000 2.747956 1.317626 1.500871 1.323889 1.030771
 4.500000 2.775820 1.352424 1.434090 1.347309 2.576552
 4.600000 2.718643 1.318699 1.469235 1.318228 0.155780
 4.700000 2.720460 1.366143 1.417420 1.363092 0.187621
 4.800000 2.727509 1.299121 1.445213 1.322954 0.339185
 4.900000 2.764922 1.390553 1.446023 1.357200 1.889079
 5.000000 2.725974 1.320454 1.489990 1.312660 0.302385
 5.100000 2.789572 1.322664 1.456356 1.380744 3.596006
 5.200000 2.725380 1.333656 1.446725 1.296122 0.288700
 5.300000 2.754243 1.369890 1.453502 1.353153 1.318737
 5.400000 2.706705 1.298352 1.461583 1.377349 0.020151
 5.500000 2.719179 1.364597 1.469141 1.307677 0.164871
 5.600000 2.764184 1.357384 1.431417 1.334992 1.846406
 5.700000 2.728597 1.303930 1.487142 1.336621 0.366543
 5.800000 2.744706 1.359722 1.435705 1.346345 0.895778
 5.900000 2.726797 1.333890 1.451101 1.314949 0.321850
 6.000000 2.743509 1.305723 1.415913 1.371933 0.848439
 6.100000 2.771959 1.336090 1.453075 1.297166 2.320798
 6.200000 2.756616 1.343490 1.443130 1.338169 1.436642
 6.300000 2.726410 1.309810 1.473583 1.365442 0.312603
 6.400000 2.719024 1.381814 1.443054 1.312020 0.162202
 6.500000 2.717523 1.322925 1.446269 1.363003 0.137620
 6.600000 2.747632 1.333672 1.437812 1.345988 1.016899
 6.700000 2.769551 1.347491 1.469338 1.306979 2.168110
 6.800000 2.755728 1.327223 1.486935 1.337756 1.391938
 6.900000 2.728043 1.348248 1.496065 1.371939 0.352463
 7.000000 2.694309 1.341857 1.447176 1.308015 0.014517
 7.100000 2.748079 1.355350 1.419453 1.365656 1.036070
 7.200000 2.724790 1.306657 1.427149 1.330360 0.275432
 7.300000 2.778234 1.358280 1.438076 1.326701 2.743263
 7.400000 2.754196 1.301335 1.449399 1.313486 1.316462
 7.500000 2.764389 1.349303 1.438985 1.341880 1.858237
 7.600000 2.704342 1.352823 1.472470 1.319743 0.008449
 7.700000 2.699912 1.325871 1.459695 1.363082 0.000003
 7.800000 2.733632 1.353883 1.451284 1.353249 0.506961
 7.900000 2.726951 1.330459 1.470663 1.314611 0.325550
 8.000000 2.753162 1.321241 1.471213 1.343637 1.266695
 8.100000 2.743876 1.338219 1.470358 1.342992 0.862831
 8.200000 2.707919 1.351827 1.455889 1.322557 0.028105
 8.300000 2.742368 1.330805 1.458714 1.351772 0.804548
 8.400000 2.720532 1.336362 1.462744 1.349408 0.188948
 8.500000 2.741502 1.348354 1.512717 1.321445 0.771978
 8.600000 2.770471 1.327919 1.465052 1.336127 2.225804
 8.700000 2.732324 1.328722 1.441459 1.335911 0.468310
 8.800000 2.708759 1.350611 1.423714 1.337999 0.034387
 8.900000 2.724465 1.338903 1.455300 1.353630 0.268269
 9.000000 2.741106 1.335371 1.468213 1.337425 0.757338
 9.100000 2.755101 1.334419 1.469760 1.318761 1.360792
 9.200000 2.769361 1.336708 1.432757 1.340765 2.156237
 9.300000 2.729813 1.323146 1.439029 1.317824 0.398357
 9.400000 2.755219 1.353151 1.421579 1.357943 1.366637
 9.500000 2.711450 1.312427 1.455352 1.327118 0.058756
 9.600000 2.733376 1.365879 1.487133 1.347947 0.499290
 9.700000 2.723824 1.356127 1.454689 1.339107 0.254392
 9.800000 2.726643 1.312593 1.463344 1.351564 0.318153
 9.900000 2.771763 1.346228 1.419315 1.315619 2.308193
 10.000000 2.729939 1.333724 1.464163 1.329003 0.401746
 10.100000 2.730273 1.337437 1.478886 1.358712 0.410761
 10.200000 2.737103 1.336253 1.470850 1.338887 0.617002
 10.300000 2.743345 1.331297 1.412044 1.312839 0.842079
 10.400000 2.758392 1.319830 1.428337 1.323703 1.528211
 10.500000 2.707111 1.345818 1.468464 1.359450 0.022664
 10.600000 2.707905 1.352972 1.467261 1.335334 0.028009
 10.700000 2.754180 1.333893 1.451657 1.346709 1.315688
 10.800000 2.748818 1.332777 1.449737 1.324786 1.068145
 10.900000 2.741972 1.330067 1.466038 1.355230 0.789565
 11.000000 2.735710 1.353383 1.449392 1.344623 0.571544
 11.100000 2.729645 1.323244 1.434977 1.319850 0.393894
 11.200000 2.753150 1.357448 1.444850 1.352875 1.266133
 11.300000 2.707120 1.326756 1.469897 1.331576 0.022718
 11.400000 2.761323 1.353998 1.476977 1.363099 1.685471
 11.500000 2.738298 1.333818 1.431391 1.320208 0.657400
 11.600000 2.737246 1.334746 1.457941 1.335527 0.621756
 11.700000 2.742566 1.318569 1.449253 1.350941 0.812073
 11.800000 2.730174 1.350900 1.478045 1.321987 0.408068
 11.900000 2.740655 1.342580 1.451649 1.337660 0.740793
 12.000000 2.724955 1.307206 1.495206 1.346644 0.279125
 12.100000 2.686307 1.394662 1.443760 1.365236 0.084037
 12.200000 2.733301 1.329536 1.438337 1.315449 0.497030
 12.300000 2.783138 1.323271 1.413839 1.336845 3.097943
 12.400000 2.744600 1.306690 1.475757 1.347106 0.891557
 12.500000 2.734670 1.393189 1.454463 1.337875 0.538731
 12.600000 2.711224 1.306817 1.471605 1.334889 0.056467
 12.700000 2.746377 1.341482 1.443301 1.340223 0.963980
 12.800000 2.716194 1.347007 1.485804 1.336690 0.117544
 12.900000 2.753853 1.338180 1.444543 1.340054 1.299851
 13.000000 2.752050 1.324398 1.440853 1.318373 1.214259
 13.100000 2.733607 1.328311 1.438313 1.332426 0.506221
 13.200000 2.722249 1.347919 1.461400 1.345406 0.221877
 13.300000 2.715645 1.346387 1.501413 1.342168 0.109699
 13.400000 2.748487 1.341267 1.448488 1.327984 1.053718
 13.500000 2.767230 1.319644 1.479088 1.349855 2.025815
 13.600000 2.738116 1.344329 1.445025 1.317640 0.651157
 13.700000 2.724444 1.359549 1.476690 1.339950 0.267801
 13.800000 2.746815 1.298596 1.440754 1.369740 0.982305
 13.900000 2.740391 1.362229 1.461093 1.309679 0.731191
 14.000000 2.759448 1.356329 1.438472 1.312554 1.583951
 14.100000 2.727541 1.303913 1.498181 1.377953 0.339965
 14.200000 2.728447 1.371865 1.429017 1.331393 0.362688
 14.300000 2.754780 1.326819 1.456663 1.323734 1.344984
 14.400000 2.738781 1.314493 1.437497 1.346853 0.674080
 14.500000 2.739843 1.365765 1.499933 1.320323 0.711519
 14.600000 2.721795 1.316535 1.474092 1.348444 0.212911
 14.700000 2.754992 1.336848 1.489476 1.356495 1.355414
 14.800000 2.717798 1.334633 1.449901 1.311759 0.141983
 14.900000 2.761405 1.327581 1.458315 1.348017 1.689962
 15.000000 2.743459 1.322538 1.436011 1.320910 0.846513
 15.100000 2.754785 1.365572 1.483672 1.336958 1.345224
 15.200000 2.722663 1.320965 1.472493 1.331263 0.230199
 15.300000 2.734474 1.332757 1.428719 1.344318 0.532681
 15.400000 2.729995 1.347715 1.465080 1.320187 0.403258
 15.500000 2.737547 1.340939 1.478523 1.357521 0.631865
 15.600000 2.739791 1.324773 1.514148 1.329750 0.709644
 15.700000 2.745682 1.350681 1.457040 1.307214 0.935335
 15.800000 2.749563 1.337103 1.491306 1.392878 1.101011
 15.900000 2.719594 1.331263 1.442289 1.329125 0.172079
 16.000000 2.771253 1.341930 1.440975 1.334000 2.275506
 16.100000 2.754578 1.313688 1.456055 1.311914 1.335064
 16.200000 2.722108 1.362515 1.504123 1.365053 0.219069
 16.300000 2.708141 1.322646 1.462242 1.350653 0.029702
 16.400000 2.737199 1.350351 1.417761 1.318918 0.620207
 16.500000 2.724221 1.336159 1.410642 1.329599 0.262933
 16.600000 2.726731 1.330364 1.432745 1.344644 0.320257
 16.700000 2.737048 1.337199 1.518685 1.333888 0.615170
 16.800000 2.778535 1.330260 1.450688 1.343820 2.764394
 16.900000 2.737681 1.321825 1.462334 1.323749 0.636365
 17.000000 2.697267 1.349892 1.427039 1.351431 0.003348
 17.100000 2.713175 1.359521 1.427029 1.349982 0.077794
 17.200000 2.745753 1.330414 1.438022 1.329668 0.938244
 17.300000 2.748310 1.313718 1.479666 1.329344 1.046039
 17.400000 2.772867 1.368655 1.487554 1.352035 2.379791
 17.500000 2.720798 1.328017 1.455510 1.304484 0.193863
 17.600000 2.751574 1.327329 1.425882 1.368201 1.192175
 17.700000 2.685000 1.348522 1.433222 1.355923 0.100846
 17.800000 2.705964 1.363131 1.482273 1.331677 0.015943
 17.900000 2.769511 1.322965 1.459831 1.357339 2.165615
 18.000000 2.772943 1.307525 1.468213 1.304989 2.384736
 18.100000 2.788192 1.341639 1.431399 1.327420 3.486037
 18.200000 2.717416 1.337958 1.454583 1.341203 0.135945
 18.300000 2.734783 1.343719 1.423167 1.342373 0.542249
 18.400000 2.752518 1.318949 1.470262 1.329014 1.236177
 18.500000 2.739546 1.354082 1.462509 1.352799 0.700935
 18.600000 2.699093 1.342019 1.523655 1.323303 0.000368
 18.700000 2.742946 1.331777 1.457945 1.380568 0.826632
 18.800000 2.732141 1.333344 1.432079 1.300526 0.463002
 18.900000 2.752688 1.344553 1.427600 1.337315 1.244213
 19.000000 2.732866 1.321048 1.439451 1.345163 0.484140
 19.100000 2.755929 1.328443 1.457303 1.339944 1.402011
 19.200000 2.749958 1.356422 1.474929 1.315518 1.118621
 19.300000 2.713295 1.330227 1.494388 1.359991 0.079222
 19.400000 2.719433 1.350251 1.465973 1.359982 0.169263
 19.500000 2.729785 1.341237 1.432969 1.306467 0.397617
 19.600000 2.748682 1.318274 1.414505 1.344765 1.062184
 19.700000 2.745013 1.341040 1.459273 1.330525 0.908126
 19.800000 2.733701 1.340991 1.468570 1.351933 0.509061
 19.900000 2.741262 1.330540 1.461997 1.314976 0.763092
 20.000000 2.781511 1.355439 1.449765 1.330920 2.977849
 20.100000 2.712509 1.306303 1.494047 1.343373 0.070127
 20.200000 2.753455 1.369764 1.490094 1.344549 1.280700
 20.300000 2.722513 1.328696 1.458774 1.321245 0.227168
 20.400000 2.722533 1.327924 1.448553 1.372093 0.227560
 20.500000 2.726486 1.345414 1.439055 1.323663 0.314408
 20.600000 2.758029 1.357004 1.429307 1.329883 1.509242
 20.700000 2.768938 1.305431 1.463386 1.338154 2.130019
 20.800000 2.720210 1.343636 1.483312 1.356925 0.183071
 20.900000 2.667389 1.360781 1.487836 1.336186 0.476662
 21.000000 2.742052 1.331195 1.424497 1.356494 0.792601
 21.100000 2.746119 1.328004 1.426209 1.310691 0.953294
 21.200000 2.757314 1.345312 1.467752 1.324053 1.472273
 21.300000 2.750699 1.330411 1.476410 1.359936 1.152053
 21.400000 2.754112 1.323508 1.459447 1.307633 1.312379
 21.500000 2.783457 1.330885 1.433358 1.336103 3.121749
 21.600000 2.684074 1.333939 1.478944 1.344054 0.113683
 21.700000 2.719029 1.350322 1.469654 1.378874 0.162297
 21.800000 2.720762 1.333466 1.479866 1.310227 0.193209
 21.900000 2.754627 1.326246 1.438118 1.349308 1.337486
 22.000000 2.750385 1.339996 1.441574 1.327275 1.137831
 22.100000 2.744298 1.330386 1.427228 1.337893 0.879498
 22.200000 2.755769 1.315828 1.443069 1.326338 1.393993
 22.300000 2.765244 1.354238 1.473333 1.340545 1.907870
 22.400000 2.675000 1.352537 1.485517 1.350548 0.280135
 22.500000 2.737768 1.351227 1.414863 1.352541 0.639322
 22.600000 2.778902 1.331195 1.405535 1.320839 2.790288
 22.700000 2.744997 1.306890 1.460288 1.330048 0.907470
 22.800000 2.754394 1.376651 1.477467 1.357959 1.326086
 22.900000 2.692145 1.303849 1.506413 1.309515 0.027654
 23.000000 2.781214 1.350859 1.429743 1.355439 2.956208
 23.100000 2.717953 1.321848 1.455893 1.326133 0.144460
 23.200000 2.751301 1.347090 1.421128 1.350202 1.179558
 23.300000 2.763878 1.322233 1.402196 1.304711 1.828826
 23.400000 2.762826 1.323325 1.464526 1.324644 1.769114
 23.500000 2.713248 1.362520 1.493179 1.379805 0.078657
 23.600000 2.679734 1.352125 1.514789 1.336121 0.184076
 23.700000 2.723821 1.355966 1.456682 1.351975 0.254331
 23.800000 2.724001 1.325564 1.446567 1.333369 0.258184
 23.900000 2.765524 1.336904 1.432284 1.324841 1.924309
 24.000000 2.736483 1.323976 1.453795 1.330388 0.596556
 24.100000 2.738328 1.358828 1.444429 1.347831 0.658438
 24.200000 2.718481 1.314039 1.425001 1.334019 0.153089
 24.300000 2.771482 1.358893 1.460437 1.333273 2.290130
 24.400000 2.742110 1.321219 1.481353 1.320959 0.794765
 24.500000 2.747474 1.341645 1.497430 1.343387 1.010152
 24.600000 2.716572 1.340404 1.465831 1.343442 0.123091
 24.700000 2.681916 1.363122 1.462679 1.349122 0.146581
 24.800000 2.720685 1.344787 1.419740 1.354430 0.191774
 24.900000 2.782955 1.320111 1.427124 1.328055 3.084327
 25.000000 2.767742 1.334262 1.447045 1.309747 2.056793
 25.100000 2.732258 1.340242 1.458721 1.352586 0.466375
 25.200000 2.740860 1.330998 1.447391 1.347622 0.748279
 25.300000 2.745812 1.333050 1.456371 1.307952 0.940663
 25.400000 2.738973 1.334490 1.439847 1.344455 0.680768
 25.500000 2.709090 1.320003 1.498929 1.339573 0.037038
 25.600000 2.714002 1.366791 1.484036 1.339488 0.087874
 25.700000 2.728863 1.335017 1.463644 1.354618 0.373378
 25.800000 2.746408 1.334982 1.439527 1.322386 0.965306
 25.900000 2.763613 1.330336 1.417626 1.334363 1.813703
 26.000000 2.736785 1.335185 1.468825 1.334304 0.606487
 26.100000 2.721709 1.374440 1.459151 1.356760 0.211230
 26.200000 2.760437 1.302676 1.477166 1.337028 1.637127
 26.300000 2.790890 1.336873 1.440119 1.326977 3.702600
 26.400000 2.712361 1.337747 1.464047 1.321883 0.068479
 26.500000 2.694855 1.351772 1.466673 1.374244 0.011864
 26.600000 2.680266 1.344526 1.446736 1.344308 0.174535
 26.700000 2.742109 1.349933 1.435265 1.311332 0.794722
 26.800000 2.801680 1.298054 1.438750 1.342814 4.633860
 26.900000 2.769018 1.327059 1.501425 1.315398 2.135006
 27.000000 2.743527 1.358698 1.456451 1.340173 0.849151
 27.100000 2.715752 1.319569 1.437574 1.348264 0.111203
 27.200000 2.742189 1.347522 1.406765 1.340289 0.797755
 27.300000 2.727493 1.347778 1.453477 1.300183 0.338780
 27.400000 2.741879 1.337550 1.505643 1.369937 0.786089
 27.500000 2.695152 1.338379 1.525658 1.344846 0.010534
 27.600000 2.724116 1.366758 1.460432 1.339971 0.260655
 27.700000 2.759817 1.316586 1.426643 1.322523 1.603692
 27.800000 2.752535 1.330559 1.407945 1.335807 1.237007
 27.900000 2.722458 1.362673 1.450064 1.340483 0.226047
 28.000000 2.724818 1.324727 1.441097 1.341354 0.276063
 28.100000 2.781688 1.349440 1.476777 1.347124 2.990771
 28.200000 2.720044 1.315233 1.469716 1.302247 0.180076
 28.300000 2.747178 1.362223 1.476532 1.384580 0.997591
 28.400000 2.694284 1.319436 1.442356 1.304475 0.014644
 28.500000 2.750468 1.357273 1.450837 1.352006 1.141560
 28.600000 2.725295 1.310266 1.436949 1.324775 0.286773
 28.700000 2.786593 1.347251 1.477310 1.339590 3.360756
 28.800000 2.738298 1.340598 1.454465 1.312046 0.657378
 28.900000 2.737262 1.321160 1.430965 1.353251 0.622321
 29.000000 2.710370 1.358495 1.443276 1.351535 0.048202
 29.100000 2.720599 1.337046 1.457315 1.309763 0.190185
 29.200000 2.772005 1.324965 1.470021 1.373376 2.323800
 29.300000 2.726879 1.329245 1.477636 1.303623 0.323824
 29.400000 2.726371 1.366452 1.498121 1.352014 0.311684
 29.500000 2.694832 1.330075 1.431645 1.364594 0.011969
 29.600000 2.740390 1.350185 1.437610 1.338542 0.731188
 29.700000 2.758280 1.334861 1.408193 1.318563 1.522319
 29.800000 2.756714 1.321617 1.466653 1.357514 1.441607
 29.900000 2.739082 1.353322 1.447708 1.332251 0.684572
 30.000000 2.743666 1.348318 1.486308 1.328872 0.854576
 30.100000 2.726211 1.318164 1.441650 1.366381 0.307909
 30.200000 2.730693 1.339721 1.472987 1.318207 0.422219
 30.300000 2.727624 1.350137 1.473127 1.342063 0.342008
 30.400000 2.720900 1.324553 1.481552 1.365819 0.195786
 30.500000 2.767875 1.360361 1.414370 1.317049 2.064853
 30.600000 2.767745 1.313158 1.412530 1.322974 2.056971
 30.700000 2.729587 1.316945 1.418318 1.363443 0.392342
 30.800000 2.702393 1.374544 1.448303 1.322802 0.002566
 30.900000 2.741235 1.320334 1.498802 1.350226 0.762071
 31.000000 2.749982 1.318543 1.473005 1.352893 1.119677
 31.100000 2.736624 1.355483 1.513754 1.306880 0.601184
 31.200000 2.731717 1.332500 1.405732 1.354836 0.450880
 31.300000 2.738928 1.322174 1.445803 1.336614 0.679200
 31.400000 2.722276 1.363064 1.413164 1.329691 0.222412
 31.500000 2.744335 1.313663 1.511957 1.355674 0.880972
 31.600000 2.784713 1.338483 1.472546 1.326327 3.216423
 31.700000 2.771605 1.335603 1.465730 1.296824 2.298045
 31.800000 2.754419 1.315910 1.416262 1.356548 1.327327
 31.900000 2.669783 1.364211 1.462402 1.350145 0.409230
 32.000000 2.708788 1.357664 1.432255 1.331288 0.034612
 32.100000 2.793031 1.300138 1.451094 1.324915 3.879038
 32.200000 2.781147 1.339493 1.481084 1.317766 2.951293
 32.300000 2.718131 1.352517 1.506132 1.344621 0.147336
 32.400000 2.743316 1.324195 1.438074 1.378111 0.840935
 32.500000 2.720264 1.344014 1.397580 1.297854 0.184049
 32.600000 2.740158 1.337475 1.393753 1.353343 0.722809
 32.700000 2.743695 1.327596 1.440691 1.335724 0.855721
 32.800000 2.740641 1.363649 1.502427 1.327212 0.740301
 32.900000 2.748250 1.336470 1.489248 1.343064 1.043423
 33.000000 2.751315 1.334109 1.512519 1.341891 1.180208
 33.100000 2.699335 1.359394 1.398845 1.342018 0.000198
 33.200000 2.730848 1.331380 1.395774 1.353315 0.426518
 33.300000 2.739477 1.326526 1.441779 1.314846 0.698482
 33.400000 2.771694 1.352710 1.491763 1.342704 2.303790
 33.500000 2.748884 1.292429 1.483775 1.336658 1.071048
 33.600000 2.791257 1.359060 1.428282 1.324845 3.732544
 33.700000 2.690816 1.330624 1.439677 1.318211 0.037801
 33.800000 2.686836 1.368035 1.454800 1.395607 0.077673
 33.900000 2.738998 1.327774 1.462502 1.321502 0.681631
 34.000000 2.810038 1.329608 1.444943 1.298137 5.426962
 34.100000 2.776278 1.302251 1.463747 1.343719 2.607787
 34.200000 2.697789 1.387930 1.481464 1.351675 0.002191
 34.300000 2.698998 1.328689 1.462433 1.340067 0.000450
 34.400000 2.740102 1.337576 1.434979 1.333345 0.720777
 34.500000 2.741024 1.345864 1.471714 1.334852 0.754291
 34.600000 2.740650 1.305546 1.514204 1.350465 0.740622
 34.700000 2.782374 1.343239 1.473623 1.322009 3.041227
 34.800000 2.726758 1.318894 1.465515 1.303879 0.320915
 34.900000 2.707356 1.347720 1.462538 1.383832 0.024255
 35.000000 2.687590 1.362335 1.472672 1.340932 0.069032
 35.100000 2.744635 1.348230 1.438822 1.315246 0.892932
 35.200000 2.805152 1.282675 1.454342 1.336364 4.955723
 35.300000 2.737510 1.359836 1.482943 1.325698 0.630604
 35.400000 2.708919 1.353559 1.499244 1.344917 0.035654
 35.500000 2.747302 1.317839 1.430925 1.352183 1.002849
 35.600000 2.742223 1.336619 1.415147 1.314386 0.799052
 35.700000 2.750761 1.327413 1.441134 1.333221 1.154868
 35.800000 2.756131 1.341380 1.472782 1.354307 1.412164
 35.900000 2.743353 1.333574 1.481067 1.303857 0.842371
 36.000000 2.767508 1.320642 1.429724 1.366037 2.042606
 36.100000 2.698994 1.351509 1.455337 1.333464 0.000454
 36.200000 2.727810 1.361030 1.434009 1.345618 0.346628
 36.300000 2.756957 1.296282 1.440149 1.344112 1.454003
 36.400000 2.766389 1.347093 1.434343 1.303091 1.975413
 36.500000 2.733503 1.373445 1.504316 1.341562 0.503081
 36.600000 2.719620 1.308191 1.488355 1.376746 0.172536
 36.700000 2.728584 1.367401 1.450799 1.310109 0.366211
 36.800000 2.730305 1.331769 1.419292 1.332487 0.411632
 36.900000 2.742712 1.314985 1.463455 1.368810 0.817652
 37.000000 2.765532 1.358347 1.453612 1.313767 1.924783
 37.100000 2.759921 1.316563 1.466457 1.329721 1.609284
 37.200000 2.758331 1.342351 1.405950 1.338277 1.524983
 37.300000 2.709194 1.345345 1.461485 1.316691 0.037884
 37.400000 2.739164 1.334726 1.439762 1.355026 0.687443
 37.500000 2.751010 1.331313 1.478337 1.320238 1.166206
 37.600000 2.729748 1.347447 1.481573 1.334566 0.396638
 37.700000 2.722494 1.329233 1.511213 1.363739 0.226773
 37.800000 2.725898 1.359307 1.419173 1.342699 0.300617
 37.900000 2.736326 1.329085 1.378151 1.305469 0.591426
 38.000000 2.777031 1.312369 1.390657 1.352342 2.659534
 38.100000 2.720549 1.355949 1.495311 1.324645 0.189265
 38.200000 2.724821 1.354695 1.515824 1.357120 0.276137
 38.300000 2.739198 1.321720 1.486206 1.333192 0.688642
 38.400000 2.723172 1.359933 1.405795 1.315729 0.240660
 38.500000 2.728957 1.316575 1.435299 1.358460 0.375827
 38.600000 2.739609 1.359003 1.417409 1.337284 0.703152
 38.700000 2.743708 1.340544 1.463079 1.306612 0.856246
 38.800000 2.761777 1.315614 1.445619 1.371846 1.710526
 38.900000 2.717463 1.352664 1.498849 1.327749 0.136678
 39.000000 2.746520 1.346850 1.453540 1.333142 0.969951
 39.100000 2.748968 1.328352 1.447226 1.345323 1.074711
 39.200000 2.711615 1.333955 1.446300 1.316207 0.060461
 39.300000 2.743970 1.349593 1.479321 1.354032 0.866548
 39.400000 2.755796 1.328918 1.430344 1.332122 1.395337
 39.500000 2.752739 1.336692 1.447936 1.310302 1.246630
 39.600000 2.739574 1.340430 1.457043 1.364456 0.701921
 39.700000 2.688025 1.333783 1.461247 1.355384 0.064276
 39.800000 2.762915 1.377223 1.471735 1.317600 1.774105
 39.900000 2.772173 1.285491 1.398634 1.343452 2.334645
 40.000000 2.718957 1.332410 1.471530 1.336809 0.161062
 40.100000 2.714315 1.390162 1.451963 1.334419 0.091851
 40.200000 2.694243 1.318973 1.491918 1.372926 0.014853
 40.300000 2.733365 1.332344 1.443853 1.329253 0.498954
 40.400000 2.754749 1.345633 1.452172 1.321756 1.343459
 40.500000 2.754654 1.320013 1.450081 1.338866 1.338778
 40.600000 2.760976 1.333576 1.438541 1.324933 1.666459
 40.700000 2.729888 1.319636 1.431061 1.336165 0.400383
 40.800000 2.712072 1.340638 1.468290 1.356100 0.065314
 40.900000 2.713499 1.356276 1.498980 1.332380 0.081667
 41.000000 2.766931 1.323615 1.458841 1.361175 2.007806
 41.100000 2.738424 1.310758 1.485577 1.310028 0.661715
 41.200000 2.746498 1.402490 1.432102 1.330386 0.969017
 41.300000 2.722709 1.290937 1.449344 1.350048 0.231134
 41.400000 2.773000 1.343534 1.394639 1.342275 2.388484
 41.500000 2.738860 1.352525 1.477431 1.288336 0.676827
 41.600000 2.724086 1.337248 1.508500 1.384591 0.260012
 41.700000 2.707654 1.349258 1.506218 1.355414 0.026257
 41.800000 2.722293 1.333231 1.427513 1.301517 0.222744
 41.900000 2.745930 1.342766 1.389669 1.363944 0.945514
 42.000000 2.700430 1.337629 1.452203 1.326388 0.000083
 42.100000 2.745488 1.384917 1.452120 1.367249 0.927390
 42.200000 2.727934 1.285562 1.505287 1.312835 0.349734
 42.300000 2.791219 1.377428 1.461611 1.357414 3.729464
 42.400000 2.693933 1.335410 1.475832 1.306533 0.016498
 42.500000 2.741993 1.343018 1.397557 1.400695 0.790360
 42.600000 2.732014 1.327348 1.419517 1.284785 0.459352
 42.700000 2.737806 1.345211 1.444679 1.346198 0.640617
 42.800000 2.755061 1.341487 1.531708 1.350022 1.358798
 42.900000 2.739081 1.330964 1.500426 1.319197 0.684534
 43.000000 2.759170 1.321030 1.467222 1.348933 1.569167
 43.100000 2.715506 1.355025 1.392249 1.325272 0.107770
 43.200000 2.699584 1.365888 1.436642 1.354409 0.000078
 43.300000 2.732682 1.300252 1.420131 1.342378 0.478730
 43.400000 2.788115 1.347272 1.437070 1.316357 3.479908
 43.500000 2.744852 1.331642 1.517062 1.315244 0.901645
 43.600000 2.707391 1.341878 1.518323 1.399493 0.024481
 43.700000 2.684587 1.349900 1.467579 1.326677 0.106478
 43.800000 2.742417 1.366896 1.396041 1.311267 0.806403
 43.900000 2.708029 1.290939 1.407127 1.355007 0.028894
 44.000000 2.758029 1.365937 1.446530 1.344394 1.509244
 44.100000 2.734518 1.338779 1.498781 1.307794 0.534036
 44.200000 2.765086 1.315965 1.510782 1.373144 1.898656
 44.300000 2.720464 1.341593 1.471962 1.319937 0.187695
 44.400000 2.726441 1.356216 1.421762 1.341577 0.313350
 44.500000 2.726980 1.338079 1.418169 1.346594 0.326262
 44.600000 2.721929 1.341609 1.445743 1.328821 0.215523
 44.700000 2.766234 1.312848 1.470379 1.343191 1.966207
 44.800000 2.756567 1.353015 1.478610 1.317622 1.434158
 44.900000 2.743787 1.372901 1.458356 1.335967 0.859317
 45.000000 2.698942 1.298901 1.445567 1.345428 0.000502
 45.100000 2.724121 1.376070 1.419001 1.372548 0.260780
 45.200000 2.733703 1.332448 1.458529 1.288634 0.509101
 45.300000 2.768166 1.321920 1.449805 1.367141 2.082623
 45.400000 2.745589 1.319143 1.471620 1.319810 0.931523
 45.500000 2.742458 1.371312 1.452827 1.366180 0.807962
 45.600000 2.658440 1.312955 1.476304 1.326807 0.774134
 45.700000 2.739453 1.361876 1.410316 1.365742 0.697643
 45.800000 2.712239 1.323418 1.468684 1.318638 0.067135
 45.900000 2.774360 1.330961 1.442330 1.345955 2.478287
 46.000000 2.771945 1.341653 1.493578 1.320920 2.319927
 46.100000 2.720189 1.332555 1.471038 1.325834 0.182691
 46.200000 2.747003 1.334143 1.434262 1.390677 0.990210
 46.300000 2.688912 1.343038 1.430267 1.315306 0.055107
 46.400000 2.746146 1.366879 1.432975 1.350487 0.954408
 46.500000 2.726474 1.296448 1.513056 1.343605 0.314121
 46.600000 2.775358 1.384134 1.468997 1.338984 2.545238
 46.700000 2.732045 1.304425 1.527123 1.296225 0.460234
 46.800000 2.744431 1.345951 1.400067 1.402059 0.884790
 46.900000 2.677411 1.326200 1.451630 1.304309 0.228704
 47.000000 2.746987 1.389488 1.410920 1.371175 0.989510
 47.100000 2.728211 1.284277 1.460148 1.318596 0.356708
 47.200000 2.803014 1.375332 1.442642 1.333647 4.756253
 47.300000 2.720586 1.321525 1.458237 1.319766 0.189931
 47.400000 2.722280 1.340837 1.439282 1.393093 0.222481
 47.500000 2.721289 1.375244 1.433949 1.306266 0.203139
 47.600000 2.722565 1.324718 1.470458 1.348656 0.228216
 47.700000 2.752096 1.321456 1.497694 1.379127 1.216431
 47.800000 2.741443 1.364783 1.462788 1.272359 0.769786
 47.900000 2.765787 1.341042 1.423564 1.359579 1.939797
 48.000000 2.686036 1.303200 1.390839 1.351521 0.087394
 48.100000 2.724879 1.408644 1.423033 1.337179 0.277421
 48.200000 2.735537 1.304406 1.485181 1.327754 0.566036
 48.300000 2.783032 1.328862 1.476043 1.339082 3.090013
 48.400000 2.752794 1.340058 1.503996 1.317368 1.249232
 48.500000 2.708433 1.337480 1.456029 1.346177 0.031872
 48.600000 2.703954 1.328246 1.386476 1.343753 0.007008
 48.700000 2.726719 1.345050 1.395963 1.336965 0.319976
 48.800000 2.717281 1.328278 1.465299 1.333542 0.133842
 48.900000 2.791177 1.347246 1.518361 1.349207 3.726034
 49.000000 2.752205 1.332614 1.523250 1.295011 1.221513
 49.100000 2.766530 1.326085 1.445032 1.372256 1.983817
 49.200000 2.695497 1.335782 1.397145 1.365537 0.009090
 49.300000 2.678521 1.353779 1.421622 1.319796 0.206785
 49.400000 2.762569 1.327048 1.434334 1.341581 1.754646
 49.500000 2.753176 1.325777 1.500241 1.341864 1.267346
 49.600000 2.756590 1.328179 1.525541 1.324011 1.435316
 49.700000 2.737742 1.357950 1.464252 1.336849 0.638446
 49.800000 2.707332 1.340648 1.407076 1.353341 0.024092
 49.900000 2.710379 1.306691 1.410043 1.329373 0.048285
 50.000000 2.753717 1.372781 1.456421 1.344245 1.293307
