#! FIELDS time d1 d2 d3 d4 rest.bias
 0.000000 2.753717 1.372781 1.456421 1.344245 10.590533
 0.100000 2.646079 1.319096 1.470793 1.279528 0.951639
 0.200000 2.644053 1.351355 1.437409 1.394348 0.869794
 0.300000 2.601252 1.326966 1.432812 1.324796 0.000703
 0.400000 2.639890 1.368894 1.443363 1.338218 0.713177
 0.500000 2.650189 1.315364 1.435745 1.348983 1.128973
 0.600000 2.682360 1.316139 1.465143 1.346601 3.040203
 0.700000 2.644012 1.378434 1.473732 1.303712 0.868175
 0.800000 2.615076 1.309277 1.458346 1.361044 0.101870
 0.900000 2.653841 1.367728 1.440009 1.360265 1.299273
 1.000000 2.614455 1.310678 1.450831 1.297630 0.093645
 1.100000 2.707959 1.353679 1.438506 1.407993 5.223851
 1.200000 2.622699 1.293700 1.479515 1.280668 0.230925
 1.300000 2.688625 1.386573 1.429040 1.369569 3.520339
 1.400000 2.628981 1.280982 1.434682 1.324599 0.376453
 1.500000 2.667631 1.378280 1.408481 1.357301 2.050023
 1.600000 2.615531 1.369472 1.445233 1.309538 0.108114
 1.700000 2.638903 1.310097 1.495006 1.403750 0.678337
 1.800000 2.675610 1.351941 1.453112 1.341668 2.562304
 1.900000 2.658786 1.337893 1.455868 1.295162 1.548870
 2.000000 2.649410 1.323802 1.421401 1.398889 1.094216
 2.100000 2.594150 1.348670 1.479518 1.310390 0.015341
 2.200000 2.636123 1.404876 1.443272 1.372831 0.584852
 2.300000 2.649070 1.277045 1.494524 1.350141 1.079211
 2.400000 2.704389 1.357123 1.433958 1.327501 4.884088
 2.500000 2.656118 1.309639 1.453873 1.306346 1.411469
 2.600000 2.657086 1.354551 1.405488 1.380121 1.460617
 2.700000 2.586829 1.345940 1.443888 1.305143 0.077747
 2.800000 2.651457 1.359426 1.432284 1.356291 1.186743
 2.900000 2.660232 1.303156 1.443518 1.351052 1.626030
 3.000000 2.677955 1.338298 1.492993 1.297422 2.723701
 3.100000 2.678176 1.369462 1.440247 1.344786 2.739194
 3.200000 2.603270 1.292489 1.480340 1.369976 0.004792
 3.300000 2.634622 1.402630 1.427266 1.325714 0.537236
 3.400000 2.634791 1.321062 1.450232 1.325337 0.542496
 3.500000 2.670039 1.319214 1.444836 1.366598 2.198620
 3.600000 2.655628 1.344513 1.515227 1.317887 1.386940
 3.700000 2.652906 1.341994 1.450477 1.344004 1.254509
 3.800000 2.654964 1.326703 1.454206 1.340441 1.354052
 3.900000 2.641720 1.334204 1.355398 1.326959 0.780123
 4.000000 2.648749 1.347088 1.432862 1.335941 1.065132
 4.100000 2.605238 1.333008 1.443251 1.351828 0.012296
 4.200000 2.644821 1.378912 1.526178 1.337332 0.900392
 4.300000 2.697307 1.299163 1.471476 1.328643 4.243885
 4.400000 2.682420 1.324295 1.471800 1.332406 3.044616
 4.500000 2.643552 1.354467 1.434246 1.316728 0.850153
 4.600000 2.606873 1.343389 1.455787 1.386972 0.021172
 4.700000 2.597577 1.330911 1.434224 1.320235 0.002631
 4.800000 2.678836 1.360466 1.428751 1.323523 2.785649
 4.900000 2.633449 1.295446 1.488621 1.341435 0.501450
 5.000000 2.674452 1.367856 1.461283 1.337878 2.484446
 5.100000 2.629614 1.325366 1.484656 1.337515 0.393078
 5.200000 2.648307 1.314310 1.392148 1.340003 1.045911
 5.300000 2.680392 1.366728 1.426759 1.311074 2.896627
 5.400000 2.617572 1.320417 1.444047 1.351345 0.138397
 5.500000 2.643512 1.351278 1.499106 1.354319 0.848580
 5.600000 2.670293 1.345979 1.442134 1.314004 2.214577
 5.700000 2.657075 1.335408 1.457569 1.334766 1.460053
 5.800000 2.621291 1.318280 1.419642 1.361070 0.203175
 5.900000 2.621894 1.389742 1.429012 1.332071 0.214843
 6.000000 2.622495 1.323477 1.423155 1.336843 0.226808
 6.100000 2.684279 1.332345 1.452904 1.351990 3.183541
 6.200000 2.653379 1.340734 1.498503 1.305872 1.277057
 6.300000 2.676904 1.335605 1.483136 1.368007 2.650771
 6.400000 2.631273 1.338328 1.442564 1.325644 0.438336
 6.500000 2.644418 1.339060 1.381828 1.334768 0.884293
 6.600000 2.631081 1.323167 1.418073 1.356384 0.432961
 6.700000 2.624257 1.370180 1.486716 1.342129 0.263713
 6.800000 2.661604 1.327406 1.474897 1.336157 1.700953
 6.900000 2.699066 1.309335 1.466318 1.325680 4.398706
 7.000000 2.642338 1.344641 1.455197 1.334992 0.803411
 7.100000 2.590903 1.350655 1.484539 1.359781 0.037092
 7.200000 2.637988 1.358455 1.412355 1.353344 0.646786
 7.300000 2.633237 1.308636 1.412541 1.316802 0.495122
 7.400000 2.684350 1.350957 1.438571 1.324713 3.188943
 7.500000 2.642810 1.333015 1.497187 1.319797 0.821404
 7.600000 2.658504 1.357572 1.521385 1.376056 1.534041
 7.700000 2.635127 1.320379 1.419827 1.316251 0.553052
 7.800000 2.661203 1.341194 1.396560 1.338601 1.678897
 7.900000 2.609799 1.346683 1.417861 1.323560 0.043035
 8.000000 2.629757 1.341906 1.515106 1.378104 0.396861
 8.100000 2.682071 1.334013 1.477280 1.322386 3.018902
 8.200000 2.707860 1.313805 1.541255 1.301594 5.214233
 8.300000 2.641296 1.334653 1.445688 1.343283 0.764332
 8.400000 2.616883 1.347251 1.466581 1.352844 0.127755
 8.500000 2.631319 1.342885 1.397389 1.336964 0.439627
 8.600000 2.635767 1.327371 1.422431 1.336045 0.573375
 8.700000 2.679886 1.348349 1.454638 1.317558 2.860293
 8.800000 2.667903 1.296587 1.514028 1.328912 2.066561
 8.900000 2.675923 1.350259 1.483792 1.368349 2.583577
 9.000000 2.641410 1.332327 1.454748 1.284154 0.768559
 9.100000 2.641842 1.348398 1.448536 1.368192 0.784676
 9.200000 2.589479 1.323317 1.429239 1.361758 0.049614
 9.300000 2.637152 1.397533 1.457303 1.323134 0.618621
 9.400000 2.687510 1.319341 1.413475 1.337317 3.432338
 9.500000 2.671849 1.305046 1.531775 1.339398 2.313703
 9.600000 2.660501 1.361030 1.453815 1.342113 1.640557
 9.700000 2.635697 1.338977 1.477741 1.329573 0.571129
 9.800000 2.657040 1.340682 1.359293 1.348869 1.458258
 9.900000 2.621137 1.322007 1.432232 1.326593 0.200241
 10.000000 2.646658 1.366167 1.424680 1.368365 0.975723
 10.100000 2.647885 1.332764 1.511380 1.320428 1.027697
 10.200000 2.666087 1.334172 1.428496 1.341426 1.957537
 10.300000 2.662099 1.321935 1.468127 1.328681 1.728405
 10.400000 2.624658 1.358185 1.470676 1.343987 0.272520
 10.500000 2.626994 1.357225 1.459781 1.360755 0.326584
 10.600000 2.647033 1.309898 1.438369 1.329735 0.991455
 10.700000 2.675053 1.349020 1.418932 1.325057 2.524690
 10.800000 2.648709 1.324007 1.480671 1.336693 1.063383
 10.900000 2.648195 1.378324 1.445861 1.351357 1.041067
 11.000000 2.627446 1.328007 1.457565 1.330873 0.337618
 11.100000 2.669672 1.330812 1.376348 1.356456 2.175637
 11.200000 2.629755 1.357324 1.443269 1.306530 0.396823
 11.300000 2.647220 1.340978 1.444493 1.366712 0.999344
 11.400000 2.646781 1.328703 1.492161 1.344537 0.980868
 11.500000 2.653179 1.338560 1.457595 1.324165 1.267490
 11.600000 2.665631 1.360313 1.472627 1.334039 1.930562
 11.700000 2.614405 1.307470 1.444191 1.346013 0.093007
 11.800000 2.643102 1.381034 1.418980 1.353124 0.832670
 11.900000 2.622581 1.331374 1.388618 1.314334 0.228530
 12.000000 2.669311 1.331490 1.440764 1.351251 2.153162
 12.100000 2.656412 1.329309 1.460322 1.326224 1.426314
 12.200000 2.661948 1.351306 1.479063 1.348754 1.719968
 12.300000 2.670894 1.333560 1.446754 1.319323 2.252605
 12.400000 2.633371 1.327014 1.438488 1.340629 0.499135
 12.500000 2.641926 1.355612 1.426736 1.349112 0.787839
 12.600000 2.627320 1.336259 1.462405 1.333977 0.334531
 12.700000 2.650721 1.326803 1.463622 1.337204 1.153049
 12.800000 2.664274 1.340400 1.472263 1.335597 1.851580
 12.900000 2.628784 1.323747 1.500860 1.344199 0.371337
 13.000000 2.656056 1.352297 1.434931 1.346014 1.408365
 13.100000 2.646176 1.329911 1.423178 1.322605 0.955644
 13.200000 2.634749 1.331888 1.397297 1.340927 0.541197
 13.300000 2.636082 1.339914 1.463901 1.355935 0.583522
 13.400000 2.650381 1.351854 1.451065 1.318447 1.137660
 13.500000 2.682333 1.324833 1.499812 1.334202 3.038231
 13.600000 2.673577 1.298095 1.427462 1.349143 2.426345
 13.700000 2.640660 1.356092 1.469128 1.325987 0.740982
 13.800000 2.611482 1.353576 1.418731 1.343266 0.059090
 13.900000 2.638610 1.332184 1.449332 1.353837 0.668150
 14.000000 2.648702 1.331018 1.448879 1.318501 1.063064
 14.100000 2.669369 1.348724 1.501043 1.343225 2.156790
 14.200000 2.627207 1.342250 1.494717 1.338645 0.331759
 14.300000 2.686174 1.324245 1.460063 1.337046 3.328317
 14.400000 2.655558 1.316671 1.438372 1.319982 1.383461
 14.500000 2.641267 1.346403 1.429011 1.354842 0.763280
 14.600000 2.599219 1.360909 1.447314 1.336400 0.000273
 14.700000 2.642994 1.335090 1.446848 1.358567 0.828500
 14.800000 2.652970 1.301681 1.474974 1.347653 1.257574
 14.900000 2.662660 1.358577 1.477573 1.302490 1.759774
 15.000000 2.661451 1.335994 1.499762 1.347757 1.692503
 15.100000 2.619584 1.319882 1.445738 1.367886 0.171902
 15.200000 2.631160 1.380692 1.408993 1.313753 0.435172
 15.300000 2.638172 1.338853 1.419094 1.337762 0.653064
 15.400000 2.654017 1.327702 1.488291 1.366509 1.307779
 15.500000 2.681929 1.340507 1.498211 1.320605 3.008472
 15.600000 2.681067 1.322516 1.471541 1.314793 2.945471
 15.700000 2.652075 1.325445 1.423645 1.329643 1.215452
 15.800000 2.599126 1.372754 1.424183 1.363346 0.000342
 15.900000 2.582072 1.348194 1.430711 1.350582 0.144059
 16.000000 2.662870 1.321068 1.461394 1.345544 1.771579
 16.100000 2.685508 1.342279 1.470599 1.302261 3.277084
 16.200000 2.659161 1.322566 1.501954 1.344828 1.568722
 16.300000 2.678915 1.323161 1.487242 1.358489 2.791169
 16.400000 2.625522 1.353321 1.444168 1.300609 0.291941
 16.500000 2.649270 1.331194 1.385014 1.352558 1.088029
 16.600000 2.616086 1.320890 1.430969 1.357122 0.115973
 16.700000 2.650378 1.365664 1.482020 1.331166 1.137522
 16.800000 2.664012 1.334148 1.466714 1.337897 1.836496
 16.900000 2.693141 1.298605 1.453281 1.325448 3.888263
 17.000000 2.681591 1.345077 1.443842 1.314253 2.983727
 17.100000 2.592797 1.345349 1.473959 1.359891 0.023254
 17.200000 2.608852 1.353911 1.428607 1.376214 0.035118
 17.300000 2.629446 1.335450 1.434250 1.309128 0.388619
 17.400000 2.664786 1.333153 1.411354 1.345654 1.881178
 17.500000 2.658676 1.315637 1.504774 1.337003 1.543103
 17.600000 2.669234 1.371560 1.480688 1.329785 2.148359
 17.700000 2.643239 1.328479 1.500129 1.339591 0.837943
 17.800000 2.643198 1.325968 1.408424 1.355719 0.836380
 17.900000 2.618030 1.376138 1.418569 1.333027 0.145707
 18.000000 2.632234 1.337737 1.448887 1.345528 0.465686
 18.100000 2.649550 1.326877 1.432388 1.358338 1.100429
 18.200000 2.683520 1.330752 1.455720 1.286638 3.126457
 18.300000 2.683600 1.341885 1.468342 1.360359 3.132427
 18.400000 2.591810 1.339404 1.511823 1.333404 0.030066
 18.500000 2.658538 1.368686 1.425242 1.359185 1.535833
 18.600000 2.614909 1.298059 1.448327 1.321352 0.099627
 18.700000 2.658518 1.357957 1.418260 1.339055 1.534796
 18.800000 2.655918 1.342570 1.480755 1.328972 1.401437
 18.900000 2.650330 1.323808 1.457089 1.346778 1.135348
 19.000000 2.693980 1.347434 1.450191 1.330107 3.958646
 19.100000 2.621423 1.323535 1.419102 1.303244 0.205694
 19.200000 2.639135 1.364023 1.419647 1.397288 0.686453
 19.300000 2.629515 1.326529 1.478565 1.313971 0.390431
 19.400000 2.701959 1.360002 1.441894 1.329892 4.659314
 19.500000 2.669296 1.289175 1.475300 1.320384 2.152197
 19.600000 2.659889 1.372131 1.454179 1.365162 1.607529
 19.700000 2.560812 1.346931 1.466989 1.325080 0.688313
 19.800000 2.635208 1.361010 1.405048 1.388184 0.555576
 19.900000 2.621481 1.316941 1.414279 1.315267 0.206815
 20.000000 2.693546 1.334382 1.462010 1.326407 3.922108
 20.100000 2.660054 1.342227 1.506769 1.342733 1.616439
 20.200000 2.645063 1.338010 1.501370 1.338274 0.910129
 20.300000 2.690090 1.332969 1.450487 1.327932 3.637670
 20.400000 2.607768 1.323288 1.398579 1.329176 0.027046
 20.500000 2.635879 1.355468 1.415094 1.371787 0.576977
 20.600000 2.610682 1.335847 1.468630 1.321034 0.051138
 20.700000 2.675558 1.338796 1.473337 1.356977 2.558809
 20.800000 2.704199 1.310700 1.500368 1.323594 4.866278
 20.900000 2.663617 1.331764 1.489413 1.316420 1.813905
 21.000000 2.632616 1.370815 1.440267 1.350178 0.476806
 21.100000 2.585068 1.324869 1.418601 1.374223 0.099933
 21.200000 2.628783 1.361510 1.399207 1.326968 0.371326
 21.300000 2.672224 1.325923 1.471185 1.326064 2.337942
 21.400000 2.676231 1.326683 1.456758 1.348213 2.604560
 21.500000 2.670652 1.330701 1.522852 1.307029 2.237303
 21.600000 2.650578 1.332555 1.429003 1.353333 1.146546
 21.700000 2.592111 1.338869 1.442318 1.336870 0.027893
 21.800000 2.645917 1.357971 1.423717 1.349244 0.944972
 21.900000 2.641407 1.330939 1.460239 1.327468 0.768457
 22.000000 2.674144 1.301364 1.483124 1.341869 2.463935
 22.100000 2.683576 1.387189 1.464305 1.343797 3.130658
 22.200000 2.627198 1.314390 1.492387 1.302660 0.331554
 22.300000 2.668311 1.332069 1.435290 1.382205 2.091465
 22.400000 2.620920 1.345530 1.452381 1.310062 0.196160
 22.500000 2.655889 1.350735 1.421137 1.340203 1.399979
 22.600000 2.659008 1.292015 1.478578 1.364197 1.560595
 22.700000 2.653029 1.371578 1.459192 1.308348 1.260384
 22.800000 2.688672 1.347582 1.496252 1.327870 3.524060
 22.900000 2.645338 1.304699 1.446396 1.335994 0.921279
 23.000000 2.631112 1.373788 1.442149 1.339249 0.433829
 23.100000 2.606112 1.336255 1.429466 1.337837 0.016742
 23.200000 2.662745 1.340686 1.436926 1.364179 1.764513
 23.300000 2.661706 1.323819 1.475925 1.285757 1.706594
 23.400000 2.721331 1.323092 1.446127 1.363837 6.598009
 23.500000 2.647091 1.304927 1.477344 1.336866 0.993897
 23.600000 2.633614 1.389274 1.440021 1.318661 0.506412
 23.700000 2.611351 1.330323 1.440505 1.368280 0.057748
 23.800000 2.644463 1.329347 1.432471 1.356474 0.886084
 23.900000 2.673029 1.370126 1.446865 1.292757 2.390369
 24.000000 2.663180 1.310617 1.478739 1.356007 1.789099
 24.100000 2.647610 1.322356 1.470875 1.358968 1.015953
 24.200000 2.655201 1.362691 1.460892 1.306539 1.365740
 24.300000 2.629358 1.329043 1.447200 1.361149 0.386308
 24.400000 2.635951 1.330805 1.454654 1.347285 0.579300
 24.500000 2.674464 1.373531 1.423001 1.321935 2.485191
 24.600000 2.641554 1.274336 1.461123 1.342193 0.773911
 24.700000 2.692005 1.371468 1.442943 1.335847 3.793966
 24.800000 2.618251 1.358141 1.493666 1.310522 0.149301
 24.900000 2.630852 1.329468 1.431247 1.380776 0.426617
 25.000000 2.648329 1.347139 1.436113 1.324163 1.046842
 25.100000 2.644144 1.355835 1.445751 1.323166 0.873403
 25.200000 2.691195 1.304576 1.464419 1.367801 3.727474
 25.300000 2.668624 1.334529 1.481406 1.307951 2.110701
 25.400000 2.672169 1.369622 1.419983 1.324783 2.334358
 25.500000 2.630515 1.305841 1.422907 1.357691 0.417349
 25.600000 2.627869 1.366333 1.428508 1.334217 0.348106
 25.700000 2.622608 1.334347 1.469250 1.324995 0.229077
 25.800000 2.677069 1.327058 1.464925 1.387816 2.662111
 25.900000 2.646472 1.330357 1.496415 1.297961 0.967949
 26.000000 2.680775 1.358604 1.470065 1.349873 2.924306
 26.100000 2.612641 1.318629 1.440787 1.357828 0.071625
 26.200000 2.645873 1.353169 1.427611 1.318495 0.943148
 26.300000 2.665016 1.339745 1.440310 1.344863 1.894564
 26.400000 2.626276 1.313976 1.480122 1.350082 0.309455
 26.500000 2.704755 1.376318 1.445358 1.334328 4.918365
 26.600000 2.622291 1.307594 1.439431 1.306219 0.222697
 26.700000 2.661354 1.329572 1.428065 1.373584 1.687170
 26.800000 2.621258 1.354665 1.449167 1.319989 0.202552
 26.900000 2.637327 1.345039 1.470482 1.353088 0.624470
 27.000000 2.658781 1.321175 1.457054 1.331764 1.548598
 27.100000 2.660679 1.338219 1.458180 1.324119 1.650232
 27.200000 2.625707 1.337654 1.433393 1.358379 0.296194
 27.300000 2.644890 1.343584 1.477521 1.361865 0.903193
 27.400000 2.648986 1.325784 1.416066 1.308388 1.075528
 27.500000 2.687370 1.319779 1.454156 1.345997 3.421329
 27.600000 2.628620 1.348726 1.444172 1.345806 0.367128
 27.700000 2.624603 1.365902 1.493120 1.338387 0.271291
 27.800000 2.671930 1.309520 1.438473 1.349105 2.318980
 27.900000 2.656062 1.331186 1.428788 1.326375 1.408676
 28.000000 2.668098 1.353770 1.420390 1.318891 2.078442
 28.100000 2.647062 1.317603 1.481985 1.347495 0.992687
 28.200000 2.645167 1.342509 1.450852 1.349599 0.914370
 28.300000 2.652731 1.351329 1.448126 1.320657 1.246241
 28.400000 2.629046 1.326764 1.415925 1.361024 0.378144
 28.500000 2.648701 1.326992 1.424722 1.325854 1.063025
 28.600000 2.659582 1.345774 1.493763 1.326795 1.591140
 28.700000 2.646316 1.321460 1.471312 1.355142 0.961462
 28.800000 2.663415 1.347231 1.525498 1.333470 1.802401
 28.900000 2.627450 1.335080 1.419018 1.318492 0.337715
 29.000000 2.640998 1.336379 1.430025 1.367715 0.753364
 29.100000 2.636692 1.342739 1.408806 1.311255 0.603409
 29.200000 2.646809 1.353922 1.505320 1.346871 0.982050
 29.300000 2.679405 1.318014 1.435839 1.344929 2.826004
 29.400000 2.668560 1.347132 1.451239 1.309849 2.106747
 29.500000 2.653613 1.325394 1.418032 1.346216 1.288296
 29.600000 2.605859 1.352820 1.445186 1.365455 0.015383
 29.700000 2.609877 1.363054 1.457675 1.329782 0.043723
 29.800000 2.682183 1.323323 1.480764 1.327552 3.027181
 29.900000 2.651642 1.309452 1.482023 1.333296 1.195322
 30.000000 2.666860 1.354488 1.452459 1.336271 2.003582
 30.100000 2.619705 1.335701 1.444446 1.337652 0.174035
 30.200000 2.624722 1.325646 1.393739 1.351245 0.273930
 30.300000 2.650704 1.375497 1.443961 1.320936 1.152267
 30.400000 2.656353 1.322782 1.452044 1.352462 1.423337
 30.500000 2.673004 1.335595 1.471924 1.330647 2.388736
 30.600000 2.666084 1.335893 1.419514 1.316917 1.957322
 30.700000 2.630359 1.342456 1.442627 1.351768 0.413084
 30.800000 2.621176 1.346530 1.450875 1.358359 0.200983
 30.900000 2.633077 1.340567 1.474091 1.324614 0.490370
 31.000000 2.651918 1.336966 1.451655 1.348494 1.208120
 31.100000 2.644886 1.331882 1.503232 1.328748 0.903028
 31.200000 2.629233 1.357288 1.481897 1.349535 0.383030
 31.300000 2.655562 1.331887 1.459033 1.350343 1.383658
 31.400000 2.659999 1.337922 1.404199 1.316730 1.613440
 31.500000 2.670054 1.320424 1.415083 1.338047 2.199587
 31.600000 2.624863 1.347618 1.429395 1.351495 0.277057
 31.700000 2.627998 1.364297 1.473845 1.358294 0.351344
 31.800000 2.681771 1.320220 1.457576 1.323125 2.996921
 31.900000 2.667069 1.319938 1.464045 1.335878 2.016144
 32.000000 2.631161 1.340453 1.465320 1.336971 0.435204
 32.100000 2.627746 1.356510 1.484311 1.353318 0.345050
 32.200000 2.646678 1.313233 1.438046 1.315489 0.976567
 32.300000 2.667827 1.319657 1.427811 1.344173 2.061926
 32.400000 2.638907 1.346355 1.459964 1.338526 0.678461
 32.500000 2.645312 1.341826 1.462433 1.328794 0.920237
 32.600000 2.674021 1.338483 1.438269 1.346531 2.455724
 32.700000 2.640313 1.327884 1.419236 1.319633 0.728402
 32.800000 2.678040 1.336023 1.438414 1.364991 2.729624
 32.900000 2.617734 1.344959 1.432685 1.308586 0.140960
 33.000000 2.677245 1.327391 1.422006 1.349563 2.674325
 33.100000 2.652042 1.333322 1.445867 1.319131 1.213896
 33.200000 2.618316 1.345033 1.500239 1.356367 0.150354
 33.300000 2.638810 1.358829 1.465189 1.349602 0.675081
 33.400000 2.648815 1.330078 1.436870 1.316968 1.068033
 33.500000 2.674904 1.309163 1.453980 1.329928 2.514700
 33.600000 2.636086 1.368107 1.463858 1.359040 0.583631
 33.700000 2.621841 1.346815 1.502590 1.347078 0.213799
 33.800000 2.670617 1.320330 1.432638 1.331413 2.235053
 33.900000 2.664016 1.335668 1.443616 1.351465 1.836761
 34.000000 2.654406 1.327155 1.416370 1.317683 1.326655
 34.100000 2.667305 1.339442 1.468217 1.350713 2.030303
 34.200000 2.627044 1.328715 1.407312 1.324808 0.327809
 34.300000 2.644019 1.338687 1.452185 1.353081 0.868473
 34.400000 2.612305 1.337478 1.441894 1.334911 0.067866
 34.500000 2.649775 1.353488 1.480653 1.329130 1.110434
 34.600000 2.663345 1.313618 1.464054 1.334487 1.798456
 34.700000 2.658438 1.334391 1.456051 1.331578 1.530588
 34.800000 2.655916 1.352445 1.459446 1.323476 1.401347
 34.900000 2.629810 1.343060 1.437675 1.357103 0.398295
 35.000000 2.653479 1.321860 1.414346 1.349987 1.281839
 35.100000 2.652745 1.346779 1.442890 1.314777 1.246885
 35.200000 2.634417 1.347103 1.490743 1.354681 0.530904
 35.300000 2.663646 1.327682 1.442864 1.345832 1.815590
 35.400000 2.663794 1.347244 1.424524 1.314913 1.824040
 35.500000 2.628246 1.308647 1.402859 1.328555 0.357591
 35.600000 2.617615 1.364992 1.474959 1.378895 0.139076
 35.700000 2.599797 1.359996 1.473266 1.321728 0.000019
 35.800000 2.673739 1.323116 1.515299 1.359783 2.437059
 35.900000 2.680161 1.323605 1.440269 1.317305 2.880013
 36.000000 2.659427 1.345240 1.448091 1.309914 1.582866
 36.100000 2.630819 1.333975 1.393927 1.379694 0.425705
 36.200000 2.600551 1.366507 1.434934 1.326548 0.000136
 36.300000 2.679970 1.346394 1.434456 1.332807 2.866314
 36.400000 2.691882 1.310603 1.482291 1.335079 3.783872
 36.500000 2.656110 1.343892 1.470508 1.340344 1.411068
 36.600000 2.652472 1.358346 1.484527 1.314551 1.234039
 36.700000 2.620840 1.317473 1.431916 1.364624 0.194665
 36.800000 2.639831 1.349891 1.425999 1.323349 0.711077
 36.900000 2.623627 1.375089 1.435732 1.330191 0.250191
 37.000000 2.629234 1.307080 1.472328 1.363925 0.383048
 37.100000 2.652904 1.351046 1.481134 1.335977 1.254455
 37.200000 2.672944 1.351521 1.461208 1.319026 2.384787
 37.300000 2.656910 1.291342 1.449923 1.351739 1.451596
 37.400000 2.675222 1.384552 1.390692 1.345899 2.536059
 37.500000 2.595168 1.330543 1.419979 1.319628 0.010465
 37.600000 2.628611 1.345929 1.480756 1.408341 0.366883
 37.700000 2.644371 1.343572 1.506433 1.289807 0.882409
 37.800000 2.696673 1.345492 1.484260 1.340527 4.188689
 37.900000 2.667258 1.294634 1.453233 1.334091 2.027483
 38.000000 2.633954 1.385890 1.436209 1.346738 0.516715
 38.100000 2.636109 1.331461 1.407173 1.308121 0.584406
 38.200000 2.674804 1.319872 1.457986 1.370337 2.507983
 38.300000 2.627096 1.346826 1.427078 1.324108 0.329072
 38.400000 2.647116 1.349360 1.482337 1.339653 0.994965
 38.500000 2.683050 1.323713 1.450768 1.342425 3.091346
 38.600000 2.658676 1.337029 1.456972 1.318385 1.543076
 38.700000 2.655666 1.349266 1.415500 1.332447 1.388863
 38.800000 2.594555 1.333106 1.431528 1.344758 0.013290
 38.900000 2.643009 1.369870 1.476803 1.346173 0.829082
 39.000000 2.664406 1.311100 1.454427 1.325765 1.859167
 39.100000 2.661051 1.325113 1.463753 1.334424 1.670554
 39.200000 2.678568 1.338382 1.421989 1.330233 2.766699
 39.300000 2.600577 1.340601 1.471741 1.343802 0.000149
 39.400000 2.648193 1.343414 1.442278 1.348747 1.040984
 39.500000 2.653824 1.330328 1.471788 1.328210 1.298423
 39.600000 2.659254 1.342641 1.431057 1.333658 1.573644
 39.700000 2.612629 1.314746 1.456694 1.348388 0.071481
 39.800000 2.646854 1.375481 1.457085 1.358016 0.983915
 39.900000 2.645824 1.329546 1.465944 1.314675 0.941142
 40.000000 2.666628 1.334435 1.438548 1.349612 1.989675
 40.100000 2.635952 1.316398 1.447036 1.329088 0.579330
 40.200000 2.641687 1.372752 1.490452 1.338793 0.778873
 40.300000 2.604662 1.328293 1.465896 1.348341 0.009741
 40.400000 2.637467 1.342073 1.478519 1.347209 0.629160
 40.500000 2.680492 1.332881 1.427480 1.321973 2.903862
 40.600000 2.644232 1.323639 1.442980 1.332720 0.876894
 40.700000 2.664288 1.347877 1.428765 1.337680 1.852359
 40.800000 2.668973 1.326922 1.472928 1.325505 2.132224
 40.900000 2.677538 1.330959 1.472912 1.354813 2.694612
 41.000000 2.643086 1.331430 1.478203 1.316816 0.832038
 41.100000 2.640436 1.375875 1.418634 1.353574 0.732846
 41.200000 2.643540 1.303236 1.433634 1.339593 0.849651
 41.300000 2.646949 1.341857 1.434224 1.331990 0.987915
 41.400000 2.636795 1.338108 1.455528 1.331695 0.606794
 41.500000 2.631797 1.346646 1.492674 1.355421 0.453150
 41.600000 2.621171 1.351709 1.457112 1.343652 0.200887
 41.700000 2.657904 1.329039 1.450755 1.332673 1.502771
 41.800000 2.676254 1.327721 1.440939 1.334900 2.606112
 41.900000 2.635578 1.337656 1.446170 1.326289 0.567328
 42.000000 2.646125 1.346195 1.434732 1.367811 0.953561
 42.100000 2.643095 1.323458 1.436171 1.313651 0.832378
 42.200000 2.677082 1.363069 1.435551 1.334167 2.663012
 42.300000 2.651354 1.286874 1.457009 1.340855 1.182022
 42.400000 2.671507 1.363044 1.477588 1.332377 2.291764
 42.500000 2.639067 1.346455 1.474929 1.324095 0.684050
 42.600000 2.629454 1.339432 1.455484 1.358617 0.388826
 42.700000 2.648915 1.324697 1.429803 1.323788 1.072416
 42.800000 2.655129 1.342015 1.435117 1.337544 1.362160
 42.900000 2.612678 1.331619 1.475729 1.353172 0.072036
 43.000000 2.614734 1.360269 1.482362 1.351718 0.097298
 43.100000 2.650142 1.333058 1.473115 1.349552 1.126878
 43.200000 2.664416 1.321917 1.399551 1.314914 1.859773
 43.300000 2.680126 1.343440 1.414143 1.330314 2.877558
 43.400000 2.656779 1.309621 1.431033 1.333555 1.444919
 43.500000 2.637630 1.368355 1.454747 1.363709 0.634650
 43.600000 2.629032 1.328547 1.469482 1.324276 0.377781
 43.700000 2.690594 1.349975 1.444491 1.348513 3.678490
 43.800000 2.671758 1.299064 1.440685 1.317932 2.307876
 43.900000 2.670719 1.369224 1.446580 1.348732 2.241527
 44.000000 2.613226 1.314293 1.463098 1.332956 0.078408
 44.100000 2.668546 1.352106 1.466198 1.350659 2.105891
 44.200000 2.613845 1.317105 1.477779 1.309639 0.085918
 44.300000 2.640190 1.347494 1.482447 1.362210 0.723945
 44.400000 2.617042 1.341271 1.464773 1.349797 0.130169
 44.500000 2.637617 1.344626 1.427223 1.325982 0.634233
 44.600000 2.682683 1.309171 1.446291 1.347297 3.064082
 44.700000 2.649619 1.337747 1.483774 1.303232 1.103472
 44.800000 2.667616 1.363355 1.495073 1.350642 2.049118
 44.900000 2.659748 1.308831 1.478624 1.336981 1.599994
 45.000000 2.651340 1.362911 1.419975 1.323896 1.181384
 45.100000 2.644001 1.310477 1.424938 1.330111 0.867752
 45.200000 2.653387 1.346721 1.437607 1.374457 1.277452
 45.300000 2.624749 1.333614 1.484241 1.302919 0.274532
 45.400000 2.679170 1.341453 1.482416 1.367092 2.809261
 45.500000 2.635258 1.306657 1.464594 1.320225 0.557163
 45.600000 2.648410 1.362499 1.453060 1.336573 1.050354
 45.700000 2.610203 1.328478 1.462637 1.355918 0.046660
 45.800000 2.638864 1.346042 1.436332 1.343001 0.676973
 45.900000 2.697032 1.340946 1.431052 1.309750 4.219938
 46.000000 2.682290 1.297678 1.445622 1.341253 3.035085
 46.100000 2.682518 1.339545 1.456607 1.370045 3.051892
 46.200000 2.620272 1.359740 1.467626 1.300440 0.184187
 46.300000 2.651595 1.349136 1.405927 1.381750 1.193110
 46.400000 2.637035 1.302279 1.412560 1.314899 0.614743
 46.500000 2.682507 1.388526 1.384663 1.326532 3.051086
 46.600000 2.632134 1.302901 1.476339 1.337175 0.462803
 46.700000 2.650718 1.357754 1.474504 1.361441 1.152927
 46.800000 2.639932 1.351419 1.459965 1.318167 0.714696
 46.900000 2.626750 1.321119 1.451400 1.343928 0.320723
 47.000000 2.637388 1.350401 1.445419 1.359043 0.626523
 47.100000 2.651788 1.346138 1.462265 1.319549 1.202056
 47.200000 2.682878 1.304708 1.444189 1.345879 3.078574
 47.300000 2.690092 1.354198 1.468552 1.309922 3.637824
 47.400000 2.627889 1.361413 1.474964 1.338601 0.348613
 47.500000 2.626168 1.335945 1.429605 1.382039 0.306916
 47.600000 2.646550 1.345087 1.380215 1.324087 0.971185
 47.700000 2.640798 1.337619 1.423913 1.317987 0.746033
 47.800000 2.666718 1.331480 1.446933 1.363074 1.995093
 47.900000 2.669029 1.336910 1.503584 1.339582 2.135701
 48.000000 2.665973 1.335545 1.502205 1.303295 1.950761
 48.100000 2.674451 1.339539 1.477141 1.363074 2.484335
 48.200000 2.592502 1.335258 1.452747 1.330497 0.025200
 48.300000 2.628410 1.360360 1.430410 1.359170 0.361759
 48.400000 2.649053 1.321869 1.406448 1.337695 1.078452
 48.500000 2.648058 1.325992 1.439745 1.310306 1.035140
 48.600000 2.674690 1.356284 1.443806 1.366990 2.500348
 48.700000 2.618443 1.326269 1.504470 1.337533 0.152447
 48.800000 2.703532 1.357550 1.410820 1.337444 4.804179
 48.900000 2.646697 1.316926 1.417280 1.311750 0.977329
 49.000000 2.641623 1.341795 1.423481 1.367588 0.776483
 49.100000 2.661465 1.331427 1.473979 1.316601 1.693295
 49.200000 2.664951 1.341500 1.485661 1.336238 1.890764
 49.300000 2.671235 1.310177 1.508658 1.337491 2.274365
 49.400000 2.635698 1.346468 1.501129 1.333670 0.571170
 49.500000 2.588956 1.366404 1.450198 1.362103 0.054667
 49.600000 2.629346 1.320752 1.425338 1.327936 0.385988
 49.700000 2.660356 1.340778 1.393100 1.351885 1.632714
 49.800000 2.642240 1.313857 1.487548 1.302951 0.799674
 49.900000 2.691262 1.370976 1.485644 1.382998 3.732988
 50.000000 2.646125 1.310384 1.494204 1.305841 0.953572
